VRPTEST 1.0
COMMENT: descr: Modified tsplib for the OBP
COMMENT: Best known objective: 766.631
COMMENT: Computational time (s): 0.173164
NAME: c79_4d3e
NUM_CAPACITIES: 1
NUM_VISITS: 79
NUM_VEHICLES: 5
CAPACITIES: 4
DATA_SECTION
DEPOTS
  0
  1
VISIT_LOCATION_SECTION
  2 116
  3 47
  4 136
  5 23
  6 166
  7 197
  8 184
  9 204
  10 13
  11 9
  12 72
  13 24
  14 20
  15 179
  16 64
  17 45
  18 121
  19 139
  20 35
  21 177
  22 163
  23 173
  24 202
  25 109
  26 130
  27 61
  28 16
  29 12
  30 172
  31 92
  32 168
  33 108
  34 102
  35 46
  36 53
  37 73
  38 152
  39 151
  40 29
  41 79
  42 77
  43 56
  44 157
  45 119
  46 26
  47 57
  48 113
  49 19
  50 201
  51 22
  52 85
  53 36
  54 112
  55 131
  56 75
  57 147
  58 206
  59 59
  60 174
  61 146
  62 154
  63 74
  64 160
  65 127
  66 126
  67 65
  68 51
  69 18
  70 101
  71 84
  72 188
  73 182
  74 153
  75 198
  76 82
  77 183
  78 171
  79 148
  80 43
COMMENT: TIMESTEP: 1
ORDERS_SECTION
  1 2 3 4
  2 5 6 7 8 9 10 11
  3 12 13 14 15 16 17 18 19
  4 20 21 22 23 24
  5 25 26
  6 27 28 29 30 31 32 33
  7 34 35 36 37 38 39 40 41 42
  8 43 44 45
  9 46 47 48
  10 49 50 51 52 53 54
  11 55 56
  12 57 58 59 60 61 62
  13 63 64 65 66 67
  14 68 69 70 71
  15 72
  16 73 74 75 76
  17 77 78 79
  18 80
TIME_AVAIL_SECTION
  1 1
  2 1
  3 1
  4 1
  5 1
  6 1
  7 1
  8 1
  9 1
  10 1
  11 1
  12 1
  13 1
  14 1
  15 1
  16 1
  17 1
  18 1
EOF
