VRPTEST 1.0
COMMENT: descr: Modified tsplib for the OBP
COMMENT: Best known objective: 1158.0
COMMENT: Computational time (s): 0.077
NAME: c96_20b7
NUM_DEPOTS: 2
NUM_CAPACITIES: 1
NUM_VISITS: 96
NUM_LOCATIONS: 186
NUM_VEHICLES: 4
CAPACITIES: 8
DATA_SECTION
DEPOTS
  0
  1
LOCATION_COORD_SECTION
  0 5 30
  1 5 15
  2 44 16
  3 36 16
  4 20 20
  5 26 20
  6 20 28
  7 24 16
  8 36 24
  9 36 28
  10 54 24
  11 36 12
  12 32 20
  13 60 24
  14 50 12
  15 42 12
  16 48 24
  17 54 16
  18 24 20
  19 38 24
  20 44 28
  21 44 20
  22 36 20
  23 48 16
  24 24 24
  25 32 16
  26 38 20
  27 38 28
  28 20 24
  29 30 24
  30 28 69
  31 24 61
  32 32 67
  33 24 49
  34 24 45
  35 28 57
  36 24 43
  37 24 63
  38 24 55
  39 28 39
  40 24 39
  41 32 61
  42 28 43
  43 24 51
  44 28 45
  45 24 67
  46 24 69
  47 32 63
  48 28 67
  49 28 55
  50 32 57
  51 28 61
  52 28 49
  53 28 63
  54 44 39
  55 48 49
  56 56 51
  57 48 63
  58 44 51
  59 44 45
  60 44 63
  61 48 51
  62 48 57
  63 52 63
  64 44 55
  65 52 39
  66 52 45
  67 52 51
  68 60 43
  69 52 57
  70 44 61
  71 64 51
  72 48 43
  73 60 49
  74 40 39
  75 56 45
  76 40 43
  77 12 63
  78 20 63
  79 20 57
  80 20 39
  81 12 55
  82 8 57
  83 12 39
  84 20 49
  85 8 43
  86 20 69
  87 16 55
  88 16 49
  89 16 63
  90 12 61
  91 12 57
  92 16 51
  93 20 43
  94 20 55
  95 16 39
  96 20 67
  97 8 51
  98 15 10
  99 15 30
  100 17 30
  101 17 10
  102 21 10
  103 21 30
  104 23 30
  105 23 10
  106 27 10
  107 27 30
  108 29 30
  109 29 10
  110 33 10
  111 33 30
  112 35 30
  113 35 10
  114 39 10
  115 39 30
  116 41 30
  117 41 10
  118 45 10
  119 45 30
  120 47 30
  121 47 10
  122 51 10
  123 51 30
  124 53 30
  125 53 10
  126 57 10
  127 57 30
  128 59 30
  129 59 10
  130 63 10
  131 63 30
  132 65 30
  133 65 10
  134 69 10
  135 69 30
  136 71 30
  137 71 10
  138 5 40
  139 5 42
  140 30 42
  141 30 40
  142 5 46
  143 5 48
  144 31 48
  145 31 46
  146 5 52
  147 5 54
  148 32 54
  149 32 52
  150 5 58
  151 5 60
  152 33 60
  153 33 58
  154 5 64
  155 5 66
  156 34 66
  157 34 64
  158 5 70
  159 5 72
  160 35 72
  161 35 70
  162 40 40
  163 40 42
  164 75 42
  165 75 40
  166 41 46
  167 41 48
  168 75 48
  169 75 46
  170 42 52
  171 42 54
  172 75 54
  173 75 52
  174 43 58
  175 43 60
  176 75 60
  177 75 58
  178 44 64
  179 44 66
  180 75 66
  181 75 64
  182 45 70
  183 45 72
  184 75 72
  185 75 70
VISIT_LOCATION_SECTION
  2 2
  3 3
  4 4
  5 5
  6 6
  7 7
  8 8
  9 9
  10 10
  11 11
  12 12
  13 13
  14 14
  15 15
  16 16
  17 17
  18 18
  19 19
  20 20
  21 21
  22 22
  23 23
  24 24
  25 25
  26 26
  27 27
  28 28
  29 29
  30 30
  31 31
  32 32
  33 33
  34 34
  35 35
  36 36
  37 37
  38 38
  39 39
  40 40
  41 41
  42 42
  43 43
  44 44
  45 45
  46 46
  47 47
  48 48
  49 49
  50 50
  51 51
  52 52
  53 53
  54 54
  55 55
  56 56
  57 57
  58 58
  59 59
  60 60
  61 61
  62 62
  63 63
  64 64
  65 65
  66 66
  67 67
  68 68
  69 69
  70 70
  71 71
  72 72
  73 73
  74 74
  75 75
  76 76
  77 77
  78 78
  79 79
  80 80
  81 81
  82 82
  83 83
  84 84
  85 85
  86 86
  87 87
  88 88
  89 89
  90 90
  91 91
  92 92
  93 93
  94 94
  95 95
  96 96
  97 97
COMMENT: TIMESTEP: 1
ORDERS_SECTION
  1 2 3 4 5
  2 6 7 8
  3 9 10
  4 11 12
  5 13 14 15 16 17
  6 18 19 20
  7 21 22 23 24 25
  8 26 27 28 29
  9 30 31
  10 32 33
  11 34 35
  12 36 37 38 39
  13 40 41 42
  14 43 44 45 46
  15 47 48 49 50
  16 51 52 53
  17 54 55 56 57
  18 58 59 60 61
  19 62 63
  20 64 65 66 67 68
  21 69 70
  22 71 72
  23 73 74 75 76
  24 77 78 79
  25 80 81 82 83
  26 84 85
  27 86 87 88 89
  28 90 91
  29 92 93
  30 94 95 96 97
TIME_AVAIL_SECTION
  1 1
  2 1
  3 1
  4 1
  5 1
  6 1
  7 1
  8 1
  9 1
  10 1
  11 1
  12 1
  13 1
  14 1
  15 1
  16 1
  17 1
  18 1
  19 1
  20 1
  21 1
  22 1
  23 1
  24 1
  25 1
  26 1
  27 1
  28 1
  29 1
  30 1
OBSTACLES
  1 98 99 100 101
  2 102 103 104 105
  3 106 107 108 109
  4 110 111 112 113
  5 114 115 116 117
  6 118 119 120 121
  7 122 123 124 125
  8 126 127 128 129
  9 130 131 132 133
  10 134 135 136 137
  11 138 139 140 141
  12 142 143 144 145
  13 146 147 148 149
  14 150 151 152 153
  15 154 155 156 157
  16 158 159 160 161
  17 162 163 164 165
  18 166 167 168 169
  19 170 171 172 173
  20 174 175 176 177
  21 178 179 180 181
  22 182 183 184 185
EOF
