VRPTEST 1.0
COMMENT: descr: Modified tsplib for the OBP
COMMENT: Best known objective: 2016.0
COMMENT: Computational time (s): 0.135
NAME: c163_0e8d
NUM_DEPOTS: 2
NUM_CAPACITIES: 1
NUM_VISITS: 163
NUM_LOCATIONS: 253
NUM_VEHICLES: 9
CAPACITIES: 4
DATA_SECTION
DEPOTS
  0
  1
LOCATION_COORD_SECTION
  0 5 30
  1 5 15
  2 38 16
  3 38 24
  4 24 16
  5 20 12
  6 32 12
  7 24 28
  8 26 28
  9 42 16
  10 32 24
  11 18 28
  12 14 28
  13 14 12
  14 38 12
  15 28 43
  16 14 16
  17 32 28
  18 18 24
  19 26 12
  20 18 16
  21 30 20
  22 38 20
  23 20 28
  24 18 12
  25 32 16
  26 24 39
  27 24 12
  28 36 20
  29 36 28
  30 30 12
  31 24 24
  32 30 24
  33 36 24
  34 24 20
  35 38 28
  36 20 16
  37 18 20
  38 26 16
  39 30 16
  40 44 49
  41 56 55
  42 56 49
  43 72 57
  44 52 51
  45 60 61
  46 44 43
  47 60 69
  48 56 73
  49 44 57
  50 60 63
  51 52 45
  52 52 69
  53 48 51
  54 48 55
  55 64 63
  56 48 61
  57 48 49
  58 52 63
  59 48 39
  60 56 57
  61 52 57
  62 72 55
  63 52 67
  64 56 67
  65 56 61
  66 60 67
  67 64 61
  68 56 51
  69 44 61
  70 56 45
  71 56 69
  72 44 45
  73 52 49
  74 64 49
  75 44 39
  76 68 57
  77 68 61
  78 64 51
  79 40 43
  80 44 55
  81 60 45
  82 48 45
  83 48 67
  84 60 12
  85 42 28
  86 62 28
  87 44 20
  88 44 16
  89 68 20
  90 56 24
  91 54 16
  92 60 39
  93 42 24
  94 56 20
  95 48 16
  96 56 12
  97 50 12
  98 48 20
  99 68 28
  100 72 28
  101 62 12
  102 60 20
  103 68 24
  104 50 16
  105 48 12
  106 56 16
  107 72 24
  108 54 28
  109 66 12
  110 72 20
  111 44 28
  112 62 24
  113 50 24
  114 48 28
  115 50 20
  116 60 43
  117 66 28
  118 60 28
  119 66 16
  120 56 39
  121 60 16
  122 50 28
  123 60 24
  124 68 16
  125 54 20
  126 64 39
  127 8 55
  128 24 69
  129 16 63
  130 16 69
  131 12 73
  132 32 63
  133 8 67
  134 32 57
  135 20 73
  136 24 67
  137 12 63
  138 20 67
  139 16 67
  140 12 49
  141 12 45
  142 12 57
  143 28 69
  144 12 69
  145 24 51
  146 28 45
  147 20 63
  148 8 63
  149 28 49
  150 24 63
  151 16 45
  152 8 49
  153 12 51
  154 24 43
  155 24 45
  156 28 63
  157 24 55
  158 28 67
  159 16 51
  160 16 55
  161 16 57
  162 20 45
  163 28 73
  164 16 73
  165 15 10
  166 15 30
  167 17 30
  168 17 10
  169 21 10
  170 21 30
  171 23 30
  172 23 10
  173 27 10
  174 27 30
  175 29 30
  176 29 10
  177 33 10
  178 33 30
  179 35 30
  180 35 10
  181 39 10
  182 39 30
  183 41 30
  184 41 10
  185 45 10
  186 45 30
  187 47 30
  188 47 10
  189 51 10
  190 51 30
  191 53 30
  192 53 10
  193 57 10
  194 57 30
  195 59 30
  196 59 10
  197 63 10
  198 63 30
  199 65 30
  200 65 10
  201 69 10
  202 69 30
  203 71 30
  204 71 10
  205 5 40
  206 5 42
  207 30 42
  208 30 40
  209 5 46
  210 5 48
  211 31 48
  212 31 46
  213 5 52
  214 5 54
  215 32 54
  216 32 52
  217 5 58
  218 5 60
  219 33 60
  220 33 58
  221 5 64
  222 5 66
  223 34 66
  224 34 64
  225 5 70
  226 5 72
  227 35 72
  228 35 70
  229 40 40
  230 40 42
  231 75 42
  232 75 40
  233 41 46
  234 41 48
  235 75 48
  236 75 46
  237 42 52
  238 42 54
  239 75 54
  240 75 52
  241 43 58
  242 43 60
  243 75 60
  244 75 58
  245 44 64
  246 44 66
  247 75 66
  248 75 64
  249 45 70
  250 45 72
  251 75 72
  252 75 70
VISIT_LOCATION_SECTION
  2 2
  3 3
  4 4
  5 5
  6 6
  7 7
  8 8
  9 9
  10 10
  11 11
  12 12
  13 13
  14 14
  15 15
  16 16
  17 17
  18 18
  19 19
  20 20
  21 21
  22 22
  23 23
  24 24
  25 25
  26 26
  27 27
  28 28
  29 29
  30 30
  31 31
  32 32
  33 33
  34 34
  35 35
  36 36
  37 37
  38 38
  39 39
  40 40
  41 41
  42 42
  43 43
  44 44
  45 45
  46 46
  47 47
  48 48
  49 49
  50 50
  51 51
  52 52
  53 53
  54 54
  55 55
  56 56
  57 57
  58 58
  59 59
  60 60
  61 61
  62 62
  63 63
  64 64
  65 65
  66 66
  67 67
  68 68
  69 69
  70 70
  71 71
  72 72
  73 73
  74 74
  75 75
  76 76
  77 77
  78 78
  79 79
  80 80
  81 81
  82 82
  83 83
  84 84
  85 85
  86 86
  87 87
  88 88
  89 89
  90 90
  91 91
  92 92
  93 93
  94 94
  95 95
  96 96
  97 97
  98 98
  99 99
  100 100
  101 101
  102 102
  103 103
  104 104
  105 105
  106 106
  107 107
  108 108
  109 109
  110 110
  111 111
  112 112
  113 113
  114 114
  115 115
  116 116
  117 117
  118 118
  119 119
  120 120
  121 121
  122 122
  123 123
  124 124
  125 125
  126 126
  127 127
  128 128
  129 129
  130 130
  131 131
  132 132
  133 133
  134 134
  135 135
  136 136
  137 137
  138 138
  139 139
  140 140
  141 141
  142 142
  143 143
  144 144
  145 145
  146 146
  147 147
  148 148
  149 149
  150 150
  151 151
  152 152
  153 153
  154 154
  155 155
  156 156
  157 157
  158 158
  159 159
  160 160
  161 161
  162 162
  163 163
  164 164
COMMENT: TIMESTEP: 1
ORDERS_SECTION
  1 2 3
  2 4 5
  3 6 7
  4 8 9 10
  5 11 12 13 14 15
  6 16 17 18 19 20 21 22 23
  7 24 25 26 27
  8 28 29 30 31 32 33 34
  9 35 36 37 38 39
  10 40 41 42
  11 43 44 45 46 47 48 49 50
  12 51 52
  13 53 54 55 56 57 58 59 60
  14 61 62 63 64 65
  15 66 67 68 69 70 71
  16 72 73 74 75 76 77
  17 78 79 80 81
  18 82 83
  19 84 85
  20 86 87 88 89 90 91 92
  21 93 94 95
  22 96 97 98 99 100 101
  23 102 103 104 105 106 107
  24 108 109 110
  25 111 112 113 114 115 116 117
  26 118 119 120
  27 121 122 123 124 125 126
  28 127 128 129 130 131 132 133
  29 134 135 136 137
  30 138 139 140 141
  31 142 143 144 145 146
  32 147 148 149 150 151 152
  33 153 154
  34 155 156 157 158 159
  35 160 161 162 163 164
TIME_AVAIL_SECTION
  1 1
  2 1
  3 1
  4 1
  5 1
  6 1
  7 1
  8 1
  9 1
  10 1
  11 1
  12 1
  13 1
  14 1
  15 1
  16 1
  17 1
  18 1
  19 1
  20 1
  21 1
  22 1
  23 1
  24 1
  25 1
  26 1
  27 1
  28 1
  29 1
  30 1
  31 1
  32 1
  33 1
  34 1
  35 1
OBSTACLES
  1 165 166 167 168
  2 169 170 171 172
  3 173 174 175 176
  4 177 178 179 180
  5 181 182 183 184
  6 185 186 187 188
  7 189 190 191 192
  8 193 194 195 196
  9 197 198 199 200
  10 201 202 203 204
  11 205 206 207 208
  12 209 210 211 212
  13 213 214 215 216
  14 217 218 219 220
  15 221 222 223 224
  16 225 226 227 228
  17 229 230 231 232
  18 233 234 235 236
  19 237 238 239 240
  20 241 242 243 244
  21 245 246 247 248
  22 249 250 251 252
EOF
