VRPTEST 1.0
COMMENT: descr: Modified tsplib for the OBP
COMMENT: Best known objective: 1047.148
COMMENT: Computational time (s): 0.126379
NAME: c84_17d1
NUM_CAPACITIES: 1
NUM_VISITS: 84
NUM_VEHICLES: 3
CAPACITIES: 7
DATA_SECTION
DEPOTS
  0
  1
VISIT_LOCATION_SECTION
  2 58
  3 8
  4 67
  5 7
  6 32
  7 209
  8 87
  9 96
  10 227
  11 184
  12 213
  13 135
  14 122
  15 15
  16 2
  17 42
  18 55
  19 57
  20 66
  21 100
  22 221
  23 228
  24 188
  25 186
  26 241
  27 86
  28 207
  29 174
  30 234
  31 246
  32 173
  33 253
  34 118
  35 130
  36 165
  37 4
  38 33
  39 10
  40 29
  41 113
  42 257
  43 212
  44 95
  45 131
  46 250
  47 9
  48 74
  49 56
  50 23
  51 224
  52 260
  53 89
  54 190
  55 258
  56 187
  57 230
  58 157
  59 251
  60 112
  61 236
  62 109
  63 90
  64 139
  65 47
  66 48
  67 11
  68 85
  69 80
  70 152
  71 155
  72 164
  73 149
  74 176
  75 108
  76 6
  77 26
  78 244
  79 223
  80 206
  81 239
  82 189
  83 204
  84 222
  85 81
COMMENT: TIMESTEP: 1
ORDERS_SECTION
  1 2 3 4 5 6
  2 7 8 9 10 11 12
  3 13 14
  4 15 16 17 18 19 20
  5 21 22 23 24 25 26 27 28
  6 29 30 31 32 33 34 35 36
  7 37 38 39 40 41
  8 42 43 44
  9 45 46
  10 47 48 49 50
  11 51 52 53 54 55 56
  12 57 58 59 60 61
  13 62
  14 63
  15 64
  16 65 66 67
  17 68 69
  18 70 71 72 73 74 75
  19 76 77
  20 78 79 80 81 82 83 84 85
TIME_AVAIL_SECTION
  1 1
  2 1
  3 1
  4 1
  5 1
  6 1
  7 1
  8 1
  9 1
  10 1
  11 1
  12 1
  13 1
  14 1
  15 1
  16 1
  17 1
  18 1
  19 1
  20 1
EOF
