VRPTEST 1.0
COMMENT: descr: Modified tsplib for the OBP
COMMENT: Best known objective: 1352.0
COMMENT: Computational time (s): 0.153
NAME: c198_2034
NUM_DEPOTS: 2
NUM_CAPACITIES: 1
NUM_VISITS: 198
NUM_LOCATIONS: 204
NUM_VEHICLES: 7
CAPACITIES: 6
DATA_SECTION
DEPOTS
  0
  1
LOCATION_COORD_SECTION
  0 5 20
  1 5 50
  2 17 16
  3 23 24
  4 28 4
  5 27 17
  6 23 18
  7 19 19
  8 13 20
  9 33 27
  10 36 22
  11 23 21
  12 28 22
  13 35 27
  14 24 33
  15 37 12
  16 34 24
  17 30 21
  18 22 11
  19 41 26
  20 26 20
  21 30 9
  22 16 35
  23 21 41
  24 20 24
  25 22 31
  26 17 36
  27 41 20
  28 20 21
  29 23 32
  30 19 36
  31 32 10
  32 21 17
  33 33 10
  34 29 30
  35 38 15
  36 20 23
  37 8 30
  38 18 13
  39 30 8
  40 22 40
  41 31 10
  42 28 17
  43 28 26
  44 24 20
  45 32 22
  46 41 23
  47 33 19
  48 16 20
  49 28 38
  50 20 34
  51 23 13
  52 23 30
  53 50 48
  54 60 43
  55 44 38
  56 50 54
  57 42 37
  58 55 43
  59 59 46
  60 47 58
  61 53 42
  62 47 36
  63 59 39
  64 44 56
  65 58 45
  66 51 46
  67 61 39
  68 52 51
  69 62 49
  70 47 44
  71 66 39
  72 61 49
  73 47 52
  74 40 40
  75 50 45
  76 48 40
  77 59 50
  78 53 53
  79 55 44
  80 49 35
  81 54 48
  82 50 44
  83 47 42
  84 59 44
  85 68 40
  86 47 65
  87 43 33
  88 47 49
  89 45 43
  90 55 56
  91 65 44
  92 46 51
  93 48 60
  94 52 56
  95 46 33
  96 44 62
  97 49 48
  98 53 49
  99 44 48
  100 40 38
  101 48 44
  102 49 62
  103 62 45
  104 45 45
  105 49 57
  106 52 60
  107 48 54
  108 43 43
  109 56 41
  110 31 47
  111 37 57
  112 28 49
  113 28 46
  114 33 59
  115 37 38
  116 25 56
  117 22 48
  118 40 47
  119 37 43
  120 27 59
  121 32 44
  122 38 67
  123 29 54
  124 24 45
  125 40 46
  126 35 45
  127 28 42
  128 40 54
  129 38 68
  130 43 56
  131 25 53
  132 31 45
  133 19 51
  134 19 48
  135 41 56
  136 39 46
  137 22 51
  138 32 50
  139 36 63
  140 37 59
  141 33 53
  142 39 47
  143 35 51
  144 20 47
  145 30 45
  146 36 42
  147 35 59
  148 31 40
  149 33 56
  150 38 40
  151 42 55
  152 36 64
  153 36 61
  154 67 32
  155 67 37
  156 67 21
  157 63 19
  158 54 10
  159 63 22
  160 48 19
  161 49 34
  162 46 23
  163 59 38
  164 65 32
  165 42 29
  166 59 32
  167 72 29
  168 50 8
  169 58 16
  170 58 13
  171 61 36
  172 49 14
  173 46 11
  174 68 28
  175 64 32
  176 59 27
  177 74 31
  178 57 16
  179 70 26
  180 58 32
  181 56 17
  182 56 19
  183 54 31
  184 66 29
  185 68 33
  186 52 22
  187 60 15
  188 48 24
  189 51 11
  190 55 34
  191 66 22
  192 63 18
  193 70 23
  194 57 20
  195 66 37
  196 54 14
  197 66 31
  198 68 25
  199 55 10
  200 10 10
  201 10 60
  202 12 60
  203 12 10
VISIT_LOCATION_SECTION
  2 2
  3 3
  4 4
  5 5
  6 6
  7 7
  8 8
  9 9
  10 10
  11 11
  12 12
  13 13
  14 14
  15 15
  16 16
  17 17
  18 18
  19 19
  20 20
  21 21
  22 22
  23 23
  24 24
  25 25
  26 26
  27 27
  28 28
  29 29
  30 30
  31 31
  32 32
  33 33
  34 34
  35 35
  36 36
  37 37
  38 38
  39 39
  40 40
  41 41
  42 42
  43 43
  44 44
  45 45
  46 46
  47 47
  48 48
  49 49
  50 50
  51 51
  52 52
  53 53
  54 54
  55 55
  56 56
  57 57
  58 58
  59 59
  60 60
  61 61
  62 62
  63 63
  64 64
  65 65
  66 66
  67 67
  68 68
  69 69
  70 70
  71 71
  72 72
  73 73
  74 74
  75 75
  76 76
  77 77
  78 78
  79 79
  80 80
  81 81
  82 82
  83 83
  84 84
  85 85
  86 86
  87 87
  88 88
  89 89
  90 90
  91 91
  92 92
  93 93
  94 94
  95 95
  96 96
  97 97
  98 98
  99 99
  100 100
  101 101
  102 102
  103 103
  104 104
  105 105
  106 106
  107 107
  108 108
  109 109
  110 110
  111 111
  112 112
  113 113
  114 114
  115 115
  116 116
  117 117
  118 118
  119 119
  120 120
  121 121
  122 122
  123 123
  124 124
  125 125
  126 126
  127 127
  128 128
  129 129
  130 130
  131 131
  132 132
  133 133
  134 134
  135 135
  136 136
  137 137
  138 138
  139 139
  140 140
  141 141
  142 142
  143 143
  144 144
  145 145
  146 146
  147 147
  148 148
  149 149
  150 150
  151 151
  152 152
  153 153
  154 154
  155 155
  156 156
  157 157
  158 158
  159 159
  160 160
  161 161
  162 162
  163 163
  164 164
  165 165
  166 166
  167 167
  168 168
  169 169
  170 170
  171 171
  172 172
  173 173
  174 174
  175 175
  176 176
  177 177
  178 178
  179 179
  180 180
  181 181
  182 182
  183 183
  184 184
  185 185
  186 186
  187 187
  188 188
  189 189
  190 190
  191 191
  192 192
  193 193
  194 194
  195 195
  196 196
  197 197
  198 198
  199 199
COMMENT: TIMESTEP: 1
ORDERS_SECTION
  1 2 3 4
  2 5 6 7 8 9
  3 10 11 12 13 14
  4 15 16
  5 17 18 19 20 21 22 23
  6 24 25 26 27 28 29 30 31
  7 32 33 34 35 36
  8 37 38 39 40
  9 41 42 43 44 45 46 47 48
  10 49 50 51 52
  11 53 54 55 56 57 58 59 60
  12 61 62 63 64
  13 65 66 67 68 69
  14 70 71 72 73 74
  15 75 76 77 78 79 80
  16 81 82 83 84 85 86
  17 87 88 89 90 91
  18 92 93 94
  19 95 96 97 98 99 100 101
  20 102 103 104 105 106 107 108 109
  21 110 111
  22 112 113 114 115 116 117 118 119
  23 120 121 122
  24 123 124 125 126 127 128
  25 129 130
  26 131 132
  27 133 134 135 136 137 138 139
  28 140 141 142
  29 143 144 145
  30 146 147 148 149 150 151 152 153
  31 154 155 156 157
  32 158 159
  33 160 161 162 163 164 165 166
  34 167 168 169 170 171 172
  35 173 174
  36 175 176 177 178
  37 179 180 181 182
  38 183 184 185 186 187 188 189
  39 190 191 192 193
  40 194 195 196 197 198 199
TIME_AVAIL_SECTION
  1 1
  2 1
  3 1
  4 1
  5 1
  6 1
  7 1
  8 1
  9 1
  10 1
  11 1
  12 1
  13 1
  14 1
  15 1
  16 1
  17 1
  18 1
  19 1
  20 1
  21 1
  22 1
  23 1
  24 1
  25 1
  26 1
  27 1
  28 1
  29 1
  30 1
  31 1
  32 1
  33 1
  34 1
  35 1
  36 1
  37 1
  38 1
  39 1
  40 1
OBSTACLES
  1 200 201 202 203
EOF
