VRPTEST 1.0
COMMENT: descr: Modified tsplib for the OBP
COMMENT: Best known objective: 568.0
COMMENT: Computational time (s): 0.032
NAME: c52_159b
NUM_DEPOTS: 2
NUM_CAPACITIES: 1
NUM_VISITS: 52
NUM_LOCATIONS: 122
NUM_VEHICLES: 3
CAPACITIES: 4
DATA_SECTION
DEPOTS
  0
  1
LOCATION_COORD_SECTION
  0 70 40
  1 65 60
  2 33 16
  3 51 12
  4 33 28
  5 49 20
  6 45 12
  7 49 12
  8 39 24
  9 43 16
  10 51 20
  11 49 28
  12 39 20
  13 43 24
  14 37 24
  15 39 28
  16 49 16
  17 12 45
  18 24 49
  19 16 51
  20 20 51
  21 16 39
  22 20 45
  23 21 24
  24 28 45
  25 24 51
  26 15 28
  27 28 39
  28 25 28
  29 24 45
  30 24 39
  31 28 43
  32 24 43
  33 27 28
  34 16 49
  35 21 28
  36 20 39
  37 32 39
  38 32 45
  39 44 49
  40 48 39
  41 36 51
  42 44 39
  43 48 51
  44 44 51
  45 32 43
  46 28 63
  47 32 57
  48 32 61
  49 36 61
  50 40 69
  51 36 55
  52 24 67
  53 16 63
  54 10 10
  55 10 30
  56 12 30
  57 12 10
  58 16 10
  59 16 30
  60 18 30
  61 18 10
  62 22 10
  63 22 30
  64 24 30
  65 24 10
  66 28 10
  67 28 30
  68 30 30
  69 30 10
  70 34 10
  71 34 30
  72 36 30
  73 36 10
  74 40 10
  75 40 30
  76 42 30
  77 42 10
  78 46 10
  79 46 30
  80 48 30
  81 48 10
  82 52 10
  83 52 30
  84 54 30
  85 54 10
  86 58 10
  87 58 30
  88 60 30
  89 60 10
  90 64 10
  91 64 30
  92 66 30
  93 66 10
  94 70 10
  95 70 30
  96 72 30
  97 72 10
  98 10 40
  99 10 42
  100 50 42
  101 50 40
  102 10 46
  103 10 48
  104 50 48
  105 50 46
  106 10 52
  107 10 54
  108 50 54
  109 50 52
  110 10 58
  111 10 60
  112 50 60
  113 50 58
  114 10 64
  115 10 66
  116 50 66
  117 50 64
  118 10 70
  119 10 72
  120 50 72
  121 50 70
VISIT_LOCATION_SECTION
  2 2
  3 3
  4 4
  5 5
  6 6
  7 7
  8 8
  9 9
  10 10
  11 11
  12 12
  13 13
  14 14
  15 15
  16 16
  17 17
  18 18
  19 19
  20 20
  21 21
  22 22
  23 23
  24 24
  25 25
  26 26
  27 27
  28 28
  29 29
  30 30
  31 31
  32 32
  33 33
  34 34
  35 35
  36 36
  37 37
  38 38
  39 39
  40 40
  41 41
  42 42
  43 43
  44 44
  45 45
  46 46
  47 47
  48 48
  49 49
  50 50
  51 51
  52 52
  53 53
COMMENT: TIMESTEP: 1
ORDERS_SECTION
  1 2 3 4 5 6 7
  2 8 9
  3 10 11 12 13 14 15 16
  4 17 18 19 20 21
  5 22 23 24 25 26 27 28 29
  6 30 31 32 33 34 35 36
  7 37 38 39 40
  8 41 42 43 44 45
  9 46 47 48 49
  10 50 51 52 53
TIME_AVAIL_SECTION
  1 1
  2 1
  3 1
  4 1
  5 1
  6 1
  7 1
  8 1
  9 1
  10 1
OBSTACLES
  1 54 55 56 57
  2 58 59 60 61
  3 62 63 64 65
  4 66 67 68 69
  5 70 71 72 73
  6 74 75 76 77
  7 78 79 80 81
  8 82 83 84 85
  9 86 87 88 89
  10 90 91 92 93
  11 94 95 96 97
  12 98 99 100 101
  13 102 103 104 105
  14 106 107 108 109
  15 110 111 112 113
  16 114 115 116 117
  17 118 119 120 121
EOF
