VRPTEST 1.0
COMMENT: descr: Modified tsplib for the OBP
COMMENT: Best known objective: 895.651
COMMENT: Computational time (s): 0.23734300000000003
NAME: c97_5406
NUM_CAPACITIES: 1
NUM_VISITS: 97
NUM_VEHICLES: 5
CAPACITIES: 4
DATA_SECTION
DEPOTS
  0
  1
VISIT_LOCATION_SECTION
  2 79
  3 53
  4 175
  5 46
  6 163
  7 126
  8 169
  9 86
  10 138
  11 197
  12 33
  13 165
  14 180
  15 157
  16 75
  17 192
  18 15
  19 205
  20 92
  21 21
  22 97
  23 154
  24 172
  25 16
  26 177
  27 190
  28 18
  29 131
  30 28
  31 84
  32 104
  33 51
  34 68
  35 189
  36 106
  37 39
  38 55
  39 147
  40 129
  41 174
  42 100
  43 206
  44 5
  45 72
  46 45
  47 136
  48 19
  49 116
  50 22
  51 148
  52 203
  53 61
  54 108
  55 83
  56 59
  57 168
  58 24
  59 139
  60 121
  61 35
  62 181
  63 56
  64 184
  65 143
  66 146
  67 132
  68 20
  69 52
  70 188
  71 12
  72 102
  73 85
  74 82
  75 101
  76 119
  77 166
  78 183
  79 98
  80 13
  81 9
  82 185
  83 78
  84 179
  85 26
  86 135
  87 64
  88 65
  89 160
  90 112
  91 201
  92 127
  93 29
  94 152
  95 47
  96 202
  97 49
  98 125
COMMENT: TIMESTEP: 1
ORDERS_SECTION
  1 2 3 4 5 6 7
  2 8 9 10 11 12 13 14 15 16 17
  3 18 19 20 21 22 23 24 25
  4 26
  5 27 28 29 30 31 32 33 34 35 36
  6 37 38 39 40 41 42 43 44 45 46
  7 47 48 49 50
  8 51 52
  9 53 54 55 56 57 58 59 60
  10 61
  11 62 63 64 65
  12 66 67 68 69 70 71
  13 72 73 74
  14 75 76 77 78 79 80 81 82
  15 83 84 85 86 87
  16 88 89 90 91 92 93 94 95 96
  17 97 98
TIME_AVAIL_SECTION
  1 1
  2 1
  3 1
  4 1
  5 1
  6 1
  7 1
  8 1
  9 1
  10 1
  11 1
  12 1
  13 1
  14 1
  15 1
  16 1
  17 1
EOF
