VRPTEST 1.0
COMMENT: descr: Modified tsplib for the OBP
COMMENT: Best known objective: 699.0
COMMENT: Computational time (s): 0.114
NAME: c158_1b0e
NUM_DEPOTS: 2
NUM_CAPACITIES: 1
NUM_VISITS: 158
NUM_LOCATIONS: 160
NUM_VEHICLES: 5
CAPACITIES: 5
DATA_SECTION
DEPOTS
  0
  1
LOCATION_COORD_SECTION
  0 5 30
  1 5 50
  2 51 50
  3 42 55
  4 51 65
  5 52 56
  6 53 71
  7 64 56
  8 52 68
  9 46 64
  10 52 69
  11 45 67
  12 54 62
  13 62 57
  14 67 63
  15 66 53
  16 59 67
  17 72 58
  18 55 48
  19 48 69
  20 61 52
  21 60 58
  22 55 51
  23 49 44
  24 59 59
  25 65 61
  26 42 73
  27 67 53
  28 46 51
  29 69 59
  30 47 73
  31 58 55
  32 59 62
  33 68 62
  34 50 44
  35 43 49
  36 54 72
  37 58 49
  38 56 71
  39 65 58
  40 61 68
  41 70 58
  42 42 72
  43 57 65
  44 43 50
  45 37 47
  46 31 44
  47 34 46
  48 35 33
  49 21 33
  50 21 40
  51 36 34
  52 31 35
  53 28 35
  54 23 35
  55 42 49
  56 28 43
  57 45 42
  58 39 51
  59 32 45
  60 44 43
  61 38 49
  62 31 32
  63 44 39
  64 32 47
  65 25 32
  66 38 44
  67 21 43
  68 44 46
  69 18 36
  70 33 44
  71 30 25
  72 21 38
  73 47 43
  74 45 43
  75 15 42
  76 35 24
  77 30 24
  78 23 45
  79 41 38
  80 17 45
  81 57 45
  82 43 22
  83 61 23
  84 66 26
  85 72 30
  86 53 21
  87 44 31
  88 56 32
  89 68 41
  90 60 47
  91 75 32
  92 74 33
  93 61 41
  94 40 24
  95 65 40
  96 55 32
  97 55 45
  98 59 37
  99 48 16
  100 60 34
  101 63 42
  102 73 36
  103 56 12
  104 50 36
  105 50 13
  106 70 35
  107 62 20
  108 73 33
  109 58 47
  110 53 19
  111 45 33
  112 54 16
  113 51 24
  114 51 16
  115 48 40
  116 64 37
  117 44 32
  118 72 27
  119 39 31
  120 63 16
  121 39 52
  122 38 63
  123 25 64
  124 26 59
  125 39 65
  126 26 69
  127 19 60
  128 28 56
  129 27 72
  130 24 68
  131 37 73
  132 35 66
  133 33 53
  134 35 72
  135 15 61
  136 20 57
  137 32 72
  138 30 57
  139 41 74
  140 28 57
  141 23 68
  142 36 75
  143 33 57
  144 26 53
  145 25 67
  146 39 66
  147 32 69
  148 23 56
  149 29 56
  150 22 61
  151 41 70
  152 16 58
  153 37 54
  154 34 74
  155 28 67
  156 19 57
  157 36 69
  158 30 67
  159 33 71
VISIT_LOCATION_SECTION
  2 2
  3 3
  4 4
  5 5
  6 6
  7 7
  8 8
  9 9
  10 10
  11 11
  12 12
  13 13
  14 14
  15 15
  16 16
  17 17
  18 18
  19 19
  20 20
  21 21
  22 22
  23 23
  24 24
  25 25
  26 26
  27 27
  28 28
  29 29
  30 30
  31 31
  32 32
  33 33
  34 34
  35 35
  36 36
  37 37
  38 38
  39 39
  40 40
  41 41
  42 42
  43 43
  44 44
  45 45
  46 46
  47 47
  48 48
  49 49
  50 50
  51 51
  52 52
  53 53
  54 54
  55 55
  56 56
  57 57
  58 58
  59 59
  60 60
  61 61
  62 62
  63 63
  64 64
  65 65
  66 66
  67 67
  68 68
  69 69
  70 70
  71 71
  72 72
  73 73
  74 74
  75 75
  76 76
  77 77
  78 78
  79 79
  80 80
  81 81
  82 82
  83 83
  84 84
  85 85
  86 86
  87 87
  88 88
  89 89
  90 90
  91 91
  92 92
  93 93
  94 94
  95 95
  96 96
  97 97
  98 98
  99 99
  100 100
  101 101
  102 102
  103 103
  104 104
  105 105
  106 106
  107 107
  108 108
  109 109
  110 110
  111 111
  112 112
  113 113
  114 114
  115 115
  116 116
  117 117
  118 118
  119 119
  120 120
  121 121
  122 122
  123 123
  124 124
  125 125
  126 126
  127 127
  128 128
  129 129
  130 130
  131 131
  132 132
  133 133
  134 134
  135 135
  136 136
  137 137
  138 138
  139 139
  140 140
  141 141
  142 142
  143 143
  144 144
  145 145
  146 146
  147 147
  148 148
  149 149
  150 150
  151 151
  152 152
  153 153
  154 154
  155 155
  156 156
  157 157
  158 158
  159 159
COMMENT: TIMESTEP: 1
ORDERS_SECTION
  1 2 3 4 5 6 7 8 9
  2 10 11 12
  3 13 14 15 16 17 18 19 20 21
  4 22 23 24 25 26 27 28 29 30 31 32
  5 33 34 35 36 37 38 39 40 41 42 43 44
  6 45 46 47 48 49 50 51 52 53
  7 54 55 56 57
  8 58 59 60 61 62 63 64 65
  9 66 67 68 69 70 71
  10 72 73 74 75 76 77 78 79 80
  11 81 82 83
  12 84 85 86 87 88 89 90 91 92 93 94 95 96
  13 97 98 99 100 101 102
  14 103 104 105 106 107 108 109 110 111 112 113 114 115
  15 116 117 118 119 120
  16 121 122 123 124 125 126 127 128 129 130
  17 131 132
  18 133 134 135 136 137 138 139 140 141 142 143 144 145
  19 146 147 148 149 150 151 152 153 154
  20 155 156 157 158 159
TIME_AVAIL_SECTION
  1 1
  2 1
  3 1
  4 1
  5 1
  6 1
  7 1
  8 1
  9 1
  10 1
  11 1
  12 1
  13 1
  14 1
  15 1
  16 1
  17 1
  18 1
  19 1
  20 1
EOF
