VRPTEST 1.0
COMMENT: descr: Modified tsplib for the OBP
COMMENT: Best known objective: 1063.0
COMMENT: Computational time (s): 0.113
NAME: c153_0fd0
NUM_DEPOTS: 2
NUM_CAPACITIES: 1
NUM_VISITS: 153
NUM_LOCATIONS: 159
NUM_VEHICLES: 6
CAPACITIES: 4
DATA_SECTION
DEPOTS
  0
  1
LOCATION_COORD_SECTION
  0 5 20
  1 5 50
  2 28 38
  3 23 24
  4 34 51
  5 28 17
  6 23 30
  7 20 23
  8 40 29
  9 22 31
  10 21 43
  11 30 45
  12 13 37
  13 27 40
  14 42 37
  15 23 21
  16 24 20
  17 28 32
  18 14 39
  19 40 33
  20 31 38
  21 25 24
  22 13 29
  23 35 45
  24 28 49
  25 23 41
  26 34 33
  27 26 26
  28 28 26
  29 20 21
  30 20 31
  31 33 42
  32 4 36
  33 35 27
  34 14 42
  35 13 44
  36 28 46
  37 27 32
  38 34 24
  39 31 37
  40 36 42
  41 21 41
  42 26 20
  43 20 46
  44 40 40
  45 23 18
  46 9 35
  47 8 40
  48 15 32
  49 23 35
  50 16 28
  51 29 54
  52 32 22
  53 19 31
  54 48 54
  55 50 75
  56 40 53
  57 36 64
  58 51 76
  59 36 73
  60 35 51
  61 45 69
  62 39 56
  63 47 67
  64 43 65
  65 46 73
  66 34 67
  67 35 59
  68 44 70
  69 49 63
  70 58 63
  71 38 68
  72 51 65
  73 43 56
  74 41 56
  75 52 76
  76 41 65
  77 52 60
  78 42 62
  79 38 67
  80 31 69
  81 27 64
  82 49 57
  83 54 70
  84 36 55
  85 49 64
  86 50 67
  87 47 58
  88 75 50
  89 73 56
  90 66 37
  91 66 63
  92 67 37
  93 76 42
  94 70 37
  95 67 57
  96 60 55
  97 75 41
  98 65 44
  99 59 66
  100 70 39
  101 64 56
  102 61 31
  103 59 30
  104 66 33
  105 59 42
  106 66 47
  107 66 60
  108 72 54
  109 71 56
  110 63 51
  111 64 49
  112 64 32
  113 74 44
  114 67 64
  115 68 47
  116 68 51
  117 43 48
  118 50 44
  119 52 25
  120 55 34
  121 54 31
  122 55 28
  123 40 47
  124 56 41
  125 54 48
  126 49 34
  127 47 44
  128 47 49
  129 46 38
  130 46 33
  131 44 38
  132 47 36
  133 54 32
  134 55 44
  135 52 29
  136 42 39
  137 51 23
  138 47 42
  139 43 43
  140 43 47
  141 54 38
  142 43 50
  143 55 29
  144 39 47
  145 55 43
  146 44 41
  147 51 42
  148 50 48
  149 50 45
  150 40 46
  151 51 46
  152 45 45
  153 53 49
  154 39 46
  155 10 10
  156 10 60
  157 12 60
  158 12 10
VISIT_LOCATION_SECTION
  2 2
  3 3
  4 4
  5 5
  6 6
  7 7
  8 8
  9 9
  10 10
  11 11
  12 12
  13 13
  14 14
  15 15
  16 16
  17 17
  18 18
  19 19
  20 20
  21 21
  22 22
  23 23
  24 24
  25 25
  26 26
  27 27
  28 28
  29 29
  30 30
  31 31
  32 32
  33 33
  34 34
  35 35
  36 36
  37 37
  38 38
  39 39
  40 40
  41 41
  42 42
  43 43
  44 44
  45 45
  46 46
  47 47
  48 48
  49 49
  50 50
  51 51
  52 52
  53 53
  54 54
  55 55
  56 56
  57 57
  58 58
  59 59
  60 60
  61 61
  62 62
  63 63
  64 64
  65 65
  66 66
  67 67
  68 68
  69 69
  70 70
  71 71
  72 72
  73 73
  74 74
  75 75
  76 76
  77 77
  78 78
  79 79
  80 80
  81 81
  82 82
  83 83
  84 84
  85 85
  86 86
  87 87
  88 88
  89 89
  90 90
  91 91
  92 92
  93 93
  94 94
  95 95
  96 96
  97 97
  98 98
  99 99
  100 100
  101 101
  102 102
  103 103
  104 104
  105 105
  106 106
  107 107
  108 108
  109 109
  110 110
  111 111
  112 112
  113 113
  114 114
  115 115
  116 116
  117 117
  118 118
  119 119
  120 120
  121 121
  122 122
  123 123
  124 124
  125 125
  126 126
  127 127
  128 128
  129 129
  130 130
  131 131
  132 132
  133 133
  134 134
  135 135
  136 136
  137 137
  138 138
  139 139
  140 140
  141 141
  142 142
  143 143
  144 144
  145 145
  146 146
  147 147
  148 148
  149 149
  150 150
  151 151
  152 152
  153 153
  154 154
COMMENT: TIMESTEP: 1
ORDERS_SECTION
  1 2 3 4 5 6 7 8 9 10 11 12
  2 13 14 15 16 17 18 19 20 21
  3 22 23 24 25 26 27 28 29 30 31 32
  4 33 34 35 36 37 38 39 40 41 42
  5 43 44 45 46 47 48 49 50 51 52 53
  6 54 55
  7 56 57
  8 58 59 60 61 62 63 64 65 66 67
  9 68 69 70 71 72 73 74 75 76 77 78 79 80 81
  10 82 83 84 85 86 87
  11 88 89 90 91 92 93
  12 94 95 96 97 98 99 100
  13 101 102
  14 103 104 105 106 107 108 109
  15 110 111 112 113 114 115 116
  16 117 118 119 120
  17 121 122 123 124 125 126
  18 127 128 129 130 131 132 133 134 135 136 137 138 139 140
  19 141 142 143 144 145 146 147 148 149 150 151 152
  20 153 154
TIME_AVAIL_SECTION
  1 1
  2 1
  3 1
  4 1
  5 1
  6 1
  7 1
  8 1
  9 1
  10 1
  11 1
  12 1
  13 1
  14 1
  15 1
  16 1
  17 1
  18 1
  19 1
  20 1
OBSTACLES
  1 155 156 157 158
EOF
