VRPTEST 1.0
COMMENT: descr: Modified tsplib for the OBP
COMMENT: Best known objective: 942.0
COMMENT: Computational time (s): 0.09
NAME: c151_23c6
NUM_DEPOTS: 2
NUM_CAPACITIES: 1
NUM_VISITS: 151
NUM_LOCATIONS: 157
NUM_VEHICLES: 4
CAPACITIES: 8
DATA_SECTION
DEPOTS
  0
  1
LOCATION_COORD_SECTION
  0 5 20
  1 5 50
  2 43 23
  3 44 38
  4 42 4
  5 46 33
  6 40 18
  7 43 33
  8 40 34
  9 42 29
  10 51 17
  11 40 40
  12 45 8
  13 41 26
  14 50 11
  15 48 19
  16 34 33
  17 48 22
  18 51 23
  19 43 13
  20 46 38
  21 42 39
  22 35 27
  23 46 23
  24 53 15
  25 42 18
  26 44 41
  27 42 8
  28 51 11
  29 46 14
  30 51 19
  31 49 34
  32 41 23
  33 49 14
  34 40 13
  35 40 29
  36 74 31
  37 66 33
  38 63 15
  39 54 35
  40 52 56
  41 61 36
  42 68 51
  43 64 55
  44 76 41
  45 75 28
  46 56 22
  47 66 16
  48 55 20
  49 57 17
  50 55 29
  51 70 39
  52 69 29
  53 58 32
  54 72 51
  55 63 60
  56 59 38
  57 77 36
  58 63 38
  59 75 50
  60 76 44
  61 55 43
  62 61 49
  63 60 19
  64 62 45
  65 70 26
  66 48 48
  67 69 38
  68 51 42
  69 55 44
  70 59 10
  71 57 22
  72 74 44
  73 28 31
  74 30 3
  75 15 7
  76 38 15
  77 21 20
  78 6 18
  79 26 20
  80 15 11
  81 7 14
  82 32 4
  83 28 4
  84 37 12
  85 23 30
  86 23 32
  87 23 21
  88 17 19
  89 23 5
  90 29 7
  91 16 10
  92 23 20
  93 28 22
  94 36 22
  95 15 32
  96 37 4
  97 19 6
  98 32 22
  99 17 4
  100 16 16
  101 20 7
  102 9 28
  103 13 29
  104 13 20
  105 9 17
  106 6 20
  107 17 16
  108 13 24
  109 7 47
  110 33 70
  111 3 45
  112 17 52
  113 31 57
  114 47 52
  115 24 45
  116 20 49
  117 8 40
  118 43 48
  119 40 54
  120 18 55
  121 27 40
  122 33 59
  123 28 46
  124 27 59
  125 46 51
  126 21 41
  127 18 58
  128 16 50
  129 27 70
  130 30 70
  131 23 62
  132 42 48
  133 3 44
  134 27 65
  135 17 60
  136 34 67
  137 16 43
  138 28 50
  139 22 60
  140 23 51
  141 23 54
  142 23 41
  143 44 56
  144 43 47
  145 22 48
  146 28 42
  147 32 50
  148 31 37
  149 36 42
  150 19 59
  151 32 44
  152 36 61
  153 10 10
  154 10 60
  155 12 60
  156 12 10
VISIT_LOCATION_SECTION
  2 2
  3 3
  4 4
  5 5
  6 6
  7 7
  8 8
  9 9
  10 10
  11 11
  12 12
  13 13
  14 14
  15 15
  16 16
  17 17
  18 18
  19 19
  20 20
  21 21
  22 22
  23 23
  24 24
  25 25
  26 26
  27 27
  28 28
  29 29
  30 30
  31 31
  32 32
  33 33
  34 34
  35 35
  36 36
  37 37
  38 38
  39 39
  40 40
  41 41
  42 42
  43 43
  44 44
  45 45
  46 46
  47 47
  48 48
  49 49
  50 50
  51 51
  52 52
  53 53
  54 54
  55 55
  56 56
  57 57
  58 58
  59 59
  60 60
  61 61
  62 62
  63 63
  64 64
  65 65
  66 66
  67 67
  68 68
  69 69
  70 70
  71 71
  72 72
  73 73
  74 74
  75 75
  76 76
  77 77
  78 78
  79 79
  80 80
  81 81
  82 82
  83 83
  84 84
  85 85
  86 86
  87 87
  88 88
  89 89
  90 90
  91 91
  92 92
  93 93
  94 94
  95 95
  96 96
  97 97
  98 98
  99 99
  100 100
  101 101
  102 102
  103 103
  104 104
  105 105
  106 106
  107 107
  108 108
  109 109
  110 110
  111 111
  112 112
  113 113
  114 114
  115 115
  116 116
  117 117
  118 118
  119 119
  120 120
  121 121
  122 122
  123 123
  124 124
  125 125
  126 126
  127 127
  128 128
  129 129
  130 130
  131 131
  132 132
  133 133
  134 134
  135 135
  136 136
  137 137
  138 138
  139 139
  140 140
  141 141
  142 142
  143 143
  144 144
  145 145
  146 146
  147 147
  148 148
  149 149
  150 150
  151 151
  152 152
COMMENT: TIMESTEP: 1
ORDERS_SECTION
  1 2 3
  2 4 5 6 7 8
  3 9 10
  4 11 12
  5 13 14 15 16 17
  6 18 19 20 21 22 23 24
  7 25 26 27 28
  8 29 30 31 32 33 34 35
  9 36 37
  10 38 39 40 41 42
  11 43 44 45
  12 46 47 48 49 50
  13 51 52 53 54 55 56
  14 57 58 59 60 61 62
  15 63 64 65
  16 66 67 68 69 70 71 72
  17 73 74 75 76 77 78 79 80
  18 81 82 83
  19 84 85 86 87 88 89 90 91
  20 92 93 94 95
  21 96 97 98 99 100
  22 101 102
  23 103 104 105 106 107 108
  24 109 110 111 112 113 114 115 116
  25 117 118 119 120 121 122 123
  26 124 125 126 127 128
  27 129 130 131 132 133 134 135
  28 136 137 138 139 140
  29 141 142 143 144
  30 145 146 147 148 149 150 151 152
TIME_AVAIL_SECTION
  1 1
  2 1
  3 1
  4 1
  5 1
  6 1
  7 1
  8 1
  9 1
  10 1
  11 1
  12 1
  13 1
  14 1
  15 1
  16 1
  17 1
  18 1
  19 1
  20 1
  21 1
  22 1
  23 1
  24 1
  25 1
  26 1
  27 1
  28 1
  29 1
  30 1
OBSTACLES
  1 153 154 155 156
EOF
