VRPTEST 1.0
COMMENT: descr: Modified tsplib for the OBP
COMMENT: Best known objective: 1011.0
COMMENT: Computational time (s): 0.08
NAME: c112_14a6
NUM_DEPOTS: 2
NUM_CAPACITIES: 1
NUM_VISITS: 112
NUM_LOCATIONS: 202
NUM_VEHICLES: 4
CAPACITIES: 8
DATA_SECTION
DEPOTS
  0
  1
LOCATION_COORD_SECTION
  0 5 30
  1 5 15
  2 24 39
  3 14 28
  4 18 12
  5 16 43
  6 18 20
  7 14 20
  8 14 16
  9 12 39
  10 18 28
  11 16 45
  12 20 43
  13 20 12
  14 20 45
  15 20 49
  16 20 16
  17 20 39
  18 18 24
  19 20 28
  20 24 45
  21 20 24
  22 18 16
  23 24 43
  24 24 28
  25 14 12
  26 16 39
  27 20 20
  28 14 24
  29 56 73
  30 44 67
  31 56 55
  32 52 63
  33 44 63
  34 68 57
  35 64 63
  36 44 55
  37 60 63
  38 28 63
  39 44 61
  40 48 61
  41 44 51
  42 60 69
  43 52 69
  44 24 61
  45 52 57
  46 56 51
  47 64 55
  48 48 73
  49 44 57
  50 52 49
  51 48 67
  52 48 69
  53 56 49
  54 60 51
  55 28 55
  56 60 55
  57 56 69
  58 32 61
  59 32 69
  60 28 61
  61 32 20
  62 36 12
  63 36 28
  64 26 16
  65 24 16
  66 26 28
  67 42 16
  68 32 24
  69 30 12
  70 30 24
  71 30 16
  72 32 28
  73 36 24
  74 24 20
  75 38 16
  76 32 16
  77 30 20
  78 26 20
  79 38 20
  80 38 12
  81 26 12
  82 32 12
  83 24 12
  84 24 24
  85 36 16
  86 26 24
  87 42 20
  88 52 45
  89 44 24
  90 50 28
  91 48 28
  92 54 24
  93 56 28
  94 28 45
  95 44 39
  96 64 39
  97 60 39
  98 28 39
  99 50 24
  100 42 28
  101 50 20
  102 40 43
  103 28 43
  104 48 20
  105 42 24
  106 54 28
  107 44 43
  108 44 49
  109 48 24
  110 52 43
  111 38 28
  112 44 16
  113 56 43
  114 15 10
  115 15 30
  116 17 30
  117 17 10
  118 21 10
  119 21 30
  120 23 30
  121 23 10
  122 27 10
  123 27 30
  124 29 30
  125 29 10
  126 33 10
  127 33 30
  128 35 30
  129 35 10
  130 39 10
  131 39 30
  132 41 30
  133 41 10
  134 45 10
  135 45 30
  136 47 30
  137 47 10
  138 51 10
  139 51 30
  140 53 30
  141 53 10
  142 57 10
  143 57 30
  144 59 30
  145 59 10
  146 63 10
  147 63 30
  148 65 30
  149 65 10
  150 69 10
  151 69 30
  152 71 30
  153 71 10
  154 5 40
  155 5 42
  156 30 42
  157 30 40
  158 5 46
  159 5 48
  160 31 48
  161 31 46
  162 5 52
  163 5 54
  164 32 54
  165 32 52
  166 5 58
  167 5 60
  168 33 60
  169 33 58
  170 5 64
  171 5 66
  172 34 66
  173 34 64
  174 5 70
  175 5 72
  176 35 72
  177 35 70
  178 40 40
  179 40 42
  180 75 42
  181 75 40
  182 41 46
  183 41 48
  184 75 48
  185 75 46
  186 42 52
  187 42 54
  188 75 54
  189 75 52
  190 43 58
  191 43 60
  192 75 60
  193 75 58
  194 44 64
  195 44 66
  196 75 66
  197 75 64
  198 45 70
  199 45 72
  200 75 72
  201 75 70
VISIT_LOCATION_SECTION
  2 2
  3 3
  4 4
  5 5
  6 6
  7 7
  8 8
  9 9
  10 10
  11 11
  12 12
  13 13
  14 14
  15 15
  16 16
  17 17
  18 18
  19 19
  20 20
  21 21
  22 22
  23 23
  24 24
  25 25
  26 26
  27 27
  28 28
  29 29
  30 30
  31 31
  32 32
  33 33
  34 34
  35 35
  36 36
  37 37
  38 38
  39 39
  40 40
  41 41
  42 42
  43 43
  44 44
  45 45
  46 46
  47 47
  48 48
  49 49
  50 50
  51 51
  52 52
  53 53
  54 54
  55 55
  56 56
  57 57
  58 58
  59 59
  60 60
  61 61
  62 62
  63 63
  64 64
  65 65
  66 66
  67 67
  68 68
  69 69
  70 70
  71 71
  72 72
  73 73
  74 74
  75 75
  76 76
  77 77
  78 78
  79 79
  80 80
  81 81
  82 82
  83 83
  84 84
  85 85
  86 86
  87 87
  88 88
  89 89
  90 90
  91 91
  92 92
  93 93
  94 94
  95 95
  96 96
  97 97
  98 98
  99 99
  100 100
  101 101
  102 102
  103 103
  104 104
  105 105
  106 106
  107 107
  108 108
  109 109
  110 110
  111 111
  112 112
  113 113
COMMENT: TIMESTEP: 1
ORDERS_SECTION
  1 2 3 4 5
  2 6 7 8 9 10
  3 11 12
  4 13 14 15
  5 16 17
  6 18 19 20 21
  7 22 23 24
  8 25 26 27 28
  9 29 30 31 32 33
  10 34 35 36 37 38
  11 39 40
  12 41 42 43 44
  13 45 46 47 48
  14 49 50 51 52
  15 53 54 55 56
  16 57 58 59 60
  17 61 62 63
  18 64 65 66 67 68
  19 69 70 71 72 73
  20 74 75 76 77
  21 78 79
  22 80 81 82
  23 83 84 85 86 87
  24 88 89 90
  25 91 92
  26 93 94 95 96
  27 97 98 99 100 101
  28 102 103 104 105 106
  29 107 108 109
  30 110 111 112 113
TIME_AVAIL_SECTION
  1 1
  2 1
  3 1
  4 1
  5 1
  6 1
  7 1
  8 1
  9 1
  10 1
  11 1
  12 1
  13 1
  14 1
  15 1
  16 1
  17 1
  18 1
  19 1
  20 1
  21 1
  22 1
  23 1
  24 1
  25 1
  26 1
  27 1
  28 1
  29 1
  30 1
OBSTACLES
  1 114 115 116 117
  2 118 119 120 121
  3 122 123 124 125
  4 126 127 128 129
  5 130 131 132 133
  6 134 135 136 137
  7 138 139 140 141
  8 142 143 144 145
  9 146 147 148 149
  10 150 151 152 153
  11 154 155 156 157
  12 158 159 160 161
  13 162 163 164 165
  14 166 167 168 169
  15 170 171 172 173
  16 174 175 176 177
  17 178 179 180 181
  18 182 183 184 185
  19 186 187 188 189
  20 190 191 192 193
  21 194 195 196 197
  22 198 199 200 201
EOF
