VRPTEST 1.0
COMMENT: descr: Modified tsplib for the OBP
COMMENT: Best known objective: 963.812
COMMENT: Computational time (s): 0.137326
NAME: c57_91eb
NUM_CAPACITIES: 1
NUM_VISITS: 57
NUM_VEHICLES: 5
CAPACITIES: 8
DATA_SECTION
DEPOTS
  0
  1
VISIT_LOCATION_SECTION
  2 70
  3 110
  4 102
  5 225
  6 205
  7 72
  8 7
  9 96
  10 187
  11 195
  12 54
  13 21
  14 101
  15 81
  16 184
  17 175
  18 63
  19 104
  20 95
  21 179
  22 62
  23 100
  24 138
  25 121
  26 109
  27 164
  28 65
  29 79
  30 111
  31 231
  32 223
  33 25
  34 80
  35 98
  36 130
  37 159
  38 145
  39 125
  40 117
  41 151
  42 88
  43 203
  44 46
  45 55
  46 107
  47 105
  48 200
  49 161
  50 59
  51 91
  52 197
  53 222
  54 48
  55 78
  56 99
  57 162
  58 180
COMMENT: TIMESTEP: 1
ORDERS_SECTION
  1 2
  2 3 4
  3 5 6
  4 7 8
  5 9
  6 10 11
  7 12 13
  8 14 15
  9 16 17
  10 18
  11 19 20
  12 21
  13 22
  14 23
  15 24
  16 25
  17 26
  18 27
  19 28 29
  20 30
  21 31 32
  22 33 34
  23 35 36
  24 37 38
  25 39 40
  26 41 42
  27 43
  28 44 45
  29 46 47
  30 48 49
  31 50
  32 51
  33 52 53
  34 54 55
  35 56
  36 57 58
TIME_AVAIL_SECTION
  1 1
  2 1
  3 1
  4 1
  5 1
  6 1
  7 1
  8 1
  9 1
  10 1
  11 1
  12 1
  13 1
  14 1
  15 1
  16 1
  17 1
  18 1
  19 1
  20 1
  21 1
  22 1
  23 1
  24 1
  25 1
  26 1
  27 1
  28 1
  29 1
  30 1
  31 1
  32 1
  33 1
  34 1
  35 1
  36 1
EOF
