VRPTEST 1.0
COMMENT: descr: Modified tsplib for the OBP
COMMENT: Best known objective: 752.889
COMMENT: Computational time (s): 0.10423199999999999
NAME: c82_a37a
NUM_CAPACITIES: 1
NUM_VISITS: 82
NUM_VEHICLES: 3
CAPACITIES: 4
DATA_SECTION
DEPOTS
  0
  1
VISIT_LOCATION_SECTION
  2 444
  3 90
  4 330
  5 108
  6 417
  7 310
  8 213
  9 458
  10 78
  11 359
  12 362
  13 391
  14 437
  15 40
  16 52
  17 165
  18 365
  19 14
  20 443
  21 191
  22 184
  23 268
  24 13
  25 58
  26 150
  27 155
  28 300
  29 79
  30 143
  31 159
  32 402
  33 8
  34 207
  35 198
  36 12
  37 253
  38 59
  39 121
  40 341
  41 422
  42 313
  43 64
  44 84
  45 166
  46 416
  47 355
  48 429
  49 82
  50 190
  51 44
  52 219
  53 154
  54 440
  55 296
  56 48
  57 302
  58 277
  59 21
  60 468
  61 96
  62 318
  63 261
  64 197
  65 263
  66 319
  67 471
  68 153
  69 193
  70 378
  71 455
  72 266
  73 358
  74 465
  75 419
  76 295
  77 280
  78 451
  79 125
  80 333
  81 405
  82 51
  83 87
COMMENT: TIMESTEP: 1
ORDERS_SECTION
  1 2 3 4 5 6 7 8 9 10 11 12
  2 13 14 15 16 17 18 19 20 21 22 23 24
  3 25 26 27 28 29 30 31 32 33 34 35
  4 36 37 38 39 40 41 42
  5 43 44 45 46 47 48 49 50 51 52
  6 53 54 55 56 57
  7 58 59 60 61 62 63
  8 64 65 66
  9 67 68
  10 69 70
  11 71 72 73 74 75 76 77 78 79 80 81 82 83
TIME_AVAIL_SECTION
  1 1
  2 1
  3 1
  4 1
  5 1
  6 1
  7 1
  8 1
  9 1
  10 1
  11 1
EOF
