VRPTEST 1.0
COMMENT: descr: Modified tsplib for the OBP
COMMENT: Best known objective: 1542.809
COMMENT: Computational time (s): 0.31631600000000004
NAME: c71_9bb0
NUM_CAPACITIES: 1
NUM_VISITS: 71
NUM_VEHICLES: 8
CAPACITIES: 4
DATA_SECTION
DEPOTS
  0
  1
VISIT_LOCATION_SECTION
  2 62
  3 41
  4 129
  5 95
  6 130
  7 209
  8 202
  9 138
  10 40
  11 131
  12 204
  13 116
  14 187
  15 43
  16 90
  17 101
  18 99
  19 110
  20 186
  21 206
  22 175
  23 179
  24 15
  25 87
  26 81
  27 107
  28 108
  29 189
  30 147
  31 7
  32 127
  33 98
  34 88
  35 96
  36 100
  37 194
  38 225
  39 219
  40 168
  41 75
  42 89
  43 102
  44 136
  45 119
  46 36
  47 14
  48 111
  49 128
  50 199
  51 79
  52 67
  53 2
  54 13
  55 104
  56 106
  57 146
  58 139
  59 178
  60 10
  61 42
  62 105
  63 151
  64 97
  65 196
  66 195
  67 153
  68 132
  69 5
  70 53
  71 109
  72 122
COMMENT: TIMESTEP: 1
ORDERS_SECTION
  1 2 3
  2 4 5 6
  3 7 8 9
  4 10
  5 11
  6 12 13 14
  7 15
  8 16 17 18 19
  9 20 21 22 23
  10 24
  11 25 26 27 28
  12 29 30
  13 31 32
  14 33 34 35 36
  15 37 38 39 40
  16 41
  17 42 43
  18 44
  19 45 46 47
  20 48 49
  21 50
  22 51 52 53 54
  23 55 56
  24 57 58 59
  25 60 61
  26 62 63 64
  27 65 66 67 68
  28 69 70
  29 71
  30 72
TIME_AVAIL_SECTION
  1 1
  2 1
  3 1
  4 1
  5 1
  6 1
  7 1
  8 1
  9 1
  10 1
  11 1
  12 1
  13 1
  14 1
  15 1
  16 1
  17 1
  18 1
  19 1
  20 1
  21 1
  22 1
  23 1
  24 1
  25 1
  26 1
  27 1
  28 1
  29 1
  30 1
EOF
