VRPTEST 1.0
COMMENT: descr: Modified tsplib for the OBP
COMMENT: Best known objective: 1126.02
COMMENT: Computational time (s): 0.116047
NAME: c70_6beb
NUM_CAPACITIES: 1
NUM_VISITS: 70
NUM_VEHICLES: 6
CAPACITIES: 4
DATA_SECTION
DEPOTS
  0
  1
VISIT_LOCATION_SECTION
  2 14
  3 29
  4 96
  5 89
  6 104
  7 130
  8 110
  9 206
  10 193
  11 223
  12 154
  13 141
  14 55
  15 22
  16 34
  17 50
  18 95
  19 98
  20 139
  21 132
  22 27
  23 23
  24 6
  25 62
  26 64
  27 99
  28 151
  29 87
  30 97
  31 109
  32 100
  33 164
  34 144
  35 162
  36 20
  37 12
  38 38
  39 58
  40 125
  41 16
  42 88
  43 81
  44 107
  45 195
  46 4
  47 37
  48 42
  49 86
  50 111
  51 102
  52 129
  53 208
  54 137
  55 177
  56 214
  57 175
  58 43
  59 30
  60 77
  61 131
  62 226
  63 191
  64 19
  65 117
  66 75
  67 21
  68 71
  69 24
  70 108
  71 101
COMMENT: TIMESTEP: 1
ORDERS_SECTION
  1 2 3
  2 4 5 6 7 8
  3 9 10 11 12 13
  4 14 15 16 17
  5 18 19
  6 20 21
  7 22 23 24 25 26
  8 27 28 29 30 31 32
  9 33 34 35
  10 36 37 38 39 40 41
  11 42 43 44
  12 45
  13 46 47 48 49
  14 50 51 52
  15 53 54 55 56 57
  16 58 59 60
  17 61
  18 62 63
  19 64 65 66 67 68 69
  20 70 71
TIME_AVAIL_SECTION
  1 1
  2 1
  3 1
  4 1
  5 1
  6 1
  7 1
  8 1
  9 1
  10 1
  11 1
  12 1
  13 1
  14 1
  15 1
  16 1
  17 1
  18 1
  19 1
  20 1
EOF
