VRPTEST 1.0
COMMENT: descr: Modified tsplib for the OBP
COMMENT: Best known objective: 1276.755
COMMENT: Computational time (s): 0.202053
NAME: c80_29a0
NUM_CAPACITIES: 1
NUM_VISITS: 80
NUM_VEHICLES: 5
CAPACITIES: 8
DATA_SECTION
DEPOTS
  0
  1
VISIT_LOCATION_SECTION
  2 38
  3 11
  4 183
  5 186
  6 253
  7 250
  8 178
  9 30
  10 41
  11 78
  12 229
  13 215
  14 231
  15 236
  16 154
  17 179
  18 54
  19 39
  20 195
  21 208
  22 205
  23 125
  24 26
  25 3
  26 85
  27 97
  28 235
  29 149
  30 61
  31 58
  32 65
  33 57
  34 100
  35 212
  36 258
  37 81
  38 197
  39 163
  40 161
  41 5
  42 35
  43 29
  44 74
  45 187
  46 94
  47 182
  48 158
  49 24
  50 209
  51 108
  52 18
  53 53
  54 67
  55 79
  56 137
  57 251
  58 28
  59 55
  60 31
  61 22
  62 15
  63 204
  64 135
  65 145
  66 130
  67 25
  68 109
  69 228
  70 86
  71 90
  72 244
  73 147
  74 132
  75 119
  76 2
  77 240
  78 201
  79 222
  80 263
  81 248
COMMENT: TIMESTEP: 1
ORDERS_SECTION
  1 2 3
  2 4 5
  3 6 7 8
  4 9 10 11
  5 12
  6 13 14 15 16 17
  7 18 19
  8 20 21 22
  9 23
  10 24 25
  11 26 27
  12 28 29
  13 30 31 32 33
  14 34 35 36 37 38
  15 39 40
  16 41 42 43 44
  17 45 46 47
  18 48
  19 49
  20 50
  21 51
  22 52 53 54
  23 55
  24 56 57
  25 58 59 60 61 62
  26 63
  27 64 65 66
  28 67 68
  29 69 70 71 72
  30 73 74 75
  31 76
  32 77 78 79
  33 80 81
TIME_AVAIL_SECTION
  1 1
  2 1
  3 1
  4 1
  5 1
  6 1
  7 1
  8 1
  9 1
  10 1
  11 1
  12 1
  13 1
  14 1
  15 1
  16 1
  17 1
  18 1
  19 1
  20 1
  21 1
  22 1
  23 1
  24 1
  25 1
  26 1
  27 1
  28 1
  29 1
  30 1
  31 1
  32 1
  33 1
EOF
