VRPTEST 1.0
COMMENT: descr: Modified tsplib for the OBP
COMMENT: Best known objective: 1016.0
COMMENT: Computational time (s): 0.167
NAME: c140_227c
NUM_DEPOTS: 2
NUM_CAPACITIES: 1
NUM_VISITS: 140
NUM_LOCATIONS: 190
NUM_VEHICLES: 4
CAPACITIES: 8
DATA_SECTION
DEPOTS
  0
  1
LOCATION_COORD_SECTION
  0 35 70
  1 50 70
  2 24 33
  3 19 14
  4 8 20
  5 22 32
  6 22 5
  7 13 24
  8 20 7
  9 58 16
  10 18 8
  11 22 31
  12 23 3
  13 20 26
  14 20 31
  15 25 24
  16 20 23
  17 17 9
  18 16 9
  19 25 28
  20 58 23
  21 21 17
  22 19 9
  23 19 19
  24 20 21
  25 6 20
  26 13 20
  27 19 6
  28 25 11
  29 15 11
  30 13 16
  31 13 26
  32 13 21
  33 65 56
  34 71 53
  35 59 50
  36 76 68
  37 60 77
  38 58 77
  39 73 63
  40 66 63
  41 62 70
  42 75 57
  43 58 67
  44 70 56
  45 58 38
  46 65 61
  47 76 47
  48 65 50
  49 69 70
  50 58 70
  51 69 55
  52 64 49
  53 59 42
  54 70 39
  55 75 60
  56 67 72
  57 72 69
  58 65 68
  59 67 65
  60 64 65
  61 67 78
  62 67 77
  63 77 66
  64 68 68
  65 64 62
  66 69 38
  67 59 38
  68 64 56
  69 64 36
  70 59 62
  71 76 64
  72 63 60
  73 59 32
  74 17 61
  75 14 56
  76 19 57
  77 25 76
  78 13 59
  79 21 77
  80 7 65
  81 18 70
  82 20 77
  83 24 67
  84 25 56
  85 24 63
  86 17 68
  87 13 73
  88 19 59
  89 10 71
  90 15 62
  91 5 55
  92 14 76
  93 13 76
  94 11 65
  95 5 54
  96 13 78
  97 13 63
  98 22 60
  99 23 65
  100 4 67
  101 16 64
  102 14 67
  103 23 62
  104 20 60
  105 10 76
  106 17 60
  107 8 69
  108 15 71
  109 17 77
  110 15 40
  111 21 45
  112 13 44
  113 20 47
  114 21 41
  115 19 51
  116 13 49
  117 21 43
  118 7 47
  119 7 53
  120 16 35
  121 14 50
  122 7 45
  123 20 49
  124 3 53
  125 19 36
  126 19 48
  127 3 50
  128 5 53
  129 7 44
  130 25 46
  131 9 44
  132 23 35
  133 20 40
  134 19 39
  135 20 46
  136 14 42
  137 5 49
  138 15 52
  139 25 53
  140 20 34
  141 14 39
  142 10 10
  143 10 30
  144 12 30
  145 12 10
  146 16 10
  147 16 30
  148 18 30
  149 18 10
  150 22 10
  151 22 30
  152 24 30
  153 24 10
  154 10 36
  155 10 56
  156 12 56
  157 12 36
  158 16 36
  159 16 56
  160 18 56
  161 18 36
  162 22 36
  163 22 56
  164 24 56
  165 24 36
  166 60 10
  167 60 30
  168 62 30
  169 62 10
  170 66 10
  171 66 30
  172 68 30
  173 68 10
  174 72 10
  175 72 30
  176 74 30
  177 74 10
  178 60 36
  179 60 56
  180 62 56
  181 62 36
  182 66 36
  183 66 56
  184 68 56
  185 68 36
  186 72 36
  187 72 56
  188 74 56
  189 74 36
VISIT_LOCATION_SECTION
  2 2
  3 3
  4 4
  5 5
  6 6
  7 7
  8 8
  9 9
  10 10
  11 11
  12 12
  13 13
  14 14
  15 15
  16 16
  17 17
  18 18
  19 19
  20 20
  21 21
  22 22
  23 23
  24 24
  25 25
  26 26
  27 27
  28 28
  29 29
  30 30
  31 31
  32 32
  33 33
  34 34
  35 35
  36 36
  37 37
  38 38
  39 39
  40 40
  41 41
  42 42
  43 43
  44 44
  45 45
  46 46
  47 47
  48 48
  49 49
  50 50
  51 51
  52 52
  53 53
  54 54
  55 55
  56 56
  57 57
  58 58
  59 59
  60 60
  61 61
  62 62
  63 63
  64 64
  65 65
  66 66
  67 67
  68 68
  69 69
  70 70
  71 71
  72 72
  73 73
  74 74
  75 75
  76 76
  77 77
  78 78
  79 79
  80 80
  81 81
  82 82
  83 83
  84 84
  85 85
  86 86
  87 87
  88 88
  89 89
  90 90
  91 91
  92 92
  93 93
  94 94
  95 95
  96 96
  97 97
  98 98
  99 99
  100 100
  101 101
  102 102
  103 103
  104 104
  105 105
  106 106
  107 107
  108 108
  109 109
  110 110
  111 111
  112 112
  113 113
  114 114
  115 115
  116 116
  117 117
  118 118
  119 119
  120 120
  121 121
  122 122
  123 123
  124 124
  125 125
  126 126
  127 127
  128 128
  129 129
  130 130
  131 131
  132 132
  133 133
  134 134
  135 135
  136 136
  137 137
  138 138
  139 139
  140 140
  141 141
COMMENT: TIMESTEP: 1
ORDERS_SECTION
  1 2 3
  2 4 5
  3 6 7 8 9 10 11 12
  4 13 14 15 16 17 18 19
  5 20 21
  6 22 23 24
  7 25 26 27 28 29 30
  8 31 32
  9 33 34 35 36 37 38
  10 39 40 41
  11 42 43 44 45 46 47
  12 48 49 50
  13 51 52 53 54 55
  14 56 57 58 59 60
  15 61 62 63 64 65 66 67
  16 68 69 70 71 72 73
  17 74 75
  18 76 77 78 79 80 81 82
  19 83 84 85 86 87 88
  20 89 90 91 92 93 94 95
  21 96 97 98 99 100
  22 101 102 103 104 105
  23 106 107 108 109
  24 110 111 112 113 114 115
  25 116 117 118 119
  26 120 121 122 123 124
  27 125 126 127
  28 128 129 130 131 132
  29 133 134 135 136 137 138 139
  30 140 141
TIME_AVAIL_SECTION
  1 1
  2 1
  3 1
  4 1
  5 1
  6 1
  7 1
  8 1
  9 1
  10 1
  11 1
  12 1
  13 1
  14 1
  15 1
  16 1
  17 1
  18 1
  19 1
  20 1
  21 1
  22 1
  23 1
  24 1
  25 1
  26 1
  27 1
  28 1
  29 1
  30 1
OBSTACLES
  1 142 143 144 145
  2 146 147 148 149
  3 150 151 152 153
  4 154 155 156 157
  5 158 159 160 161
  6 162 163 164 165
  7 166 167 168 169
  8 170 171 172 173
  9 174 175 176 177
  10 178 179 180 181
  11 182 183 184 185
  12 186 187 188 189
EOF
