VRPTEST 1.0
COMMENT: descr: Modified tsplib for the OBP
COMMENT: Best known objective: 1555.0
COMMENT: Computational time (s): 0.104
NAME: c144_0cfd
NUM_DEPOTS: 2
NUM_CAPACITIES: 1
NUM_VISITS: 144
NUM_LOCATIONS: 214
NUM_VEHICLES: 8
CAPACITIES: 4
DATA_SECTION
DEPOTS
  0
  1
LOCATION_COORD_SECTION
  0 70 40
  1 65 60
  2 48 39
  3 36 45
  4 24 39
  5 28 39
  6 16 39
  7 32 43
  8 39 28
  9 28 45
  10 27 20
  11 31 28
  12 27 28
  13 48 43
  14 20 45
  15 25 28
  16 21 28
  17 19 28
  18 33 28
  19 20 39
  20 40 39
  21 27 24
  22 33 20
  23 28 43
  24 25 24
  25 33 16
  26 36 43
  27 31 20
  28 44 39
  29 12 39
  30 44 43
  31 12 43
  32 32 45
  33 16 43
  34 24 43
  35 16 45
  36 24 45
  37 20 43
  38 40 43
  39 37 28
  40 31 16
  41 31 24
  42 32 39
  43 33 24
  44 57 20
  45 57 24
  46 67 20
  47 63 20
  48 43 16
  49 69 24
  50 51 24
  51 43 20
  52 49 12
  53 63 12
  54 69 28
  55 45 24
  56 49 28
  57 61 28
  58 57 28
  59 63 28
  60 55 28
  61 73 28
  62 57 16
  63 55 12
  64 51 28
  65 51 16
  66 61 16
  67 51 20
  68 37 20
  69 45 20
  70 63 24
  71 45 16
  72 49 16
  73 69 16
  74 73 24
  75 55 16
  76 67 28
  77 49 20
  78 39 24
  79 57 12
  80 61 12
  81 61 20
  82 39 20
  83 20 61
  84 24 61
  85 36 63
  86 36 69
  87 16 57
  88 28 63
  89 20 55
  90 36 73
  91 16 61
  92 24 49
  93 28 51
  94 32 69
  95 20 49
  96 28 67
  97 28 61
  98 28 69
  99 24 67
  100 20 57
  101 16 63
  102 24 57
  103 36 57
  104 32 55
  105 24 51
  106 32 67
  107 20 67
  108 28 49
  109 24 55
  110 28 55
  111 32 63
  112 36 67
  113 16 55
  114 32 51
  115 36 61
  116 24 69
  117 24 63
  118 12 55
  119 20 69
  120 28 73
  121 32 57
  122 44 45
  123 48 57
  124 48 67
  125 48 63
  126 44 61
  127 44 73
  128 40 51
  129 44 69
  130 40 55
  131 48 49
  132 40 63
  133 48 51
  134 36 51
  135 44 63
  136 48 61
  137 44 55
  138 44 67
  139 40 61
  140 44 51
  141 44 57
  142 36 49
  143 36 55
  144 40 73
  145 40 57
  146 10 10
  147 10 30
  148 12 30
  149 12 10
  150 16 10
  151 16 30
  152 18 30
  153 18 10
  154 22 10
  155 22 30
  156 24 30
  157 24 10
  158 28 10
  159 28 30
  160 30 30
  161 30 10
  162 34 10
  163 34 30
  164 36 30
  165 36 10
  166 40 10
  167 40 30
  168 42 30
  169 42 10
  170 46 10
  171 46 30
  172 48 30
  173 48 10
  174 52 10
  175 52 30
  176 54 30
  177 54 10
  178 58 10
  179 58 30
  180 60 30
  181 60 10
  182 64 10
  183 64 30
  184 66 30
  185 66 10
  186 70 10
  187 70 30
  188 72 30
  189 72 10
  190 10 40
  191 10 42
  192 50 42
  193 50 40
  194 10 46
  195 10 48
  196 50 48
  197 50 46
  198 10 52
  199 10 54
  200 50 54
  201 50 52
  202 10 58
  203 10 60
  204 50 60
  205 50 58
  206 10 64
  207 10 66
  208 50 66
  209 50 64
  210 10 70
  211 10 72
  212 50 72
  213 50 70
VISIT_LOCATION_SECTION
  2 2
  3 3
  4 4
  5 5
  6 6
  7 7
  8 8
  9 9
  10 10
  11 11
  12 12
  13 13
  14 14
  15 15
  16 16
  17 17
  18 18
  19 19
  20 20
  21 21
  22 22
  23 23
  24 24
  25 25
  26 26
  27 27
  28 28
  29 29
  30 30
  31 31
  32 32
  33 33
  34 34
  35 35
  36 36
  37 37
  38 38
  39 39
  40 40
  41 41
  42 42
  43 43
  44 44
  45 45
  46 46
  47 47
  48 48
  49 49
  50 50
  51 51
  52 52
  53 53
  54 54
  55 55
  56 56
  57 57
  58 58
  59 59
  60 60
  61 61
  62 62
  63 63
  64 64
  65 65
  66 66
  67 67
  68 68
  69 69
  70 70
  71 71
  72 72
  73 73
  74 74
  75 75
  76 76
  77 77
  78 78
  79 79
  80 80
  81 81
  82 82
  83 83
  84 84
  85 85
  86 86
  87 87
  88 88
  89 89
  90 90
  91 91
  92 92
  93 93
  94 94
  95 95
  96 96
  97 97
  98 98
  99 99
  100 100
  101 101
  102 102
  103 103
  104 104
  105 105
  106 106
  107 107
  108 108
  109 109
  110 110
  111 111
  112 112
  113 113
  114 114
  115 115
  116 116
  117 117
  118 118
  119 119
  120 120
  121 121
  122 122
  123 123
  124 124
  125 125
  126 126
  127 127
  128 128
  129 129
  130 130
  131 131
  132 132
  133 133
  134 134
  135 135
  136 136
  137 137
  138 138
  139 139
  140 140
  141 141
  142 142
  143 143
  144 144
  145 145
COMMENT: TIMESTEP: 1
ORDERS_SECTION
  1 2 3 4 5 6 7 8
  2 9 10
  3 11 12 13
  4 14 15
  5 16 17 18 19 20 21 22 23
  6 24 25 26 27
  7 28 29 30 31 32 33 34 35
  8 36 37 38 39 40 41 42 43
  9 44 45 46
  10 47 48 49 50 51 52 53 54
  11 55 56 57 58
  12 59 60 61 62 63
  13 64 65
  14 66 67 68 69 70 71
  15 72 73 74 75 76 77 78 79
  16 80 81 82
  17 83 84 85 86 87 88 89
  18 90 91 92 93
  19 94 95 96 97 98 99 100 101
  20 102 103 104
  21 105 106 107 108 109 110 111
  22 112 113 114 115 116 117 118 119
  23 120 121
  24 122 123 124
  25 125 126 127 128 129
  26 130 131
  27 132 133
  28 134 135
  29 136 137 138 139 140 141 142 143
  30 144 145
TIME_AVAIL_SECTION
  1 1
  2 1
  3 1
  4 1
  5 1
  6 1
  7 1
  8 1
  9 1
  10 1
  11 1
  12 1
  13 1
  14 1
  15 1
  16 1
  17 1
  18 1
  19 1
  20 1
  21 1
  22 1
  23 1
  24 1
  25 1
  26 1
  27 1
  28 1
  29 1
  30 1
OBSTACLES
  1 146 147 148 149
  2 150 151 152 153
  3 154 155 156 157
  4 158 159 160 161
  5 162 163 164 165
  6 166 167 168 169
  7 170 171 172 173
  8 174 175 176 177
  9 178 179 180 181
  10 182 183 184 185
  11 186 187 188 189
  12 190 191 192 193
  13 194 195 196 197
  14 198 199 200 201
  15 202 203 204 205
  16 206 207 208 209
  17 210 211 212 213
EOF
