VRPTEST 1.0
COMMENT: descr: Modified tsplib for the OBP
COMMENT: Best known objective: 1029.0
COMMENT: Computational time (s): 0.141
NAME: c172_13b4
NUM_DEPOTS: 2
NUM_CAPACITIES: 1
NUM_VISITS: 172
NUM_LOCATIONS: 178
NUM_VEHICLES: 6
CAPACITIES: 4
DATA_SECTION
DEPOTS
  0
  1
LOCATION_COORD_SECTION
  0 5 20
  1 5 50
  2 33 59
  3 36 73
  4 31 68
  5 43 65
  6 43 43
  7 40 40
  8 43 47
  9 17 52
  10 33 56
  11 36 47
  12 28 65
  13 44 56
  14 19 51
  15 40 53
  16 31 45
  17 28 46
  18 19 57
  19 53 49
  20 36 63
  21 28 50
  22 16 50
  23 54 48
  24 36 42
  25 34 51
  26 19 59
  27 33 70
  28 42 55
  29 42 62
  30 23 62
  31 18 58
  32 24 63
  33 30 70
  34 48 44
  35 15 54
  36 33 53
  37 49 57
  38 36 41
  39 39 46
  40 30 69
  41 36 61
  42 27 59
  43 44 48
  44 48 60
  45 48 57
  46 27 64
  47 23 51
  48 18 52
  49 20 59
  50 40 54
  51 32 50
  52 31 47
  53 37 43
  54 50 48
  55 8 20
  56 28 22
  57 8 22
  58 26 26
  59 20 26
  60 9 28
  61 15 25
  62 6 28
  63 20 10
  64 17 16
  65 4 36
  66 19 36
  67 19 9
  68 6 23
  69 23 11
  70 40 29
  71 17 19
  72 16 10
  73 9 35
  74 23 24
  75 30 21
  76 18 13
  77 25 11
  78 18 8
  79 8 30
  80 13 20
  81 28 31
  82 21 20
  83 5 31
  84 61 34
  85 63 38
  86 57 20
  87 54 35
  88 49 22
  89 57 17
  90 41 20
  91 45 10
  92 49 26
  93 43 13
  94 56 22
  95 66 31
  96 70 26
  97 36 18
  98 46 28
  99 41 23
  100 58 13
  101 37 17
  102 55 34
  103 43 23
  104 48 13
  105 49 14
  106 51 11
  107 54 41
  108 51 6
  109 60 15
  110 54 14
  111 52 29
  112 63 19
  113 58 32
  114 54 38
  115 74 25
  116 72 29
  117 64 36
  118 46 14
  119 43 21
  120 52 14
  121 73 26
  122 51 4
  123 58 11
  124 46 11
  125 68 28
  126 39 26
  127 61 36
  128 50 8
  129 70 23
  130 68 12
  131 59 39
  132 55 11
  133 76 20
  134 74 22
  135 64 32
  136 68 33
  137 28 42
  138 23 35
  139 6 39
  140 21 43
  141 18 41
  142 19 48
  143 28 38
  144 19 39
  145 7 45
  146 27 40
  147 44 38
  148 25 46
  149 23 41
  150 37 38
  151 14 42
  152 24 45
  153 20 46
  154 21 41
  155 17 47
  156 46 38
  157 42 37
  158 13 49
  159 14 39
  160 42 39
  161 4 41
  162 5 37
  163 22 40
  164 20 47
  165 16 49
  166 24 33
  167 7 43
  168 34 33
  169 13 44
  170 31 37
  171 40 38
  172 31 38
  173 16 43
  174 10 10
  175 10 60
  176 12 60
  177 12 10
VISIT_LOCATION_SECTION
  2 2
  3 3
  4 4
  5 5
  6 6
  7 7
  8 8
  9 9
  10 10
  11 11
  12 12
  13 13
  14 14
  15 15
  16 16
  17 17
  18 18
  19 19
  20 20
  21 21
  22 22
  23 23
  24 24
  25 25
  26 26
  27 27
  28 28
  29 29
  30 30
  31 31
  32 32
  33 33
  34 34
  35 35
  36 36
  37 37
  38 38
  39 39
  40 40
  41 41
  42 42
  43 43
  44 44
  45 45
  46 46
  47 47
  48 48
  49 49
  50 50
  51 51
  52 52
  53 53
  54 54
  55 55
  56 56
  57 57
  58 58
  59 59
  60 60
  61 61
  62 62
  63 63
  64 64
  65 65
  66 66
  67 67
  68 68
  69 69
  70 70
  71 71
  72 72
  73 73
  74 74
  75 75
  76 76
  77 77
  78 78
  79 79
  80 80
  81 81
  82 82
  83 83
  84 84
  85 85
  86 86
  87 87
  88 88
  89 89
  90 90
  91 91
  92 92
  93 93
  94 94
  95 95
  96 96
  97 97
  98 98
  99 99
  100 100
  101 101
  102 102
  103 103
  104 104
  105 105
  106 106
  107 107
  108 108
  109 109
  110 110
  111 111
  112 112
  113 113
  114 114
  115 115
  116 116
  117 117
  118 118
  119 119
  120 120
  121 121
  122 122
  123 123
  124 124
  125 125
  126 126
  127 127
  128 128
  129 129
  130 130
  131 131
  132 132
  133 133
  134 134
  135 135
  136 136
  137 137
  138 138
  139 139
  140 140
  141 141
  142 142
  143 143
  144 144
  145 145
  146 146
  147 147
  148 148
  149 149
  150 150
  151 151
  152 152
  153 153
  154 154
  155 155
  156 156
  157 157
  158 158
  159 159
  160 160
  161 161
  162 162
  163 163
  164 164
  165 165
  166 166
  167 167
  168 168
  169 169
  170 170
  171 171
  172 172
  173 173
COMMENT: TIMESTEP: 1
ORDERS_SECTION
  1 2 3 4 5 6
  2 7 8 9 10 11 12 13 14 15 16 17 18 19 20 21
  3 22 23 24 25 26 27 28 29 30 31 32 33 34
  4 35 36 37 38 39 40 41 42 43 44 45 46
  5 47 48 49 50 51 52 53 54
  6 55 56 57 58 59 60 61
  7 62 63 64 65 66
  8 67 68 69 70 71 72 73 74 75 76
  9 77 78 79 80
  10 81 82 83
  11 84 85 86 87 88 89 90 91 92 93
  12 94 95 96 97 98 99
  13 100 101 102 103 104 105 106 107 108 109
  14 110 111 112 113 114 115 116 117 118 119 120 121 122
  15 123 124 125 126 127 128 129 130 131 132 133 134 135 136
  16 137 138 139 140
  17 141 142
  18 143 144 145 146 147 148 149 150 151 152 153 154 155
  19 156 157 158 159 160 161 162 163 164 165 166
  20 167 168 169 170 171 172 173
TIME_AVAIL_SECTION
  1 1
  2 1
  3 1
  4 1
  5 1
  6 1
  7 1
  8 1
  9 1
  10 1
  11 1
  12 1
  13 1
  14 1
  15 1
  16 1
  17 1
  18 1
  19 1
  20 1
OBSTACLES
  1 174 175 176 177
EOF
