VRPTEST 1.0
COMMENT: descr: Modified tsplib for the OBP
COMMENT: Best known objective: 746.0
COMMENT: Computational time (s): 0.091
NAME: c132_0ce6
NUM_DEPOTS: 2
NUM_CAPACITIES: 1
NUM_VISITS: 132
NUM_LOCATIONS: 134
NUM_VEHICLES: 5
CAPACITIES: 5
DATA_SECTION
DEPOTS
  0
  1
LOCATION_COORD_SECTION
  0 5 30
  1 5 50
  2 26 69
  3 51 63
  4 39 61
  5 37 43
  6 46 71
  7 19 59
  8 45 56
  9 16 58
  10 46 64
  11 42 75
  12 39 65
  13 43 49
  14 30 67
  15 28 57
  16 33 71
  17 48 69
  18 42 72
  19 51 65
  20 34 74
  21 41 74
  22 49 59
  23 52 68
  24 22 61
  25 31 56
  26 51 64
  27 19 60
  28 40 59
  29 29 67
  30 30 69
  31 52 59
  32 24 50
  33 63 33
  34 59 30
  35 58 55
  36 55 55
  37 49 44
  38 61 48
  39 61 40
  40 63 42
  41 60 58
  42 55 45
  43 75 48
  44 60 34
  45 58 60
  46 51 37
  47 73 36
  48 60 40
  49 55 44
  50 45 42
  51 73 45
  52 61 41
  53 53 46
  54 69 44
  55 62 57
  56 57 28
  57 62 47
  58 73 38
  59 66 34
  60 48 40
  61 47 45
  62 59 59
  63 70 53
  64 57 31
  65 62 49
  66 61 52
  67 51 50
  68 65 40
  69 64 51
  70 65 38
  71 66 53
  72 60 61
  73 49 15
  74 53 18
  75 44 13
  76 53 19
  77 50 15
  78 46 35
  79 54 31
  80 45 25
  81 45 35
  82 50 35
  83 46 13
  84 45 18
  85 49 36
  86 45 15
  87 50 36
  88 45 23
  89 44 10
  90 50 26
  91 49 25
  92 48 27
  93 46 12
  94 49 17
  95 53 21
  96 48 16
  97 48 25
  98 47 29
  99 50 18
  100 43 22
  101 46 30
  102 43 8
  103 45 9
  104 42 9
  105 42 31
  106 42 35
  107 28 35
  108 41 29
  109 37 29
  110 36 36
  111 31 32
  112 27 23
  113 38 41
  114 37 30
  115 41 38
  116 38 23
  117 34 27
  118 39 15
  119 23 35
  120 35 21
  121 32 21
  122 32 25
  123 25 34
  124 35 16
  125 23 34
  126 42 32
  127 39 14
  128 38 24
  129 38 42
  130 36 14
  131 39 22
  132 42 13
  133 42 40
VISIT_LOCATION_SECTION
  2 2
  3 3
  4 4
  5 5
  6 6
  7 7
  8 8
  9 9
  10 10
  11 11
  12 12
  13 13
  14 14
  15 15
  16 16
  17 17
  18 18
  19 19
  20 20
  21 21
  22 22
  23 23
  24 24
  25 25
  26 26
  27 27
  28 28
  29 29
  30 30
  31 31
  32 32
  33 33
  34 34
  35 35
  36 36
  37 37
  38 38
  39 39
  40 40
  41 41
  42 42
  43 43
  44 44
  45 45
  46 46
  47 47
  48 48
  49 49
  50 50
  51 51
  52 52
  53 53
  54 54
  55 55
  56 56
  57 57
  58 58
  59 59
  60 60
  61 61
  62 62
  63 63
  64 64
  65 65
  66 66
  67 67
  68 68
  69 69
  70 70
  71 71
  72 72
  73 73
  74 74
  75 75
  76 76
  77 77
  78 78
  79 79
  80 80
  81 81
  82 82
  83 83
  84 84
  85 85
  86 86
  87 87
  88 88
  89 89
  90 90
  91 91
  92 92
  93 93
  94 94
  95 95
  96 96
  97 97
  98 98
  99 99
  100 100
  101 101
  102 102
  103 103
  104 104
  105 105
  106 106
  107 107
  108 108
  109 109
  110 110
  111 111
  112 112
  113 113
  114 114
  115 115
  116 116
  117 117
  118 118
  119 119
  120 120
  121 121
  122 122
  123 123
  124 124
  125 125
  126 126
  127 127
  128 128
  129 129
  130 130
  131 131
  132 132
  133 133
COMMENT: TIMESTEP: 1
ORDERS_SECTION
  1 2 3 4
  2 5 6 7 8 9 10 11 12 13 14
  3 15 16 17
  4 18 19 20
  5 21 22 23 24 25 26 27 28 29 30 31 32
  6 33 34 35 36 37 38 39 40 41 42 43 44
  7 45 46 47 48 49 50 51 52 53 54 55
  8 56 57 58 59 60 61 62 63 64 65 66 67 68
  9 69 70
  10 71 72
  11 73 74 75 76 77 78
  12 79 80 81 82
  13 83 84 85 86 87 88 89 90 91 92 93 94 95
  14 96 97 98 99 100
  15 101 102 103
  16 104 105 106 107 108 109 110 111 112
  17 113 114 115
  18 116 117
  19 118 119 120
  20 121 122 123 124 125 126 127 128 129 130 131 132 133
TIME_AVAIL_SECTION
  1 1
  2 1
  3 1
  4 1
  5 1
  6 1
  7 1
  8 1
  9 1
  10 1
  11 1
  12 1
  13 1
  14 1
  15 1
  16 1
  17 1
  18 1
  19 1
  20 1
EOF
