VRPTEST 1.0
COMMENT: descr: Modified tsplib for the OBP
COMMENT: Best known objective: 884.416
COMMENT: Computational time (s): 0.136486
NAME: c71_7ea7
NUM_CAPACITIES: 1
NUM_VISITS: 71
NUM_VEHICLES: 5
CAPACITIES: 4
DATA_SECTION
DEPOTS
  0
  1
VISIT_LOCATION_SECTION
  2 8
  3 236
  4 377
  5 456
  6 99
  7 433
  8 184
  9 382
  10 67
  11 73
  12 51
  13 87
  14 20
  15 235
  16 112
  17 200
  18 46
  19 389
  20 308
  21 185
  22 356
  23 182
  24 427
  25 306
  26 412
  27 125
  28 304
  29 254
  30 149
  31 255
  32 124
  33 104
  34 138
  35 413
  36 327
  37 363
  38 152
  39 94
  40 273
  41 78
  42 318
  43 217
  44 7
  45 289
  46 165
  47 48
  48 110
  49 90
  50 250
  51 302
  52 351
  53 129
  54 114
  55 296
  56 290
  57 120
  58 423
  59 300
  60 298
  61 215
  62 47
  63 108
  64 211
  65 158
  66 320
  67 194
  68 434
  69 65
  70 265
  71 281
  72 425
COMMENT: TIMESTEP: 1
ORDERS_SECTION
  1 2 3
  2 4 5 6 7 8
  3 9 10 11 12 13
  4 14 15 16 17 18
  5 19 20 21 22 23 24
  6 25 26 27 28
  7 29 30 31 32
  8 33 34 35 36
  9 37 38 39 40 41
  10 42 43
  11 44 45 46 47 48
  12 49 50 51 52 53
  13 54 55 56 57 58
  14 59 60
  15 61 62 63 64 65
  16 66 67 68
  17 69
  18 70 71
  19 72
TIME_AVAIL_SECTION
  1 1
  2 1
  3 1
  4 1
  5 1
  6 1
  7 1
  8 1
  9 1
  10 1
  11 1
  12 1
  13 1
  14 1
  15 1
  16 1
  17 1
  18 1
  19 1
EOF
