VRPTEST 1.0
COMMENT: descr: Modified tsplib for the OBP
COMMENT: Best known objective: 1189.361
COMMENT: Computational time (s): 0.310969
NAME: c153_7702
NUM_CAPACITIES: 1
NUM_VISITS: 153
NUM_VEHICLES: 6
CAPACITIES: 4
DATA_SECTION
DEPOTS
  0
  1
VISIT_LOCATION_SECTION
  2 251
  3 210
  4 258
  5 352
  6 277
  7 393
  8 167
  9 10
  10 138
  11 456
  12 97
  13 377
  14 308
  15 161
  16 359
  17 108
  18 412
  19 477
  20 372
  21 264
  22 324
  23 342
  24 299
  25 367
  26 318
  27 118
  28 347
  29 227
  30 13
  31 162
  32 356
  33 396
  34 234
  35 165
  36 126
  37 65
  38 379
  39 77
  40 350
  41 110
  42 213
  43 419
  44 113
  45 405
  46 406
  47 54
  48 431
  49 173
  50 296
  51 136
  52 385
  53 348
  54 237
  55 119
  56 397
  57 146
  58 63
  59 195
  60 344
  61 145
  62 400
  63 236
  64 81
  65 223
  66 235
  67 451
  68 360
  69 33
  70 446
  71 117
  72 247
  73 252
  74 332
  75 76
  76 441
  77 218
  78 369
  79 157
  80 464
  81 20
  82 290
  83 6
  84 84
  85 21
  86 423
  87 18
  88 297
  89 270
  90 26
  91 144
  92 274
  93 433
  94 169
  95 137
  96 151
  97 59
  98 322
  99 34
  100 345
  101 300
  102 337
  103 40
  104 292
  105 465
  106 181
  107 3
  108 90
  109 92
  110 43
  111 221
  112 37
  113 60
  114 140
  115 83
  116 293
  117 8
  118 387
  119 420
  120 35
  121 315
  122 114
  123 340
  124 185
  125 388
  126 109
  127 462
  128 152
  129 336
  130 281
  131 414
  132 403
  133 112
  134 194
  135 189
  136 408
  137 98
  138 444
  139 458
  140 171
  141 470
  142 79
  143 44
  144 131
  145 262
  146 280
  147 101
  148 127
  149 424
  150 437
  151 321
  152 15
  153 263
  154 472
COMMENT: TIMESTEP: 1
ORDERS_SECTION
  1 2 3 4 5 6 7 8 9
  2 10 11 12 13 14 15 16
  3 17 18 19 20 21
  4 22 23 24 25 26 27 28 29
  5 30 31 32 33 34 35 36 37 38 39 40 41
  6 42 43 44 45 46 47 48
  7 49 50 51 52 53 54 55 56 57
  8 58
  9 59 60 61
  10 62 63 64 65 66 67 68 69 70 71 72 73 74
  11 75 76 77
  12 78 79 80
  13 81 82 83 84 85 86 87 88 89 90 91 92
  14 93 94 95 96 97 98 99 100 101
  15 102 103 104 105 106 107 108 109 110 111 112 113 114 115
  16 116 117 118 119 120 121 122 123
  17 124
  18 125 126 127 128 129 130 131
  19 132 133 134
  20 135 136
  21 137 138
  22 139 140 141 142 143 144 145 146 147 148 149
  23 150 151 152 153 154
TIME_AVAIL_SECTION
  1 1
  2 1
  3 1
  4 1
  5 1
  6 1
  7 1
  8 1
  9 1
  10 1
  11 1
  12 1
  13 1
  14 1
  15 1
  16 1
  17 1
  18 1
  19 1
  20 1
  21 1
  22 1
  23 1
EOF
