VRPTEST 1.0
COMMENT: descr: Modified tsplib for the OBP
COMMENT: Best known objective: 1896.883
COMMENT: Computational time (s): 0.708322
NAME: c169_8d99
NUM_CAPACITIES: 1
NUM_VISITS: 169
NUM_VEHICLES: 10
CAPACITIES: 4
DATA_SECTION
DEPOTS
  0
  1
VISIT_LOCATION_SECTION
  2 420
  3 6
  4 342
  5 359
  6 261
  7 85
  8 281
  9 462
  10 266
  11 400
  12 44
  13 116
  14 118
  15 137
  16 331
  17 211
  18 212
  19 92
  20 215
  21 419
  22 344
  23 122
  24 429
  25 283
  26 334
  27 106
  28 313
  29 308
  30 184
  31 175
  32 156
  33 80
  34 73
  35 174
  36 39
  37 306
  38 54
  39 113
  40 381
  41 142
  42 270
  43 102
  44 93
  45 48
  46 76
  47 70
  48 245
  49 384
  50 321
  51 376
  52 12
  53 129
  54 368
  55 464
  56 243
  57 380
  58 265
  59 325
  60 345
  61 437
  62 185
  63 65
  64 63
  65 188
  66 161
  67 333
  68 250
  69 37
  70 145
  71 134
  72 470
  73 399
  74 237
  75 296
  76 223
  77 262
  78 31
  79 297
  80 130
  81 472
  82 49
  83 433
  84 179
  85 99
  86 326
  87 328
  88 418
  89 309
  90 327
  91 239
  92 427
  93 441
  94 249
  95 224
  96 263
  97 394
  98 90
  99 67
  100 109
  101 264
  102 229
  103 98
  104 202
  105 320
  106 13
  107 180
  108 7
  109 169
  110 417
  111 207
  112 20
  113 268
  114 379
  115 408
  116 96
  117 162
  118 182
  119 97
  120 218
  121 298
  122 86
  123 3
  124 406
  125 206
  126 47
  127 36
  128 252
  129 171
  130 167
  131 367
  132 366
  133 257
  134 304
  135 83
  136 444
  137 242
  138 41
  139 210
  140 32
  141 421
  142 456
  143 77
  144 168
  145 59
  146 350
  147 158
  148 442
  149 121
  150 258
  151 458
  152 446
  153 194
  154 217
  155 27
  156 337
  157 276
  158 382
  159 292
  160 227
  161 386
  162 34
  163 259
  164 389
  165 15
  166 232
  167 100
  168 356
  169 104
  170 138
COMMENT: TIMESTEP: 1
ORDERS_SECTION
  1 2 3 4
  2 5
  3 6 7 8 9
  4 10 11 12 13 14
  5 15 16
  6 17 18 19 20 21 22 23
  7 24 25 26 27 28
  8 29 30 31 32 33
  9 34 35 36 37 38 39
  10 40 41 42 43 44
  11 45 46 47 48 49 50 51
  12 52 53 54 55 56 57 58
  13 59
  14 60 61 62 63 64 65 66
  15 67 68 69 70 71
  16 72 73 74 75 76 77 78 79
  17 80 81 82 83 84 85 86
  18 87 88
  19 89
  20 90 91 92 93 94 95 96 97
  21 98 99 100 101 102 103 104
  22 105
  23 106 107 108 109
  24 110 111
  25 112
  26 113 114 115 116 117 118 119 120 121
  27 122 123 124 125 126
  28 127 128 129 130 131
  29 132
  30 133 134 135 136
  31 137 138 139 140
  32 141 142 143 144 145 146
  33 147
  34 148 149 150 151 152 153 154
  35 155
  36 156 157 158 159
  37 160 161
  38 162 163 164 165 166 167 168 169 170
TIME_AVAIL_SECTION
  1 1
  2 1
  3 1
  4 1
  5 1
  6 1
  7 1
  8 1
  9 1
  10 1
  11 1
  12 1
  13 1
  14 1
  15 1
  16 1
  17 1
  18 1
  19 1
  20 1
  21 1
  22 1
  23 1
  24 1
  25 1
  26 1
  27 1
  28 1
  29 1
  30 1
  31 1
  32 1
  33 1
  34 1
  35 1
  36 1
  37 1
  38 1
EOF
