VRPTEST 1.0
COMMENT: descr: Modified tsplib for the OBP
COMMENT: Best known objective: 1342.688
COMMENT: Computational time (s): 0.24646800000000002
NAME: c137_a57b
NUM_CAPACITIES: 1
NUM_VISITS: 137
NUM_VEHICLES: 3
CAPACITIES: 7
DATA_SECTION
DEPOTS
  0
  1
VISIT_LOCATION_SECTION
  2 57
  3 9
  4 4
  5 7
  6 12
  7 11
  8 53
  9 6
  10 213
  11 183
  12 241
  13 243
  14 98
  15 91
  16 190
  17 86
  18 203
  19 192
  20 229
  21 234
  22 253
  23 160
  24 169
  25 118
  26 146
  27 200
  28 175
  29 108
  30 151
  31 145
  32 55
  33 226
  34 189
  35 193
  36 99
  37 208
  38 133
  39 233
  40 165
  41 263
  42 231
  43 232
  44 121
  45 163
  46 161
  47 148
  48 178
  49 249
  50 172
  51 170
  52 48
  53 35
  54 8
  55 17
  56 30
  57 43
  58 61
  59 66
  60 13
  61 184
  62 90
  63 225
  64 71
  65 259
  66 219
  67 202
  68 93
  69 194
  70 87
  71 191
  72 182
  73 260
  74 116
  75 131
  76 136
  77 135
  78 157
  79 14
  80 27
  81 240
  82 218
  83 159
  84 119
  85 180
  86 56
  87 36
  88 32
  89 31
  90 24
  91 47
  92 21
  93 65
  94 74
  95 68
  96 258
  97 220
  98 261
  99 80
  100 209
  101 195
  102 212
  103 95
  104 94
  105 224
  106 96
  107 140
  108 177
  109 137
  110 154
  111 141
  112 130
  113 174
  114 144
  115 124
  116 150
  117 19
  118 70
  119 228
  120 205
  121 149
  122 120
  123 147
  124 251
  125 237
  126 247
  127 216
  128 123
  129 125
  130 153
  131 235
  132 246
  133 164
  134 113
  135 10
  136 67
  137 3
  138 23
COMMENT: TIMESTEP: 1
ORDERS_SECTION
  1 2 3 4 5 6 7 8 9
  2 10 11 12 13 14 15 16 17 18 19 20
  3 21 22 23 24 25 26 27 28 29 30 31
  4 32
  5 33 34 35 36 37
  6 38 39 40 41 42 43 44 45 46 47 48 49 50 51
  7 52 53 54 55 56 57 58 59 60
  8 61 62 63 64 65 66 67 68 69 70 71 72 73
  9 74 75 76 77 78
  10 79 80
  11 81
  12 82 83 84 85
  13 86 87 88 89 90 91 92 93 94 95
  14 96 97 98 99 100 101 102 103 104 105 106
  15 107 108 109 110 111 112 113 114 115 116
  16 117 118
  17 119 120
  18 121 122 123 124 125 126 127 128 129 130 131 132 133
  19 134 135 136 137 138
TIME_AVAIL_SECTION
  1 1
  2 1
  3 1
  4 1
  5 1
  6 1
  7 1
  8 1
  9 1
  10 1
  11 1
  12 1
  13 1
  14 1
  15 1
  16 1
  17 1
  18 1
  19 1
EOF
