VRPTEST 1.0
COMMENT: descr: Modified tsplib for the OBP
COMMENT: Best known objective: 816.0
COMMENT: Computational time (s): 0.064
NAME: c74_2329
NUM_DEPOTS: 2
NUM_CAPACITIES: 1
NUM_VISITS: 74
NUM_LOCATIONS: 144
NUM_VEHICLES: 4
CAPACITIES: 4
DATA_SECTION
DEPOTS
  0
  1
LOCATION_COORD_SECTION
  0 70 40
  1 65 60
  2 33 20
  3 31 20
  4 25 24
  5 25 28
  6 31 12
  7 31 28
  8 31 24
  9 27 28
  10 33 12
  11 27 24
  12 31 16
  13 27 16
  14 21 28
  15 25 12
  16 19 16
  17 9 20
  18 15 16
  19 13 28
  20 19 24
  21 19 20
  22 13 16
  23 21 20
  24 15 20
  25 13 24
  26 15 28
  27 13 12
  28 15 12
  29 21 12
  30 13 20
  31 15 24
  32 25 20
  33 19 12
  34 25 16
  35 9 24
  36 21 16
  37 19 28
  38 36 43
  39 48 39
  40 36 39
  41 44 43
  42 43 20
  43 37 24
  44 39 16
  45 40 39
  46 36 49
  47 40 43
  48 37 12
  49 51 28
  50 44 39
  51 49 24
  52 43 24
  53 43 28
  54 45 24
  55 36 45
  56 39 20
  57 37 16
  58 45 28
  59 12 39
  60 24 49
  61 32 43
  62 20 49
  63 24 55
  64 28 45
  65 28 43
  66 20 45
  67 24 45
  68 16 39
  69 16 43
  70 28 51
  71 16 45
  72 24 51
  73 24 39
  74 32 45
  75 20 51
  76 10 10
  77 10 30
  78 12 30
  79 12 10
  80 16 10
  81 16 30
  82 18 30
  83 18 10
  84 22 10
  85 22 30
  86 24 30
  87 24 10
  88 28 10
  89 28 30
  90 30 30
  91 30 10
  92 34 10
  93 34 30
  94 36 30
  95 36 10
  96 40 10
  97 40 30
  98 42 30
  99 42 10
  100 46 10
  101 46 30
  102 48 30
  103 48 10
  104 52 10
  105 52 30
  106 54 30
  107 54 10
  108 58 10
  109 58 30
  110 60 30
  111 60 10
  112 64 10
  113 64 30
  114 66 30
  115 66 10
  116 70 10
  117 70 30
  118 72 30
  119 72 10
  120 10 40
  121 10 42
  122 50 42
  123 50 40
  124 10 46
  125 10 48
  126 50 48
  127 50 46
  128 10 52
  129 10 54
  130 50 54
  131 50 52
  132 10 58
  133 10 60
  134 50 60
  135 50 58
  136 10 64
  137 10 66
  138 50 66
  139 50 64
  140 10 70
  141 10 72
  142 50 72
  143 50 70
VISIT_LOCATION_SECTION
  2 2
  3 3
  4 4
  5 5
  6 6
  7 7
  8 8
  9 9
  10 10
  11 11
  12 12
  13 13
  14 14
  15 15
  16 16
  17 17
  18 18
  19 19
  20 20
  21 21
  22 22
  23 23
  24 24
  25 25
  26 26
  27 27
  28 28
  29 29
  30 30
  31 31
  32 32
  33 33
  34 34
  35 35
  36 36
  37 37
  38 38
  39 39
  40 40
  41 41
  42 42
  43 43
  44 44
  45 45
  46 46
  47 47
  48 48
  49 49
  50 50
  51 51
  52 52
  53 53
  54 54
  55 55
  56 56
  57 57
  58 58
  59 59
  60 60
  61 61
  62 62
  63 63
  64 64
  65 65
  66 66
  67 67
  68 68
  69 69
  70 70
  71 71
  72 72
  73 73
  74 74
  75 75
COMMENT: TIMESTEP: 1
ORDERS_SECTION
  1 2 3
  2 4 5 6 7
  3 8 9 10 11
  4 12 13
  5 14 15 16 17 18 19
  6 20 21 22 23
  7 24 25 26 27 28 29
  8 30 31 32 33 34 35 36 37
  9 38 39 40 41 42 43
  10 44 45 46 47 48 49
  11 50 51
  12 52 53 54 55 56 57 58
  13 59 60 61 62 63 64 65
  14 66 67 68 69
  15 70 71 72 73 74 75
TIME_AVAIL_SECTION
  1 1
  2 1
  3 1
  4 1
  5 1
  6 1
  7 1
  8 1
  9 1
  10 1
  11 1
  12 1
  13 1
  14 1
  15 1
OBSTACLES
  1 76 77 78 79
  2 80 81 82 83
  3 84 85 86 87
  4 88 89 90 91
  5 92 93 94 95
  6 96 97 98 99
  7 100 101 102 103
  8 104 105 106 107
  9 108 109 110 111
  10 112 113 114 115
  11 116 117 118 119
  12 120 121 122 123
  13 124 125 126 127
  14 128 129 130 131
  15 132 133 134 135
  16 136 137 138 139
  17 140 141 142 143
EOF
