VRPTEST 1.0
COMMENT: descr: Modified tsplib for the OBP
COMMENT: Best known objective: 1654.0
COMMENT: Computational time (s): 0.095
NAME: c128_1327
NUM_DEPOTS: 2
NUM_CAPACITIES: 1
NUM_VISITS: 128
NUM_LOCATIONS: 218
NUM_VEHICLES: 11
CAPACITIES: 4
DATA_SECTION
DEPOTS
  0
  1
LOCATION_COORD_SECTION
  0 35 70
  1 50 70
  2 21 16
  3 9 28
  4 13 16
  5 25 24
  6 15 24
  7 27 20
  8 15 20
  9 13 28
  10 19 28
  11 15 16
  12 25 12
  13 25 20
  14 9 16
  15 31 12
  16 19 24
  17 13 24
  18 27 24
  19 21 20
  20 9 24
  21 21 28
  22 31 20
  23 25 28
  24 13 12
  25 15 12
  26 21 12
  27 19 20
  28 31 16
  29 9 12
  30 13 20
  31 19 12
  32 21 24
  33 45 28
  34 31 24
  35 39 16
  36 45 16
  37 27 28
  38 31 28
  39 37 20
  40 51 24
  41 45 20
  42 37 24
  43 43 16
  44 37 12
  45 39 40
  46 49 24
  47 39 24
  48 55 28
  49 33 16
  50 51 28
  51 33 20
  52 37 16
  53 33 28
  54 37 40
  55 55 24
  56 51 20
  57 43 28
  58 37 28
  59 49 20
  60 33 12
  61 45 24
  62 33 40
  63 57 48
  64 51 48
  65 51 52
  66 49 48
  67 69 52
  68 61 48
  69 49 52
  70 37 56
  71 61 44
  72 43 40
  73 57 52
  74 45 52
  75 61 52
  76 55 44
  77 67 52
  78 57 56
  79 63 44
  80 39 48
  81 57 44
  82 45 56
  83 55 56
  84 45 40
  85 51 40
  86 51 56
  87 63 56
  88 63 52
  89 39 44
  90 63 48
  91 55 40
  92 61 56
  93 15 56
  94 25 48
  95 33 44
  96 13 52
  97 25 44
  98 31 48
  99 33 48
  100 15 40
  101 33 56
  102 19 44
  103 9 44
  104 9 48
  105 25 40
  106 15 52
  107 13 56
  108 27 48
  109 37 48
  110 21 44
  111 21 48
  112 19 40
  113 31 44
  114 25 56
  115 19 52
  116 21 56
  117 21 40
  118 27 40
  119 33 52
  120 9 40
  121 27 56
  122 21 52
  123 19 48
  124 9 52
  125 25 52
  126 27 52
  127 31 56
  128 13 40
  129 19 56
  130 10 10
  131 10 30
  132 12 30
  133 12 10
  134 16 10
  135 16 30
  136 18 30
  137 18 10
  138 22 10
  139 22 30
  140 24 30
  141 24 10
  142 28 10
  143 28 30
  144 30 30
  145 30 10
  146 34 10
  147 34 30
  148 36 30
  149 36 10
  150 40 10
  151 40 30
  152 42 30
  153 42 10
  154 46 10
  155 46 30
  156 48 30
  157 48 10
  158 52 10
  159 52 30
  160 54 30
  161 54 10
  162 58 10
  163 58 30
  164 60 30
  165 60 10
  166 64 10
  167 64 30
  168 66 30
  169 66 10
  170 70 10
  171 70 30
  172 72 30
  173 72 10
  174 10 40
  175 10 60
  176 12 60
  177 12 40
  178 16 40
  179 16 60
  180 18 60
  181 18 40
  182 22 40
  183 22 60
  184 24 60
  185 24 40
  186 28 40
  187 28 60
  188 30 60
  189 30 40
  190 34 40
  191 34 60
  192 36 60
  193 36 40
  194 40 40
  195 40 60
  196 42 60
  197 42 40
  198 46 40
  199 46 60
  200 48 60
  201 48 40
  202 52 40
  203 52 60
  204 54 60
  205 54 40
  206 58 40
  207 58 60
  208 60 60
  209 60 40
  210 64 40
  211 64 60
  212 66 60
  213 66 40
  214 70 40
  215 70 60
  216 72 60
  217 72 40
VISIT_LOCATION_SECTION
  2 2
  3 3
  4 4
  5 5
  6 6
  7 7
  8 8
  9 9
  10 10
  11 11
  12 12
  13 13
  14 14
  15 15
  16 16
  17 17
  18 18
  19 19
  20 20
  21 21
  22 22
  23 23
  24 24
  25 25
  26 26
  27 27
  28 28
  29 29
  30 30
  31 31
  32 32
  33 33
  34 34
  35 35
  36 36
  37 37
  38 38
  39 39
  40 40
  41 41
  42 42
  43 43
  44 44
  45 45
  46 46
  47 47
  48 48
  49 49
  50 50
  51 51
  52 52
  53 53
  54 54
  55 55
  56 56
  57 57
  58 58
  59 59
  60 60
  61 61
  62 62
  63 63
  64 64
  65 65
  66 66
  67 67
  68 68
  69 69
  70 70
  71 71
  72 72
  73 73
  74 74
  75 75
  76 76
  77 77
  78 78
  79 79
  80 80
  81 81
  82 82
  83 83
  84 84
  85 85
  86 86
  87 87
  88 88
  89 89
  90 90
  91 91
  92 92
  93 93
  94 94
  95 95
  96 96
  97 97
  98 98
  99 99
  100 100
  101 101
  102 102
  103 103
  104 104
  105 105
  106 106
  107 107
  108 108
  109 109
  110 110
  111 111
  112 112
  113 113
  114 114
  115 115
  116 116
  117 117
  118 118
  119 119
  120 120
  121 121
  122 122
  123 123
  124 124
  125 125
  126 126
  127 127
  128 128
  129 129
COMMENT: TIMESTEP: 1
ORDERS_SECTION
  1 2 3 4 5
  2 6 7
  3 8 9 10 11
  4 12 13
  5 14 15 16
  6 17 18 19 20
  7 21 22 23
  8 24 25 26
  9 27 28 29 30
  10 31 32
  11 33 34 35
  12 36 37 38
  13 39 40 41 42
  14 43 44
  15 45 46
  16 47 48 49
  17 50 51 52 53
  18 54 55 56 57
  19 58 59 60
  20 61 62
  21 63 64
  22 65 66 67
  23 68 69 70
  24 71 72 73
  25 74 75 76
  26 77 78
  27 79 80 81 82
  28 83 84
  29 85 86 87 88
  30 89 90 91 92
  31 93 94 95 96
  32 97 98 99 100
  33 101 102 103 104
  34 105 106 107 108
  35 109 110 111
  36 112 113 114 115
  37 116 117 118
  38 119 120 121 122
  39 123 124 125
  40 126 127 128 129
TIME_AVAIL_SECTION
  1 1
  2 1
  3 1
  4 1
  5 1
  6 1
  7 1
  8 1
  9 1
  10 1
  11 1
  12 1
  13 1
  14 1
  15 1
  16 1
  17 1
  18 1
  19 1
  20 1
  21 1
  22 1
  23 1
  24 1
  25 1
  26 1
  27 1
  28 1
  29 1
  30 1
  31 1
  32 1
  33 1
  34 1
  35 1
  36 1
  37 1
  38 1
  39 1
  40 1
OBSTACLES
  1 130 131 132 133
  2 134 135 136 137
  3 138 139 140 141
  4 142 143 144 145
  5 146 147 148 149
  6 150 151 152 153
  7 154 155 156 157
  8 158 159 160 161
  9 162 163 164 165
  10 166 167 168 169
  11 170 171 172 173
  12 174 175 176 177
  13 178 179 180 181
  14 182 183 184 185
  15 186 187 188 189
  16 190 191 192 193
  17 194 195 196 197
  18 198 199 200 201
  19 202 203 204 205
  20 206 207 208 209
  21 210 211 212 213
  22 214 215 216 217
EOF
