VRPTEST 1.0
COMMENT: descr: Modified tsplib for the OBP
COMMENT: Best known objective: 1447.312
COMMENT: Computational time (s): 0.39013600000000004
NAME: c124_d6e8
NUM_CAPACITIES: 1
NUM_VISITS: 124
NUM_VEHICLES: 5
CAPACITIES: 7
DATA_SECTION
DEPOTS
  0
  1
VISIT_LOCATION_SECTION
  2 64
  3 21
  4 20
  5 186
  6 208
  7 205
  8 207
  9 180
  10 138
  11 130
  12 65
  13 70
  14 32
  15 48
  16 52
  17 3
  18 245
  19 229
  20 184
  21 122
  22 118
  23 170
  24 150
  25 139
  26 4
  27 77
  28 14
  29 243
  30 91
  31 123
  32 35
  33 69
  34 66
  35 10
  36 188
  37 98
  38 203
  39 195
  40 80
  41 112
  42 18
  43 26
  44 6
  45 9
  46 19
  47 55
  48 81
  49 247
  50 137
  51 141
  52 162
  53 131
  54 54
  55 47
  56 67
  57 13
  58 185
  59 87
  60 209
  61 96
  62 211
  63 213
  64 142
  65 216
  66 151
  67 173
  68 178
  69 46
  70 16
  71 23
  72 8
  73 29
  74 181
  75 228
  76 71
  77 204
  78 99
  79 224
  80 146
  81 232
  82 263
  83 234
  84 28
  85 191
  86 133
  87 233
  88 236
  89 34
  90 85
  91 97
  92 240
  93 210
  94 227
  95 160
  96 135
  97 175
  98 149
  99 235
  100 56
  101 43
  102 58
  103 5
  104 59
  105 57
  106 259
  107 196
  108 206
  109 192
  110 124
  111 230
  112 198
  113 155
  114 251
  115 152
  116 51
  117 222
  118 95
  119 193
  120 153
  121 140
  122 199
  123 30
  124 11
  125 41
COMMENT: TIMESTEP: 1
ORDERS_SECTION
  1 2 3 4
  2 5 6 7 8
  3 9 10 11
  4 12 13 14 15 16 17
  5 18 19 20
  6 21 22 23 24 25
  7 26 27 28
  8 29 30
  9 31
  10 32 33 34 35
  11 36 37 38 39 40
  12 41
  13 42 43 44 45 46 47
  14 48
  15 49 50 51 52 53
  16 54 55 56 57
  17 58 59 60 61 62 63
  18 64 65 66 67 68
  19 69 70 71 72 73 74
  20 75 76 77 78 79
  21 80 81 82 83
  22 84
  23 85
  24 86 87 88
  25 89
  26 90 91 92 93 94
  27 95 96 97 98 99
  28 100 101 102 103 104 105
  29 106 107 108 109
  30 110 111 112 113 114 115
  31 116
  32 117 118 119
  33 120 121 122
  34 123 124 125
TIME_AVAIL_SECTION
  1 1
  2 1
  3 1
  4 1
  5 1
  6 1
  7 1
  8 1
  9 1
  10 1
  11 1
  12 1
  13 1
  14 1
  15 1
  16 1
  17 1
  18 1
  19 1
  20 1
  21 1
  22 1
  23 1
  24 1
  25 1
  26 1
  27 1
  28 1
  29 1
  30 1
  31 1
  32 1
  33 1
  34 1
EOF
