VRPTEST 1.0
COMMENT: descr: Modified tsplib for the OBP
COMMENT: Best known objective: 1248.0
COMMENT: Computational time (s): 0.11
NAME: c131_1fc1
NUM_DEPOTS: 2
NUM_CAPACITIES: 1
NUM_VISITS: 131
NUM_LOCATIONS: 181
NUM_VEHICLES: 8
CAPACITIES: 4
DATA_SECTION
DEPOTS
  0
  1
LOCATION_COORD_SECTION
  0 35 70
  1 50 70
  2 74 31
  3 58 13
  4 59 32
  5 76 24
  6 70 23
  7 71 32
  8 76 27
  9 63 23
  10 76 21
  11 63 15
  12 71 15
  13 58 16
  14 59 8
  15 69 32
  16 64 32
  17 63 19
  18 70 31
  19 59 30
  20 70 26
  21 76 25
  22 65 14
  23 65 32
  24 61 31
  25 58 23
  26 59 13
  27 66 31
  28 60 31
  29 59 27
  30 58 32
  31 75 29
  32 76 20
  33 63 18
  34 14 56
  35 15 43
  36 13 59
  37 7 53
  38 7 57
  39 5 54
  40 3 53
  41 23 74
  42 18 58
  43 20 59
  44 6 54
  45 14 50
  46 18 61
  47 15 62
  48 20 46
  49 19 57
  50 15 52
  51 22 71
  52 21 43
  53 21 67
  54 16 64
  55 9 60
  56 20 65
  57 20 49
  58 4 51
  59 17 68
  60 25 56
  61 19 51
  62 23 65
  63 12 59
  64 24 63
  65 21 45
  66 25 53
  67 19 59
  68 20 31
  69 8 30
  70 20 34
  71 5 30
  72 19 14
  73 21 41
  74 14 42
  75 19 36
  76 15 32
  77 21 17
  78 20 23
  79 10 33
  80 15 40
  81 22 31
  82 20 40
  83 21 20
  84 25 28
  85 12 34
  86 13 20
  87 15 25
  88 22 32
  89 13 24
  90 5 31
  91 5 27
  92 20 36
  93 4 32
  94 20 21
  95 16 35
  96 13 29
  97 9 28
  98 12 32
  99 14 39
  100 9 35
  101 64 56
  102 69 38
  103 68 33
  104 59 50
  105 58 45
  106 58 63
  107 69 35
  108 76 44
  109 65 49
  110 65 44
  111 64 36
  112 59 44
  113 58 38
  114 58 59
  115 61 34
  116 65 56
  117 76 41
  118 74 33
  119 66 33
  120 59 46
  121 70 37
  122 63 54
  123 70 39
  124 58 56
  125 64 49
  126 59 42
  127 59 38
  128 75 41
  129 59 39
  130 69 52
  131 70 44
  132 75 33
  133 10 10
  134 10 30
  135 12 30
  136 12 10
  137 16 10
  138 16 30
  139 18 30
  140 18 10
  141 22 10
  142 22 30
  143 24 30
  144 24 10
  145 10 36
  146 10 56
  147 12 56
  148 12 36
  149 16 36
  150 16 56
  151 18 56
  152 18 36
  153 22 36
  154 22 56
  155 24 56
  156 24 36
  157 60 10
  158 60 30
  159 62 30
  160 62 10
  161 66 10
  162 66 30
  163 68 30
  164 68 10
  165 72 10
  166 72 30
  167 74 30
  168 74 10
  169 60 36
  170 60 56
  171 62 56
  172 62 36
  173 66 36
  174 66 56
  175 68 56
  176 68 36
  177 72 36
  178 72 56
  179 74 56
  180 74 36
VISIT_LOCATION_SECTION
  2 2
  3 3
  4 4
  5 5
  6 6
  7 7
  8 8
  9 9
  10 10
  11 11
  12 12
  13 13
  14 14
  15 15
  16 16
  17 17
  18 18
  19 19
  20 20
  21 21
  22 22
  23 23
  24 24
  25 25
  26 26
  27 27
  28 28
  29 29
  30 30
  31 31
  32 32
  33 33
  34 34
  35 35
  36 36
  37 37
  38 38
  39 39
  40 40
  41 41
  42 42
  43 43
  44 44
  45 45
  46 46
  47 47
  48 48
  49 49
  50 50
  51 51
  52 52
  53 53
  54 54
  55 55
  56 56
  57 57
  58 58
  59 59
  60 60
  61 61
  62 62
  63 63
  64 64
  65 65
  66 66
  67 67
  68 68
  69 69
  70 70
  71 71
  72 72
  73 73
  74 74
  75 75
  76 76
  77 77
  78 78
  79 79
  80 80
  81 81
  82 82
  83 83
  84 84
  85 85
  86 86
  87 87
  88 88
  89 89
  90 90
  91 91
  92 92
  93 93
  94 94
  95 95
  96 96
  97 97
  98 98
  99 99
  100 100
  101 101
  102 102
  103 103
  104 104
  105 105
  106 106
  107 107
  108 108
  109 109
  110 110
  111 111
  112 112
  113 113
  114 114
  115 115
  116 116
  117 117
  118 118
  119 119
  120 120
  121 121
  122 122
  123 123
  124 124
  125 125
  126 126
  127 127
  128 128
  129 129
  130 130
  131 131
  132 132
COMMENT: TIMESTEP: 1
ORDERS_SECTION
  1 2 3 4 5
  2 6 7 8 9 10
  3 11 12 13 14 15 16
  4 17 18 19 20 21
  5 22 23
  6 24 25
  7 26 27 28
  8 29 30 31 32 33
  9 34 35 36 37
  10 38 39 40 41 42
  11 43 44 45 46 47
  12 48 49
  13 50 51 52 53 54 55
  14 56 57 58 59
  15 60 61
  16 62 63 64 65 66 67
  17 68 69
  18 70 71 72 73 74 75
  19 76 77 78
  20 79 80 81 82 83 84
  21 85 86 87 88 89
  22 90 91 92 93 94 95
  23 96 97 98 99 100
  24 101 102 103 104
  25 105 106 107 108 109 110
  26 111 112 113 114
  27 115 116
  28 117 118 119 120 121 122
  29 123 124 125 126
  30 127 128 129 130 131 132
TIME_AVAIL_SECTION
  1 1
  2 1
  3 1
  4 1
  5 1
  6 1
  7 1
  8 1
  9 1
  10 1
  11 1
  12 1
  13 1
  14 1
  15 1
  16 1
  17 1
  18 1
  19 1
  20 1
  21 1
  22 1
  23 1
  24 1
  25 1
  26 1
  27 1
  28 1
  29 1
  30 1
OBSTACLES
  1 133 134 135 136
  2 137 138 139 140
  3 141 142 143 144
  4 145 146 147 148
  5 149 150 151 152
  6 153 154 155 156
  7 157 158 159 160
  8 161 162 163 164
  9 165 166 167 168
  10 169 170 171 172
  11 173 174 175 176
  12 177 178 179 180
EOF
