VRPTEST 1.0
COMMENT: descr: Modified tsplib for the OBP
COMMENT: Best known objective: 1411.0
COMMENT: Computational time (s): 0.40050300000000005
NAME: c62_5d91
NUM_CAPACITIES: 1
NUM_VISITS: 62
NUM_VEHICLES: 11
CAPACITIES: 3
DATA_SECTION
DEPOTS
  0
  1
VISIT_LOCATION_SECTION
  2 32
  3 56
  4 217
  5 101
  6 20
  7 67
  8 111
  9 109
  10 155
  11 34
  12 93
  13 94
  14 9
  15 27
  16 85
  17 218
  18 76
  19 23
  20 212
  21 86
  22 69
  23 64
  24 221
  25 193
  26 35
  27 16
  28 105
  29 182
  30 36
  31 145
  32 215
  33 99
  34 28
  35 60
  36 195
  37 211
  38 25
  39 50
  40 213
  41 95
  42 40
  43 59
  44 194
  45 81
  46 21
  47 54
  48 98
  49 97
  50 6
  51 70
  52 80
  53 96
  54 52
  55 4
  56 103
  57 205
  58 8
  59 38
  60 89
  61 216
  62 163
  63 30
COMMENT: TIMESTEP: 1
ORDERS_SECTION
  1 2 3
  2 4 5
  3 6 7
  4 8 9
  5 10 11
  6 12 13
  7 14 15
  8 16 17
  9 18 19
  10 20 21
  11 22 23
  12 24 25
  13 26 27
  14 28 29
  15 30 31
  16 32 33
  17 34 35
  18 36 37
  19 38 39
  20 40 41
  21 42 43
  22 44 45
  23 46 47
  24 48 49
  25 50 51
  26 52 53
  27 54 55
  28 56 57
  29 58 59
  30 60 61
  31 62 63
TIME_AVAIL_SECTION
  1 1
  2 1
  3 1
  4 1
  5 1
  6 1
  7 1
  8 1
  9 1
  10 1
  11 1
  12 1
  13 1
  14 1
  15 1
  16 1
  17 1
  18 1
  19 1
  20 1
  21 1
  22 1
  23 1
  24 1
  25 1
  26 1
  27 1
  28 1
  29 1
  30 1
  31 1
EOF
