VRPTEST 1.0
COMMENT: descr: Modified tsplib for the OBP
COMMENT: Best known objective: 1166.458
COMMENT: Computational time (s): 0.22248300000000001
NAME: c88_ad7b
NUM_CAPACITIES: 1
NUM_VISITS: 88
NUM_VEHICLES: 6
CAPACITIES: 4
DATA_SECTION
DEPOTS
  0
  1
VISIT_LOCATION_SECTION
  2 442
  3 468
  4 147
  5 174
  6 142
  7 215
  8 30
  9 81
  10 305
  11 38
  12 44
  13 177
  14 314
  15 466
  16 403
  17 417
  18 245
  19 408
  20 171
  21 465
  22 84
  23 342
  24 34
  25 12
  26 137
  27 236
  28 204
  29 234
  30 79
  31 260
  32 420
  33 338
  34 282
  35 265
  36 40
  37 175
  38 298
  39 4
  40 153
  41 297
  42 402
  43 307
  44 108
  45 75
  46 301
  47 203
  48 232
  49 441
  50 250
  51 396
  52 113
  53 187
  54 419
  55 340
  56 382
  57 52
  58 386
  59 140
  60 457
  61 368
  62 124
  63 56
  64 270
  65 257
  66 134
  67 337
  68 28
  69 350
  70 17
  71 347
  72 271
  73 244
  74 36
  75 100
  76 460
  77 77
  78 407
  79 439
  80 384
  81 32
  82 418
  83 54
  84 311
  85 96
  86 43
  87 443
  88 456
  89 97
COMMENT: TIMESTEP: 1
ORDERS_SECTION
  1 2 3 4 5 6 7 8
  2 9 10 11 12
  3 13 14 15
  4 16 17 18
  5 19 20 21 22
  6 23 24
  7 25 26
  8 27 28
  9 29 30 31
  10 32 33 34 35
  11 36 37
  12 38 39 40 41 42 43
  13 44 45 46 47 48 49 50
  14 51 52 53 54 55 56 57
  15 58 59 60 61 62 63 64
  16 65 66 67 68 69 70
  17 71 72 73
  18 74 75 76 77 78 79
  19 80 81 82 83 84 85
  20 86 87
  21 88 89
TIME_AVAIL_SECTION
  1 1
  2 1
  3 1
  4 1
  5 1
  6 1
  7 1
  8 1
  9 1
  10 1
  11 1
  12 1
  13 1
  14 1
  15 1
  16 1
  17 1
  18 1
  19 1
  20 1
  21 1
EOF
