VRPTEST 1.0
COMMENT: descr: Modified tsplib for the OBP
COMMENT: Best known objective: 629.0
COMMENT: Computational time (s): 0.025
NAME: c54_0465
NUM_DEPOTS: 2
NUM_CAPACITIES: 1
NUM_VISITS: 54
NUM_LOCATIONS: 144
NUM_VEHICLES: 4
CAPACITIES: 4
DATA_SECTION
DEPOTS
  0
  1
LOCATION_COORD_SECTION
  0 5 30
  1 5 15
  2 28 69
  3 28 49
  4 24 63
  5 24 51
  6 32 63
  7 20 61
  8 24 57
  9 24 49
  10 28 55
  11 32 57
  12 20 55
  13 24 55
  14 64 57
  15 52 55
  16 60 49
  17 52 67
  18 64 55
  19 68 61
  20 48 55
  21 60 63
  22 52 61
  23 56 51
  24 60 57
  25 56 49
  26 56 69
  27 28 39
  28 24 39
  29 20 39
  30 20 24
  31 18 28
  32 20 45
  33 20 28
  34 26 28
  35 24 43
  36 24 28
  37 20 43
  38 16 39
  39 12 39
  40 24 45
  41 28 43
  42 44 43
  43 40 39
  44 48 28
  45 44 39
  46 42 28
  47 40 43
  48 36 24
  49 48 39
  50 32 28
  51 36 28
  52 38 28
  53 38 24
  54 44 24
  55 44 28
  56 15 10
  57 15 30
  58 17 30
  59 17 10
  60 21 10
  61 21 30
  62 23 30
  63 23 10
  64 27 10
  65 27 30
  66 29 30
  67 29 10
  68 33 10
  69 33 30
  70 35 30
  71 35 10
  72 39 10
  73 39 30
  74 41 30
  75 41 10
  76 45 10
  77 45 30
  78 47 30
  79 47 10
  80 51 10
  81 51 30
  82 53 30
  83 53 10
  84 57 10
  85 57 30
  86 59 30
  87 59 10
  88 63 10
  89 63 30
  90 65 30
  91 65 10
  92 69 10
  93 69 30
  94 71 30
  95 71 10
  96 5 40
  97 5 42
  98 30 42
  99 30 40
  100 5 46
  101 5 48
  102 31 48
  103 31 46
  104 5 52
  105 5 54
  106 32 54
  107 32 52
  108 5 58
  109 5 60
  110 33 60
  111 33 58
  112 5 64
  113 5 66
  114 34 66
  115 34 64
  116 5 70
  117 5 72
  118 35 72
  119 35 70
  120 40 40
  121 40 42
  122 75 42
  123 75 40
  124 41 46
  125 41 48
  126 75 48
  127 75 46
  128 42 52
  129 42 54
  130 75 54
  131 75 52
  132 43 58
  133 43 60
  134 75 60
  135 75 58
  136 44 64
  137 44 66
  138 75 66
  139 75 64
  140 45 70
  141 45 72
  142 75 72
  143 75 70
VISIT_LOCATION_SECTION
  2 2
  3 3
  4 4
  5 5
  6 6
  7 7
  8 8
  9 9
  10 10
  11 11
  12 12
  13 13
  14 14
  15 15
  16 16
  17 17
  18 18
  19 19
  20 20
  21 21
  22 22
  23 23
  24 24
  25 25
  26 26
  27 27
  28 28
  29 29
  30 30
  31 31
  32 32
  33 33
  34 34
  35 35
  36 36
  37 37
  38 38
  39 39
  40 40
  41 41
  42 42
  43 43
  44 44
  45 45
  46 46
  47 47
  48 48
  49 49
  50 50
  51 51
  52 52
  53 53
  54 54
  55 55
COMMENT: TIMESTEP: 1
ORDERS_SECTION
  1 2 3 4
  2 5 6 7 8
  3 9 10 11 12 13
  4 14 15 16 17 18 19
  5 20 21
  6 22 23 24 25 26
  7 27 28 29 30 31 32
  8 33 34 35 36 37 38
  9 39 40 41
  10 42 43 44
  11 45 46 47 48 49 50
  12 51 52 53 54 55
TIME_AVAIL_SECTION
  1 1
  2 1
  3 1
  4 1
  5 1
  6 1
  7 1
  8 1
  9 1
  10 1
  11 1
  12 1
OBSTACLES
  1 56 57 58 59
  2 60 61 62 63
  3 64 65 66 67
  4 68 69 70 71
  5 72 73 74 75
  6 76 77 78 79
  7 80 81 82 83
  8 84 85 86 87
  9 88 89 90 91
  10 92 93 94 95
  11 96 97 98 99
  12 100 101 102 103
  13 104 105 106 107
  14 108 109 110 111
  15 112 113 114 115
  16 116 117 118 119
  17 120 121 122 123
  18 124 125 126 127
  19 128 129 130 131
  20 132 133 134 135
  21 136 137 138 139
  22 140 141 142 143
EOF
