VRPTEST 1.0
COMMENT: descr: Modified tsplib for the OBP
COMMENT: Best known objective: 1118.0
COMMENT: Computational time (s): 0.091
NAME: c124_2005
NUM_DEPOTS: 2
NUM_CAPACITIES: 1
NUM_VISITS: 124
NUM_LOCATIONS: 174
NUM_VEHICLES: 8
CAPACITIES: 4
DATA_SECTION
DEPOTS
  0
  1
LOCATION_COORD_SECTION
  0 35 70
  1 50 70
  2 20 34
  3 21 41
  4 20 23
  5 20 21
  6 23 32
  7 16 35
  8 9 35
  9 14 34
  10 11 34
  11 5 31
  12 20 40
  13 20 26
  14 25 11
  15 19 36
  16 20 31
  17 16 33
  18 15 40
  19 7 31
  20 25 24
  21 25 28
  22 10 33
  23 21 17
  24 14 39
  25 8 30
  26 12 32
  27 24 33
  28 22 32
  29 19 19
  30 13 37
  31 63 64
  32 71 53
  33 59 46
  34 69 63
  35 70 47
  36 58 63
  37 59 50
  38 64 65
  39 59 62
  40 64 55
  41 70 56
  42 65 63
  43 61 68
  44 63 54
  45 71 62
  46 67 57
  47 58 67
  48 78 56
  49 65 68
  50 65 56
  51 66 63
  52 64 68
  53 69 55
  54 75 57
  55 76 47
  56 75 50
  57 67 65
  58 66 60
  59 69 52
  60 71 56
  61 65 61
  62 65 49
  63 64 56
  64 62 72
  65 59 66
  66 71 36
  67 63 23
  68 75 41
  69 66 33
  70 76 27
  71 74 31
  72 64 36
  73 58 16
  74 70 37
  75 65 30
  76 63 19
  77 63 22
  78 69 32
  79 60 31
  80 59 27
  81 59 42
  82 58 13
  83 77 34
  84 63 15
  85 63 18
  86 75 28
  87 61 34
  88 59 44
  89 58 23
  90 59 39
  91 65 44
  92 59 13
  93 70 26
  94 69 38
  95 69 29
  96 64 32
  97 21 66
  98 21 43
  99 23 62
  100 9 60
  101 20 47
  102 20 65
  103 23 65
  104 20 59
  105 18 70
  106 23 74
  107 21 45
  108 17 57
  109 15 43
  110 22 60
  111 15 54
  112 24 63
  113 7 53
  114 15 52
  115 25 76
  116 18 61
  117 15 62
  118 13 58
  119 14 50
  120 13 63
  121 17 60
  122 13 64
  123 24 67
  124 6 54
  125 20 46
  126 10 10
  127 10 30
  128 12 30
  129 12 10
  130 16 10
  131 16 30
  132 18 30
  133 18 10
  134 22 10
  135 22 30
  136 24 30
  137 24 10
  138 10 36
  139 10 56
  140 12 56
  141 12 36
  142 16 36
  143 16 56
  144 18 56
  145 18 36
  146 22 36
  147 22 56
  148 24 56
  149 24 36
  150 60 10
  151 60 30
  152 62 30
  153 62 10
  154 66 10
  155 66 30
  156 68 30
  157 68 10
  158 72 10
  159 72 30
  160 74 30
  161 74 10
  162 60 36
  163 60 56
  164 62 56
  165 62 36
  166 66 36
  167 66 56
  168 68 56
  169 68 36
  170 72 36
  171 72 56
  172 74 56
  173 74 36
VISIT_LOCATION_SECTION
  2 2
  3 3
  4 4
  5 5
  6 6
  7 7
  8 8
  9 9
  10 10
  11 11
  12 12
  13 13
  14 14
  15 15
  16 16
  17 17
  18 18
  19 19
  20 20
  21 21
  22 22
  23 23
  24 24
  25 25
  26 26
  27 27
  28 28
  29 29
  30 30
  31 31
  32 32
  33 33
  34 34
  35 35
  36 36
  37 37
  38 38
  39 39
  40 40
  41 41
  42 42
  43 43
  44 44
  45 45
  46 46
  47 47
  48 48
  49 49
  50 50
  51 51
  52 52
  53 53
  54 54
  55 55
  56 56
  57 57
  58 58
  59 59
  60 60
  61 61
  62 62
  63 63
  64 64
  65 65
  66 66
  67 67
  68 68
  69 69
  70 70
  71 71
  72 72
  73 73
  74 74
  75 75
  76 76
  77 77
  78 78
  79 79
  80 80
  81 81
  82 82
  83 83
  84 84
  85 85
  86 86
  87 87
  88 88
  89 89
  90 90
  91 91
  92 92
  93 93
  94 94
  95 95
  96 96
  97 97
  98 98
  99 99
  100 100
  101 101
  102 102
  103 103
  104 104
  105 105
  106 106
  107 107
  108 108
  109 109
  110 110
  111 111
  112 112
  113 113
  114 114
  115 115
  116 116
  117 117
  118 118
  119 119
  120 120
  121 121
  122 122
  123 123
  124 124
  125 125
COMMENT: TIMESTEP: 1
ORDERS_SECTION
  1 2 3 4
  2 5 6 7 8 9
  3 10 11 12 13 14
  4 15 16 17 18 19 20
  5 21 22 23
  6 24 25 26
  7 27 28
  8 29 30
  9 31 32 33
  10 34 35 36 37
  11 38 39 40
  12 41 42 43 44
  13 45 46 47 48 49 50
  14 51 52 53 54 55
  15 56 57 58 59 60 61
  16 62 63 64 65
  17 66 67 68 69
  18 70 71 72 73
  19 74 75 76
  20 77 78 79 80 81 82
  21 83 84 85 86 87
  22 88 89 90 91 92
  23 93 94 95 96
  24 97 98 99 100
  25 101 102 103 104 105 106
  26 107 108 109
  27 110 111 112 113
  28 114 115 116 117 118 119
  29 120 121 122
  30 123 124 125
TIME_AVAIL_SECTION
  1 1
  2 1
  3 1
  4 1
  5 1
  6 1
  7 1
  8 1
  9 1
  10 1
  11 1
  12 1
  13 1
  14 1
  15 1
  16 1
  17 1
  18 1
  19 1
  20 1
  21 1
  22 1
  23 1
  24 1
  25 1
  26 1
  27 1
  28 1
  29 1
  30 1
OBSTACLES
  1 126 127 128 129
  2 130 131 132 133
  3 134 135 136 137
  4 138 139 140 141
  5 142 143 144 145
  6 146 147 148 149
  7 150 151 152 153
  8 154 155 156 157
  9 158 159 160 161
  10 162 163 164 165
  11 166 167 168 169
  12 170 171 172 173
EOF
