VRPTEST 1.0
COMMENT: descr: Modified tsplib for the OBP
COMMENT: Best known objective: 528.0
COMMENT: Computational time (s): 0.019
NAME: c32_2489
NUM_DEPOTS: 2
NUM_CAPACITIES: 1
NUM_VISITS: 32
NUM_LOCATIONS: 119
NUM_VEHICLES: 5
CAPACITIES: 2
DATA_SECTION
DEPOTS
  0
  1
LOCATION_COORD_SECTION
  0 32 5
  1 45 5
  2 43 20
  3 9 44
  4 39 16
  5 45 20
  6 39 24
  7 37 20
  8 37 24
  9 39 20
  10 43 24
  11 33 48
  12 31 44
  13 27 44
  14 33 40
  15 37 44
  16 33 44
  17 31 48
  18 31 40
  19 51 56
  20 67 56
  21 55 48
  22 57 52
  23 61 44
  24 61 48
  25 57 48
  26 57 44
  27 57 40
  28 51 44
  29 55 40
  30 51 40
  31 10 10
  32 10 30
  33 12 30
  34 12 10
  35 16 10
  36 16 30
  37 18 30
  38 18 10
  39 22 10
  40 22 30
  41 24 30
  42 24 10
  43 28 10
  44 28 30
  45 30 30
  46 30 10
  47 34 10
  48 34 30
  49 36 30
  50 36 10
  51 40 10
  52 40 30
  53 42 30
  54 42 10
  55 46 10
  56 46 30
  57 48 30
  58 48 10
  59 52 10
  60 52 30
  61 54 30
  62 54 10
  63 58 10
  64 58 30
  65 60 30
  66 60 10
  67 64 10
  68 64 30
  69 66 30
  70 66 10
  71 70 10
  72 70 30
  73 72 30
  74 72 10
  75 10 40
  76 10 60
  77 12 60
  78 12 40
  79 16 40
  80 16 60
  81 18 60
  82 18 40
  83 22 40
  84 22 60
  85 24 60
  86 24 40
  87 28 40
  88 28 60
  89 30 60
  90 30 40
  91 34 40
  92 34 60
  93 36 60
  94 36 40
  95 40 40
  96 40 60
  97 42 60
  98 42 40
  99 46 40
  100 46 60
  101 48 60
  102 48 40
  103 52 40
  104 52 60
  105 54 60
  106 54 40
  107 58 40
  108 58 60
  109 60 60
  110 60 40
  111 64 40
  112 64 60
  113 66 60
  114 66 40
  115 70 40
  116 70 60
  117 72 60
  118 72 40
VISIT_LOCATION_SECTION
  2 2
  3 3
  4 4
  5 5
  6 6
  7 7
  8 8
  9 9
  10 10
  11 11
  12 12
  13 13
  14 14
  15 15
  16 16
  17 17
  18 18
  19 19
  20 20
  21 21
  22 22
  23 23
  24 24
  25 25
  26 26
  27 27
  28 28
  29 29
  30 30
COMMENT: TIMESTEP: 1
ORDERS_SECTION
  1 2 3 4 5
  2 6 7 8 9 10
  3 11 12 13 14
  4 15 16 17 18 19
  5 20 21 22 23 24 3 19
  6 25 26 20
  7 27 28
  8 29 30
TIME_AVAIL_SECTION
  1 1
  2 1
  3 1
  4 1
  5 1
  6 1
  7 1
  8 1
OBSTACLES
  1 31 32 33 34
  2 35 36 37 38
  3 39 40 41 42
  4 43 44 45 46
  5 47 48 49 50
  6 51 52 53 54
  7 55 56 57 58
  8 59 60 61 62
  9 63 64 65 66
  10 67 68 69 70
  11 71 72 73 74
  12 75 76 77 78
  13 79 80 81 82
  14 83 84 85 86
  15 87 88 89 90
  16 91 92 93 94
  17 95 96 97 98
  18 99 100 101 102
  19 103 104 105 106
  20 107 108 109 110
  21 111 112 113 114
  22 115 116 117 118
EOF
