VRPTEST 1.0
COMMENT: descr: Modified tsplib for the OBP
COMMENT: Best known objective: 678.0
COMMENT: Computational time (s): 0.024
NAME: c50_0bd0
NUM_DEPOTS: 2
NUM_CAPACITIES: 1
NUM_VISITS: 50
NUM_LOCATIONS: 120
NUM_VEHICLES: 3
CAPACITIES: 4
DATA_SECTION
DEPOTS
  0
  1
LOCATION_COORD_SECTION
  0 70 40
  1 65 60
  2 48 43
  3 45 24
  4 40 39
  5 44 39
  6 48 45
  7 49 20
  8 49 24
  9 49 28
  10 48 39
  11 43 28
  12 43 24
  13 44 43
  14 61 16
  15 55 24
  16 67 24
  17 61 28
  18 61 12
  19 57 20
  20 55 12
  21 73 24
  22 51 24
  23 63 24
  24 69 28
  25 61 24
  26 55 28
  27 73 28
  28 57 24
  29 67 20
  30 69 20
  31 27 16
  32 25 24
  33 31 16
  34 31 20
  35 32 39
  36 21 20
  37 33 16
  38 37 28
  39 28 39
  40 32 55
  41 36 49
  42 24 51
  43 44 49
  44 44 51
  45 28 49
  46 40 57
  47 36 39
  48 28 45
  49 28 61
  50 44 61
  51 48 51
  52 10 10
  53 10 30
  54 12 30
  55 12 10
  56 16 10
  57 16 30
  58 18 30
  59 18 10
  60 22 10
  61 22 30
  62 24 30
  63 24 10
  64 28 10
  65 28 30
  66 30 30
  67 30 10
  68 34 10
  69 34 30
  70 36 30
  71 36 10
  72 40 10
  73 40 30
  74 42 30
  75 42 10
  76 46 10
  77 46 30
  78 48 30
  79 48 10
  80 52 10
  81 52 30
  82 54 30
  83 54 10
  84 58 10
  85 58 30
  86 60 30
  87 60 10
  88 64 10
  89 64 30
  90 66 30
  91 66 10
  92 70 10
  93 70 30
  94 72 30
  95 72 10
  96 10 40
  97 10 42
  98 50 42
  99 50 40
  100 10 46
  101 10 48
  102 50 48
  103 50 46
  104 10 52
  105 10 54
  106 50 54
  107 50 52
  108 10 58
  109 10 60
  110 50 60
  111 50 58
  112 10 64
  113 10 66
  114 50 66
  115 50 64
  116 10 70
  117 10 72
  118 50 72
  119 50 70
VISIT_LOCATION_SECTION
  2 2
  3 3
  4 4
  5 5
  6 6
  7 7
  8 8
  9 9
  10 10
  11 11
  12 12
  13 13
  14 14
  15 15
  16 16
  17 17
  18 18
  19 19
  20 20
  21 21
  22 22
  23 23
  24 24
  25 25
  26 26
  27 27
  28 28
  29 29
  30 30
  31 31
  32 32
  33 33
  34 34
  35 35
  36 36
  37 37
  38 38
  39 39
  40 40
  41 41
  42 42
  43 43
  44 44
  45 45
  46 46
  47 47
  48 48
  49 49
  50 50
  51 51
COMMENT: TIMESTEP: 1
ORDERS_SECTION
  1 2 3 4
  2 5 6 7 8 9 10 11
  3 12 13
  4 14 15 16 17
  5 18 19 20 21 22
  6 23 24 25 26 27 28 29 30
  7 31 32 33
  8 34 35 36 37 38 39
  9 40 41 42 43 44
  10 45 46 47 48 49 50 51
TIME_AVAIL_SECTION
  1 1
  2 1
  3 1
  4 1
  5 1
  6 1
  7 1
  8 1
  9 1
  10 1
OBSTACLES
  1 52 53 54 55
  2 56 57 58 59
  3 60 61 62 63
  4 64 65 66 67
  5 68 69 70 71
  6 72 73 74 75
  7 76 77 78 79
  8 80 81 82 83
  9 84 85 86 87
  10 88 89 90 91
  11 92 93 94 95
  12 96 97 98 99
  13 100 101 102 103
  14 104 105 106 107
  15 108 109 110 111
  16 112 113 114 115
  17 116 117 118 119
EOF
