VRPTEST 1.0
COMMENT: descr: Modified tsplib for the OBP
COMMENT: Best known objective: 1016.77
COMMENT: Computational time (s): 0.09909799999999999
NAME: c79_ea00
NUM_CAPACITIES: 1
NUM_VISITS: 79
NUM_VEHICLES: 4
CAPACITIES: 4
DATA_SECTION
DEPOTS
  0
  1
VISIT_LOCATION_SECTION
  2 108
  3 321
  4 305
  5 451
  6 462
  7 44
  8 38
  9 220
  10 453
  11 24
  12 435
  13 320
  14 222
  15 119
  16 376
  17 114
  18 471
  19 199
  20 90
  21 144
  22 288
  23 304
  24 12
  25 253
  26 78
  27 194
  28 274
  29 396
  30 219
  31 55
  32 465
  33 201
  34 62
  35 166
  36 92
  37 33
  38 361
  39 402
  40 247
  41 88
  42 16
  43 36
  44 102
  45 186
  46 58
  47 8
  48 330
  49 209
  50 170
  51 295
  52 95
  53 382
  54 22
  55 443
  56 190
  57 67
  58 188
  59 63
  60 10
  61 332
  62 59
  63 316
  64 15
  65 353
  66 454
  67 171
  68 72
  69 322
  70 105
  71 307
  72 35
  73 82
  74 103
  75 319
  76 84
  77 323
  78 45
  79 241
  80 259
COMMENT: TIMESTEP: 1
ORDERS_SECTION
  1 2 3
  2 4 5 6 7 8 9 10 11
  3 12 13 14 15 16 17 18 19
  4 20 21 22 23 24 25 26 27
  5 28 29 30 31 32 33 34 35 36
  6 37 38 39 40 41 42 43 44 45 46 47
  7 48
  8 49 50 51 52 53 54 55 56 57 58 59
  9 60
  10 61 62 63 64 65
  11 66 67 68 69
  12 70 71
  13 72
  14 73 74 75 76 77 78
  15 79 80
TIME_AVAIL_SECTION
  1 1
  2 1
  3 1
  4 1
  5 1
  6 1
  7 1
  8 1
  9 1
  10 1
  11 1
  12 1
  13 1
  14 1
  15 1
EOF
