VRPTEST 1.0
COMMENT: descr: Modified tsplib for the OBP
COMMENT: Best known objective: 967.0
COMMENT: Computational time (s): 0.115
NAME: c158_0b26
NUM_DEPOTS: 2
NUM_CAPACITIES: 1
NUM_VISITS: 158
NUM_LOCATIONS: 164
NUM_VEHICLES: 4
CAPACITIES: 8
DATA_SECTION
DEPOTS
  0
  1
LOCATION_COORD_SECTION
  0 5 20
  1 5 50
  2 48 13
  3 37 12
  4 40 18
  5 31 10
  6 38 6
  7 63 15
  8 60 15
  9 67 21
  10 38 15
  11 33 19
  12 34 12
  13 55 10
  14 48 24
  15 49 14
  16 60 19
  17 32 10
  18 32 4
  19 41 23
  20 58 13
  21 50 11
  22 58 16
  23 34 4
  24 47 25
  25 55 20
  26 63 18
  27 40 13
  28 51 6
  29 40 26
  30 46 14
  31 55 11
  32 42 4
  33 52 14
  34 63 19
  35 56 17
  36 36 18
  37 31 13
  38 51 19
  39 37 4
  40 53 15
  41 48 22
  42 43 23
  43 54 14
  44 40 7
  45 37 5
  46 38 20
  47 51 11
  48 33 3
  49 15 32
  50 19 39
  51 34 24
  52 8 22
  53 28 38
  54 23 3
  55 17 36
  56 14 39
  57 23 32
  58 9 35
  59 15 25
  60 26 26
  61 30 21
  62 21 17
  63 23 30
  64 22 48
  65 17 16
  66 22 31
  67 28 49
  68 23 41
  69 3 21
  70 17 9
  71 18 41
  72 13 29
  73 28 50
  74 18 16
  75 19 31
  76 32 50
  77 27 21
  78 14 34
  79 16 20
  80 23 13
  81 16 28
  82 34 33
  83 32 22
  84 30 9
  85 26 20
  86 20 34
  87 63 22
  88 49 26
  89 65 32
  90 66 33
  91 59 30
  92 66 29
  93 69 29
  94 56 22
  95 47 36
  96 55 34
  97 54 32
  98 78 33
  99 74 33
  100 67 32
  101 66 22
  102 54 31
  103 60 25
  104 69 32
  105 43 34
  106 55 25
  107 42 37
  108 68 25
  109 70 26
  110 74 31
  111 55 28
  112 40 33
  113 51 23
  114 59 32
  115 77 34
  116 75 33
  117 52 66
  118 46 38
  119 43 47
  120 58 45
  121 69 41
  122 54 60
  123 54 41
  124 41 56
  125 60 43
  126 63 54
  127 48 44
  128 43 50
  129 73 42
  130 49 62
  131 44 38
  132 49 57
  133 68 51
  134 43 48
  135 66 47
  136 36 47
  137 43 56
  138 54 48
  139 48 48
  140 64 55
  141 54 38
  142 49 48
  143 60 40
  144 63 51
  145 53 53
  146 64 49
  147 40 53
  148 66 39
  149 39 46
  150 50 48
  151 48 40
  152 76 41
  153 61 40
  154 45 45
  155 40 46
  156 61 49
  157 49 64
  158 35 45
  159 40 47
  160 10 10
  161 10 60
  162 12 60
  163 12 10
VISIT_LOCATION_SECTION
  2 2
  3 3
  4 4
  5 5
  6 6
  7 7
  8 8
  9 9
  10 10
  11 11
  12 12
  13 13
  14 14
  15 15
  16 16
  17 17
  18 18
  19 19
  20 20
  21 21
  22 22
  23 23
  24 24
  25 25
  26 26
  27 27
  28 28
  29 29
  30 30
  31 31
  32 32
  33 33
  34 34
  35 35
  36 36
  37 37
  38 38
  39 39
  40 40
  41 41
  42 42
  43 43
  44 44
  45 45
  46 46
  47 47
  48 48
  49 49
  50 50
  51 51
  52 52
  53 53
  54 54
  55 55
  56 56
  57 57
  58 58
  59 59
  60 60
  61 61
  62 62
  63 63
  64 64
  65 65
  66 66
  67 67
  68 68
  69 69
  70 70
  71 71
  72 72
  73 73
  74 74
  75 75
  76 76
  77 77
  78 78
  79 79
  80 80
  81 81
  82 82
  83 83
  84 84
  85 85
  86 86
  87 87
  88 88
  89 89
  90 90
  91 91
  92 92
  93 93
  94 94
  95 95
  96 96
  97 97
  98 98
  99 99
  100 100
  101 101
  102 102
  103 103
  104 104
  105 105
  106 106
  107 107
  108 108
  109 109
  110 110
  111 111
  112 112
  113 113
  114 114
  115 115
  116 116
  117 117
  118 118
  119 119
  120 120
  121 121
  122 122
  123 123
  124 124
  125 125
  126 126
  127 127
  128 128
  129 129
  130 130
  131 131
  132 132
  133 133
  134 134
  135 135
  136 136
  137 137
  138 138
  139 139
  140 140
  141 141
  142 142
  143 143
  144 144
  145 145
  146 146
  147 147
  148 148
  149 149
  150 150
  151 151
  152 152
  153 153
  154 154
  155 155
  156 156
  157 157
  158 158
  159 159
COMMENT: TIMESTEP: 1
ORDERS_SECTION
  1 2 3
  2 4 5 6 7 8
  3 9 10 11 12 13 14
  4 15 16 17 18 19 20 21
  5 22 23 24 25 26 27 28
  6 29 30 31 32 33 34 35 36
  7 37 38 39 40 41 42 43
  8 44 45 46 47 48
  9 49 50 51 52 53 54
  10 55 56
  11 57 58
  12 59 60 61 62 63
  13 64 65 66 67 68 69 70
  14 71 72 73 74 75 76
  15 77 78 79 80 81 82 83 84
  16 85 86
  17 87 88 89 90 91 92 93 94
  18 95 96 97
  19 98 99 100
  20 101 102 103 104
  21 105 106 107 108 109
  22 110 111 112
  23 113 114 115 116
  24 117 118 119 120 121 122
  25 123 124 125 126 127 128 129 130
  26 131 132 133 134 135 136 137 138
  27 139 140
  28 141 142 143 144 145 146 147 148
  29 149 150 151 152 153 154 155 156
  30 157 158 159
TIME_AVAIL_SECTION
  1 1
  2 1
  3 1
  4 1
  5 1
  6 1
  7 1
  8 1
  9 1
  10 1
  11 1
  12 1
  13 1
  14 1
  15 1
  16 1
  17 1
  18 1
  19 1
  20 1
  21 1
  22 1
  23 1
  24 1
  25 1
  26 1
  27 1
  28 1
  29 1
  30 1
OBSTACLES
  1 160 161 162 163
EOF
