VRPTEST 1.0
COMMENT: descr: Modified tsplib for the OBP
COMMENT: Best known objective: 1277.895
COMMENT: Computational time (s): 0.187278
NAME: c99_abc3
NUM_CAPACITIES: 1
NUM_VISITS: 99
NUM_VEHICLES: 5
CAPACITIES: 6
DATA_SECTION
DEPOTS
  0
  1
VISIT_LOCATION_SECTION
  2 56
  3 6
  4 42
  5 12
  6 93
  7 194
  8 190
  9 86
  10 135
  11 129
  12 200
  13 150
  14 234
  15 218
  16 118
  17 43
  18 68
  19 15
  20 229
  21 81
  22 207
  23 241
  24 94
  25 260
  26 88
  27 180
  28 143
  29 17
  30 51
  31 209
  32 87
  33 177
  34 149
  35 123
  36 108
  37 2
  38 37
  39 13
  40 69
  41 99
  42 211
  43 231
  44 251
  45 153
  46 121
  47 120
  48 235
  49 158
  50 52
  51 113
  52 92
  53 79
  54 183
  55 242
  56 152
  57 230
  58 216
  59 124
  60 163
  61 119
  62 263
  63 24
  64 9
  65 61
  66 70
  67 55
  68 39
  69 182
  70 202
  71 189
  72 225
  73 170
  74 198
  75 144
  76 36
  77 195
  78 258
  79 98
  80 71
  81 223
  82 206
  83 240
  84 128
  85 162
  86 141
  87 148
  88 28
  89 65
  90 50
  91 53
  92 191
  93 186
  94 224
  95 253
  96 151
  97 140
  98 165
  99 155
  100 246
COMMENT: TIMESTEP: 1
ORDERS_SECTION
  1 2 3 4 5
  2 6 7 8 9
  3 10 11 12 13 14 15 16
  4 17 18 19
  5 20 21 22 23 24 25 26
  6 27 28
  7 29 30
  8 31 32
  9 33 34 35 36
  10 37 38 39 40
  11 41 42
  12 43 44 45 46 47 48 49
  13 50 51
  14 52 53 54 55
  15 56 57 58 59 60 61 62
  16 63 64 65 66 67 68
  17 69 70 71 72
  18 73 74 75
  19 76
  20 77 78 79 80 81 82 83
  21 84 85 86 87
  22 88 89 90 91
  23 92 93 94
  24 95 96 97 98 99 100
TIME_AVAIL_SECTION
  1 1
  2 1
  3 1
  4 1
  5 1
  6 1
  7 1
  8 1
  9 1
  10 1
  11 1
  12 1
  13 1
  14 1
  15 1
  16 1
  17 1
  18 1
  19 1
  20 1
  21 1
  22 1
  23 1
  24 1
EOF
