VRPTEST 1.0
COMMENT: descr: Modified tsplib for the OBP
COMMENT: Best known objective: 1004.902
COMMENT: Computational time (s): 0.105973
NAME: c74_4e83
NUM_CAPACITIES: 1
NUM_VISITS: 74
NUM_VEHICLES: 3
CAPACITIES: 8
DATA_SECTION
DEPOTS
  0
  1
VISIT_LOCATION_SECTION
  2 11
  3 56
  4 220
  5 257
  6 91
  7 151
  8 162
  9 135
  10 77
  11 15
  12 29
  13 33
  14 5
  15 188
  16 124
  17 154
  18 171
  19 141
  20 145
  21 123
  22 113
  23 3
  24 229
  25 101
  26 202
  27 119
  28 253
  29 161
  30 180
  31 237
  32 152
  33 136
  34 50
  35 12
  36 30
  37 10
  38 67
  39 189
  40 159
  41 230
  42 142
  43 66
  44 69
  45 47
  46 52
  47 80
  48 225
  49 221
  50 87
  51 92
  52 243
  53 165
  54 248
  55 43
  56 62
  57 31
  58 48
  59 181
  60 88
  61 71
  62 211
  63 226
  64 85
  65 263
  66 163
  67 173
  68 176
  69 170
  70 122
  71 17
  72 59
  73 61
  74 19
  75 58
COMMENT: TIMESTEP: 1
ORDERS_SECTION
  1 2 3
  2 4 5 6
  3 7 8 9
  4 10 11 12 13 14
  5 15
  6 16 17 18 19 20 21
  7 22 23
  8 24 25 26
  9 27 28 29 30 31 32 33
  10 34 35 36 37 38
  11 39
  12 40 41 42
  13 43 44 45 46
  14 47 48 49 50 51 52
  15 53 54
  16 55 56 57 58 59
  17 60 61 62 63 64
  18 65 66 67 68 69 70
  19 71 72 73 74 75
TIME_AVAIL_SECTION
  1 1
  2 1
  3 1
  4 1
  5 1
  6 1
  7 1
  8 1
  9 1
  10 1
  11 1
  12 1
  13 1
  14 1
  15 1
  16 1
  17 1
  18 1
  19 1
EOF
