VRPTEST 1.0
COMMENT: descr: Modified tsplib for the OBP
COMMENT: Best known objective: 603.0
COMMENT: Computational time (s): 0.024
NAME: c44_0dd6
NUM_DEPOTS: 2
NUM_CAPACITIES: 1
NUM_VISITS: 44
NUM_LOCATIONS: 134
NUM_VEHICLES: 4
CAPACITIES: 4
DATA_SECTION
DEPOTS
  0
  1
LOCATION_COORD_SECTION
  0 5 30
  1 5 15
  2 32 24
  3 38 28
  4 30 16
  5 26 28
  6 18 28
  7 32 28
  8 20 57
  9 20 51
  10 24 39
  11 20 55
  12 28 51
  13 24 51
  14 28 39
  15 28 45
  16 24 43
  17 12 49
  18 24 49
  19 28 49
  20 20 49
  21 32 73
  22 32 63
  23 28 57
  24 28 69
  25 24 63
  26 24 61
  27 28 55
  28 32 57
  29 28 61
  30 44 61
  31 56 24
  32 54 28
  33 68 39
  34 48 39
  35 52 43
  36 60 24
  37 56 39
  38 60 28
  39 56 43
  40 56 28
  41 56 45
  42 52 39
  43 64 39
  44 60 39
  45 60 43
  46 15 10
  47 15 30
  48 17 30
  49 17 10
  50 21 10
  51 21 30
  52 23 30
  53 23 10
  54 27 10
  55 27 30
  56 29 30
  57 29 10
  58 33 10
  59 33 30
  60 35 30
  61 35 10
  62 39 10
  63 39 30
  64 41 30
  65 41 10
  66 45 10
  67 45 30
  68 47 30
  69 47 10
  70 51 10
  71 51 30
  72 53 30
  73 53 10
  74 57 10
  75 57 30
  76 59 30
  77 59 10
  78 63 10
  79 63 30
  80 65 30
  81 65 10
  82 69 10
  83 69 30
  84 71 30
  85 71 10
  86 5 40
  87 5 42
  88 30 42
  89 30 40
  90 5 46
  91 5 48
  92 31 48
  93 31 46
  94 5 52
  95 5 54
  96 32 54
  97 32 52
  98 5 58
  99 5 60
  100 33 60
  101 33 58
  102 5 64
  103 5 66
  104 34 66
  105 34 64
  106 5 70
  107 5 72
  108 35 72
  109 35 70
  110 40 40
  111 40 42
  112 75 42
  113 75 40
  114 41 46
  115 41 48
  116 75 48
  117 75 46
  118 42 52
  119 42 54
  120 75 54
  121 75 52
  122 43 58
  123 43 60
  124 75 60
  125 75 58
  126 44 64
  127 44 66
  128 75 66
  129 75 64
  130 45 70
  131 45 72
  132 75 72
  133 75 70
VISIT_LOCATION_SECTION
  2 2
  3 3
  4 4
  5 5
  6 6
  7 7
  8 8
  9 9
  10 10
  11 11
  12 12
  13 13
  14 14
  15 15
  16 16
  17 17
  18 18
  19 19
  20 20
  21 21
  22 22
  23 23
  24 24
  25 25
  26 26
  27 27
  28 28
  29 29
  30 30
  31 31
  32 32
  33 33
  34 34
  35 35
  36 36
  37 37
  38 38
  39 39
  40 40
  41 41
  42 42
  43 43
  44 44
  45 45
COMMENT: TIMESTEP: 1
ORDERS_SECTION
  1 2 3
  2 4 5
  3 6 7
  4 8 9
  5 10 11 12 13 14
  6 15 16 17 18 19 20
  7 21 22 23 24
  8 25 26 27 28
  9 29 30
  10 31 32 33 34 35
  11 36 37 38 39
  12 40 41 42 43 44 45
TIME_AVAIL_SECTION
  1 1
  2 1
  3 1
  4 1
  5 1
  6 1
  7 1
  8 1
  9 1
  10 1
  11 1
  12 1
OBSTACLES
  1 46 47 48 49
  2 50 51 52 53
  3 54 55 56 57
  4 58 59 60 61
  5 62 63 64 65
  6 66 67 68 69
  7 70 71 72 73
  8 74 75 76 77
  9 78 79 80 81
  10 82 83 84 85
  11 86 87 88 89
  12 90 91 92 93
  13 94 95 96 97
  14 98 99 100 101
  15 102 103 104 105
  16 106 107 108 109
  17 110 111 112 113
  18 114 115 116 117
  19 118 119 120 121
  20 122 123 124 125
  21 126 127 128 129
  22 130 131 132 133
EOF
