VRPTEST 1.0
COMMENT: descr: Modified tsplib for the OBP
COMMENT: Best known objective: 425.26
COMMENT: Computational time (s): 0.095495
NAME: c71_7728
NUM_CAPACITIES: 1
NUM_VISITS: 71
NUM_VEHICLES: 2
CAPACITIES: 7
DATA_SECTION
DEPOTS
  0
  1
VISIT_LOCATION_SECTION
  2 127
  3 67
  4 204
  5 31
  6 157
  7 109
  8 111
  9 9
  10 190
  11 184
  12 143
  13 68
  14 108
  15 147
  16 64
  17 172
  18 78
  19 16
  20 26
  21 39
  22 79
  23 116
  24 73
  25 47
  26 112
  27 177
  28 163
  29 29
  30 198
  31 82
  32 136
  33 126
  34 86
  35 28
  36 203
  37 3
  38 17
  39 166
  40 48
  41 186
  42 23
  43 83
  44 188
  45 154
  46 72
  47 61
  48 24
  49 113
  50 59
  51 45
  52 135
  53 43
  54 206
  55 139
  56 46
  57 151
  58 110
  59 129
  60 174
  61 121
  62 12
  63 15
  64 57
  65 132
  66 92
  67 205
  68 168
  69 52
  70 77
  71 160
  72 173
COMMENT: TIMESTEP: 1
ORDERS_SECTION
  1 2
  2 3 4 5 6 7 8 9 10 11 12 13
  3 14 15 16 17 18 19 20 21
  4 22 23 24 25 26 27 28 29 30 31 32 33
  5 34 35 36 37 38 39 40 41 42
  6 43 44 45 46 47 48 49 50 51 52 53 54 55
  7 56 57
  8 58
  9 59 60 61 62 63 64 65 66 67 68 69
  10 70 71 72
TIME_AVAIL_SECTION
  1 1
  2 1
  3 1
  4 1
  5 1
  6 1
  7 1
  8 1
  9 1
  10 1
EOF
