VRPTEST 1.0
COMMENT: descr: Modified tsplib for the OBP
COMMENT: Best known objective: 961.0
COMMENT: Computational time (s): 0.142395
NAME: c67_7999
NUM_CAPACITIES: 1
NUM_VISITS: 67
NUM_VEHICLES: 7
CAPACITIES: 3
DATA_SECTION
DEPOTS
  0
  1
VISIT_LOCATION_SECTION
  2 36
  3 25
  4 43
  5 147
  6 23
  7 206
  8 208
  9 214
  10 209
  11 10
  12 15
  13 216
  14 98
  15 85
  16 30
  17 63
  18 44
  19 14
  20 16
  21 49
  22 183
  23 212
  24 97
  25 104
  26 219
  27 102
  28 6
  29 153
  30 202
  31 204
  32 197
  33 71
  34 29
  35 67
  36 31
  37 11
  38 35
  39 218
  40 94
  41 24
  42 62
  43 77
  44 195
  45 110
  46 101
  47 215
  48 109
  49 18
  50 163
  51 152
  52 154
  53 111
  54 92
  55 213
  56 217
  57 9
  58 69
  59 107
  60 205
  61 108
  62 88
  63 21
  64 47
  65 81
  66 211
  67 221
  68 95
COMMENT: TIMESTEP: 1
ORDERS_SECTION
  1 2 3 4 5 6
  2 7 8 9 10
  3 11 12
  4 13 14 15
  5 16 17 18 19 20 21
  6 22 23 24 25 26 27
  7 28 29
  8 30 31 32 33
  9 34 35 36 37 38
  10 39 40
  11 41 42 43
  12 44 45 46 47 48
  13 49 50 51 52
  14 53 54 55 56
  15 57 58
  16 59 60 61 62
  17 63 64
  18 65 66 67 68
TIME_AVAIL_SECTION
  1 1
  2 1
  3 1
  4 1
  5 1
  6 1
  7 1
  8 1
  9 1
  10 1
  11 1
  12 1
  13 1
  14 1
  15 1
  16 1
  17 1
  18 1
EOF
