VRPTEST 1.0
COMMENT: descr: Modified tsplib for the OBP
COMMENT: Best known objective: 1569.902
COMMENT: Computational time (s): 0.45616
NAME: c180_06ba
NUM_CAPACITIES: 1
NUM_VISITS: 180
NUM_VEHICLES: 4
CAPACITIES: 6
DATA_SECTION
DEPOTS
  0
  1
VISIT_LOCATION_SECTION
  2 44
  3 74
  4 109
  5 15
  6 53
  7 51
  8 77
  9 13
  10 56
  11 2
  12 16
  13 61
  14 31
  15 223
  16 197
  17 222
  18 186
  19 239
  20 191
  21 139
  22 263
  23 132
  24 130
  25 165
  26 235
  27 251
  28 249
  29 133
  30 173
  31 159
  32 122
  33 38
  34 7
  35 76
  36 20
  37 181
  38 55
  39 6
  40 34
  41 113
  42 14
  43 35
  44 98
  45 188
  46 192
  47 208
  48 245
  49 211
  50 219
  51 261
  52 183
  53 242
  54 157
  55 180
  56 230
  57 112
  58 123
  59 236
  60 146
  61 160
  62 37
  63 4
  64 12
  65 9
  66 78
  67 68
  68 28
  69 202
  70 92
  71 260
  72 95
  73 259
  74 79
  75 88
  76 94
  77 99
  78 206
  79 141
  80 232
  81 124
  82 179
  83 171
  84 199
  85 140
  86 145
  87 70
  88 26
  89 62
  90 17
  91 50
  92 19
  93 64
  94 58
  95 33
  96 52
  97 100
  98 87
  99 96
  100 205
  101 225
  102 81
  103 221
  104 227
  105 207
  106 196
  107 85
  108 212
  109 244
  110 71
  111 135
  112 118
  113 169
  114 248
  115 233
  116 148
  117 253
  118 108
  119 174
  120 175
  121 8
  122 184
  123 210
  124 80
  125 240
  126 185
  127 213
  128 90
  129 193
  130 91
  131 250
  132 126
  133 151
  134 152
  135 176
  136 177
  137 149
  138 119
  139 45
  140 49
  141 27
  142 41
  143 11
  144 23
  145 257
  146 182
  147 89
  148 101
  149 195
  150 226
  151 189
  152 224
  153 234
  154 172
  155 121
  156 116
  157 162
  158 128
  159 137
  160 143
  161 154
  162 246
  163 215
  164 163
  165 21
  166 43
  167 60
  168 30
  169 3
  170 10
  171 54
  172 5
  173 29
  174 39
  175 25
  176 59
  177 22
  178 36
  179 46
  180 204
  181 229
COMMENT: TIMESTEP: 1
ORDERS_SECTION
  1 2 3 4 5 6 7 8 9 10 11 12 13 14
  2 15 16 17 18 19 20
  3 21 22 23 24 25 26 27 28 29 30 31 32
  4 33 34 35 36 37 38 39 40 41 42 43
  5 44 45 46 47 48 49 50 51 52 53
  6 54 55 56 57 58 59 60 61
  7 62 63 64 65 66 67 68
  8 69 70 71 72 73 74 75 76 77 78
  9 79 80 81 82 83 84 85 86
  10 87 88 89 90 91 92 93 94 95 96
  11 97 98 99 100 101 102 103 104 105 106 107 108 109 110
  12 111 112 113 114 115 116 117 118 119 120
  13 121
  14 122 123 124 125 126 127 128 129 130
  15 131 132 133 134 135 136 137 138
  16 139 140 141 142 143 144
  17 145 146 147 148 149 150 151 152
  18 153 154 155 156 157 158 159 160 161 162 163 164
  19 165 166 167 168 169 170 171 172 173 174 175 176 177 178 179
  20 180 181
TIME_AVAIL_SECTION
  1 1
  2 1
  3 1
  4 1
  5 1
  6 1
  7 1
  8 1
  9 1
  10 1
  11 1
  12 1
  13 1
  14 1
  15 1
  16 1
  17 1
  18 1
  19 1
  20 1
EOF
