VRPTEST 1.0
COMMENT: descr: Modified tsplib for the OBP
COMMENT: Best known objective: 799.0
COMMENT: Computational time (s): 0.095
NAME: c72_0451
NUM_DEPOTS: 2
NUM_CAPACITIES: 1
NUM_VISITS: 72
NUM_LOCATIONS: 142
NUM_VEHICLES: 4
CAPACITIES: 4
DATA_SECTION
DEPOTS
  0
  1
LOCATION_COORD_SECTION
  0 70 40
  1 65 60
  2 48 43
  3 44 43
  4 40 39
  5 48 51
  6 40 45
  7 48 45
  8 44 49
  9 40 43
  10 48 49
  11 45 28
  12 44 39
  13 49 28
  14 48 61
  15 48 39
  16 44 45
  17 48 57
  18 13 28
  19 27 28
  20 19 16
  21 15 24
  22 31 28
  23 19 28
  24 13 24
  25 16 39
  26 12 39
  27 9 28
  28 24 39
  29 32 39
  30 15 28
  31 24 45
  32 28 57
  33 24 61
  34 20 57
  35 20 49
  36 16 43
  37 16 57
  38 16 49
  39 12 49
  40 20 55
  41 24 49
  42 28 55
  43 28 45
  44 20 45
  45 24 55
  46 12 51
  47 24 57
  48 20 61
  49 20 43
  50 16 51
  51 16 55
  52 24 43
  53 12 45
  54 20 63
  55 32 49
  56 36 55
  57 32 61
  58 36 45
  59 32 43
  60 40 55
  61 36 63
  62 40 51
  63 44 51
  64 36 57
  65 40 67
  66 36 51
  67 36 49
  68 32 63
  69 36 61
  70 40 63
  71 32 57
  72 40 61
  73 32 45
  74 10 10
  75 10 30
  76 12 30
  77 12 10
  78 16 10
  79 16 30
  80 18 30
  81 18 10
  82 22 10
  83 22 30
  84 24 30
  85 24 10
  86 28 10
  87 28 30
  88 30 30
  89 30 10
  90 34 10
  91 34 30
  92 36 30
  93 36 10
  94 40 10
  95 40 30
  96 42 30
  97 42 10
  98 46 10
  99 46 30
  100 48 30
  101 48 10
  102 52 10
  103 52 30
  104 54 30
  105 54 10
  106 58 10
  107 58 30
  108 60 30
  109 60 10
  110 64 10
  111 64 30
  112 66 30
  113 66 10
  114 70 10
  115 70 30
  116 72 30
  117 72 10
  118 10 40
  119 10 42
  120 50 42
  121 50 40
  122 10 46
  123 10 48
  124 50 48
  125 50 46
  126 10 52
  127 10 54
  128 50 54
  129 50 52
  130 10 58
  131 10 60
  132 50 60
  133 50 58
  134 10 64
  135 10 66
  136 50 66
  137 50 64
  138 10 70
  139 10 72
  140 50 72
  141 50 70
VISIT_LOCATION_SECTION
  2 2
  3 3
  4 4
  5 5
  6 6
  7 7
  8 8
  9 9
  10 10
  11 11
  12 12
  13 13
  14 14
  15 15
  16 16
  17 17
  18 18
  19 19
  20 20
  21 21
  22 22
  23 23
  24 24
  25 25
  26 26
  27 27
  28 28
  29 29
  30 30
  31 31
  32 32
  33 33
  34 34
  35 35
  36 36
  37 37
  38 38
  39 39
  40 40
  41 41
  42 42
  43 43
  44 44
  45 45
  46 46
  47 47
  48 48
  49 49
  50 50
  51 51
  52 52
  53 53
  54 54
  55 55
  56 56
  57 57
  58 58
  59 59
  60 60
  61 61
  62 62
  63 63
  64 64
  65 65
  66 66
  67 67
  68 68
  69 69
  70 70
  71 71
  72 72
  73 73
COMMENT: TIMESTEP: 1
ORDERS_SECTION
  1 2 3 4 5 6 7 8 9
  2 10 11
  3 12 13
  4 14 15 16 17
  5 18 19 20 21 22 23
  6 24 25
  7 26 27
  8 28 29 30
  9 31 32 33 34 35 36 37
  10 38 39 40
  11 41 42 43 44 45 46 47
  12 48 49 50 51 52 53 54
  13 55 56 57 58 59 60
  14 61 62 63 64 65
  15 66 67 68 69 70 71 72 73
TIME_AVAIL_SECTION
  1 1
  2 1
  3 1
  4 1
  5 1
  6 1
  7 1
  8 1
  9 1
  10 1
  11 1
  12 1
  13 1
  14 1
  15 1
OBSTACLES
  1 74 75 76 77
  2 78 79 80 81
  3 82 83 84 85
  4 86 87 88 89
  5 90 91 92 93
  6 94 95 96 97
  7 98 99 100 101
  8 102 103 104 105
  9 106 107 108 109
  10 110 111 112 113
  11 114 115 116 117
  12 118 119 120 121
  13 122 123 124 125
  14 126 127 128 129
  15 130 131 132 133
  16 134 135 136 137
  17 138 139 140 141
EOF
