VRPTEST 1.0
COMMENT: descr: Modified tsplib for the OBP
COMMENT: Best known objective: 1159.0
COMMENT: Computational time (s): 0.08
NAME: c112_2232
NUM_DEPOTS: 2
NUM_CAPACITIES: 1
NUM_VISITS: 112
NUM_LOCATIONS: 162
NUM_VEHICLES: 8
CAPACITIES: 4
DATA_SECTION
DEPOTS
  0
  1
LOCATION_COORD_SECTION
  0 35 70
  1 50 70
  2 19 36
  3 23 35
  4 13 20
  5 16 34
  6 5 31
  7 15 25
  8 20 24
  9 12 34
  10 21 17
  11 24 33
  12 20 21
  13 17 33
  14 20 31
  15 16 33
  16 4 32
  17 20 40
  18 7 31
  19 22 31
  20 19 14
  21 13 26
  22 3 34
  23 13 24
  24 13 21
  25 20 34
  26 6 28
  27 22 32
  28 11 34
  29 5 30
  30 13 37
  31 13 58
  32 25 46
  33 24 75
  34 23 74
  35 14 42
  36 25 76
  37 13 51
  38 25 53
  39 22 71
  40 20 59
  41 22 64
  42 13 49
  43 7 57
  44 22 60
  45 21 43
  46 18 61
  47 7 44
  48 3 50
  49 21 67
  50 15 60
  51 13 63
  52 14 46
  53 17 68
  54 16 62
  55 20 60
  56 13 44
  57 59 44
  58 71 36
  59 64 55
  60 63 51
  61 59 42
  62 63 38
  63 64 37
  64 58 38
  65 58 45
  66 65 49
  67 69 41
  68 59 46
  69 76 41
  70 76 42
  71 70 39
  72 70 47
  73 64 36
  74 70 37
  75 77 36
  76 69 35
  77 65 44
  78 58 59
  79 59 38
  80 63 54
  81 75 41
  82 58 56
  83 75 43
  84 59 13
  85 76 27
  86 74 33
  87 77 29
  88 69 29
  89 71 15
  90 76 24
  91 75 29
  92 65 14
  93 63 15
  94 70 31
  95 67 32
  96 58 32
  97 58 23
  98 66 33
  99 69 32
  100 76 25
  101 63 23
  102 65 33
  103 59 10
  104 66 31
  105 77 21
  106 65 30
  107 67 8
  108 68 33
  109 71 32
  110 76 21
  111 78 25
  112 58 16
  113 59 32
  114 10 10
  115 10 30
  116 12 30
  117 12 10
  118 16 10
  119 16 30
  120 18 30
  121 18 10
  122 22 10
  123 22 30
  124 24 30
  125 24 10
  126 10 36
  127 10 56
  128 12 56
  129 12 36
  130 16 36
  131 16 56
  132 18 56
  133 18 36
  134 22 36
  135 22 56
  136 24 56
  137 24 36
  138 60 10
  139 60 30
  140 62 30
  141 62 10
  142 66 10
  143 66 30
  144 68 30
  145 68 10
  146 72 10
  147 72 30
  148 74 30
  149 74 10
  150 60 36
  151 60 56
  152 62 56
  153 62 36
  154 66 36
  155 66 56
  156 68 56
  157 68 36
  158 72 36
  159 72 56
  160 74 56
  161 74 36
VISIT_LOCATION_SECTION
  2 2
  3 3
  4 4
  5 5
  6 6
  7 7
  8 8
  9 9
  10 10
  11 11
  12 12
  13 13
  14 14
  15 15
  16 16
  17 17
  18 18
  19 19
  20 20
  21 21
  22 22
  23 23
  24 24
  25 25
  26 26
  27 27
  28 28
  29 29
  30 30
  31 31
  32 32
  33 33
  34 34
  35 35
  36 36
  37 37
  38 38
  39 39
  40 40
  41 41
  42 42
  43 43
  44 44
  45 45
  46 46
  47 47
  48 48
  49 49
  50 50
  51 51
  52 52
  53 53
  54 54
  55 55
  56 56
  57 57
  58 58
  59 59
  60 60
  61 61
  62 62
  63 63
  64 64
  65 65
  66 66
  67 67
  68 68
  69 69
  70 70
  71 71
  72 72
  73 73
  74 74
  75 75
  76 76
  77 77
  78 78
  79 79
  80 80
  81 81
  82 82
  83 83
  84 84
  85 85
  86 86
  87 87
  88 88
  89 89
  90 90
  91 91
  92 92
  93 93
  94 94
  95 95
  96 96
  97 97
  98 98
  99 99
  100 100
  101 101
  102 102
  103 103
  104 104
  105 105
  106 106
  107 107
  108 108
  109 109
  110 110
  111 111
  112 112
  113 113
COMMENT: TIMESTEP: 1
ORDERS_SECTION
  1 2 3 4 5
  2 6 7
  3 8 9 10 11
  4 12 13 14 15 16 17
  5 18 19 20
  6 21 22
  7 23 24 25 26 27
  8 28 29 30
  9 31 32
  10 33 34 35 36
  11 37 38 39
  12 40 41 42 43 44 45
  13 46 47 48
  14 49 50
  15 51 52 53
  16 54 55 56
  17 57 58 59 60 61
  18 62 63
  19 64 65 66 67 68 69
  20 70 71
  21 72 73 74 75 76 77
  22 78 79 80 81
  23 82 83
  24 84 85 86 87 88 89
  25 90 91 92 93 94 95
  26 96 97 98
  27 99 100
  28 101 102 103
  29 104 105 106 107 108
  30 109 110 111 112 113
TIME_AVAIL_SECTION
  1 1
  2 1
  3 1
  4 1
  5 1
  6 1
  7 1
  8 1
  9 1
  10 1
  11 1
  12 1
  13 1
  14 1
  15 1
  16 1
  17 1
  18 1
  19 1
  20 1
  21 1
  22 1
  23 1
  24 1
  25 1
  26 1
  27 1
  28 1
  29 1
  30 1
OBSTACLES
  1 114 115 116 117
  2 118 119 120 121
  3 122 123 124 125
  4 126 127 128 129
  5 130 131 132 133
  6 134 135 136 137
  7 138 139 140 141
  8 142 143 144 145
  9 146 147 148 149
  10 150 151 152 153
  11 154 155 156 157
  12 158 159 160 161
EOF
