VRPTEST 1.0
COMMENT: descr: Modified tsplib for the OBP
COMMENT: Best known objective: 863.0
COMMENT: Computational time (s): 0.042
NAME: c67_1321
NUM_DEPOTS: 2
NUM_CAPACITIES: 1
NUM_VISITS: 67
NUM_LOCATIONS: 137
NUM_VEHICLES: 4
CAPACITIES: 4
DATA_SECTION
DEPOTS
  0
  1
LOCATION_COORD_SECTION
  0 70 40
  1 65 60
  2 12 61
  3 16 55
  4 12 63
  5 12 45
  6 16 51
  7 24 55
  8 20 51
  9 20 43
  10 24 63
  11 20 49
  12 16 67
  13 12 55
  14 24 61
  15 16 49
  16 20 61
  17 20 45
  18 24 49
  19 24 57
  20 16 45
  21 28 49
  22 32 45
  23 28 73
  24 32 57
  25 28 61
  26 36 49
  27 32 55
  28 32 63
  29 28 43
  30 32 39
  31 32 61
  32 28 39
  33 36 43
  34 28 57
  35 19 28
  36 9 24
  37 31 20
  38 31 28
  39 31 16
  40 15 28
  41 15 20
  42 15 24
  43 27 20
  44 31 24
  45 25 16
  46 21 20
  47 33 20
  48 33 24
  49 21 16
  50 21 28
  51 27 16
  52 15 16
  53 25 24
  54 39 28
  55 25 12
  56 19 20
  57 21 24
  58 40 63
  59 48 55
  60 40 51
  61 40 45
  62 44 69
  63 40 61
  64 48 61
  65 48 63
  66 40 55
  67 40 73
  68 48 67
  69 10 10
  70 10 30
  71 12 30
  72 12 10
  73 16 10
  74 16 30
  75 18 30
  76 18 10
  77 22 10
  78 22 30
  79 24 30
  80 24 10
  81 28 10
  82 28 30
  83 30 30
  84 30 10
  85 34 10
  86 34 30
  87 36 30
  88 36 10
  89 40 10
  90 40 30
  91 42 30
  92 42 10
  93 46 10
  94 46 30
  95 48 30
  96 48 10
  97 52 10
  98 52 30
  99 54 30
  100 54 10
  101 58 10
  102 58 30
  103 60 30
  104 60 10
  105 64 10
  106 64 30
  107 66 30
  108 66 10
  109 70 10
  110 70 30
  111 72 30
  112 72 10
  113 10 40
  114 10 42
  115 50 42
  116 50 40
  117 10 46
  118 10 48
  119 50 48
  120 50 46
  121 10 52
  122 10 54
  123 50 54
  124 50 52
  125 10 58
  126 10 60
  127 50 60
  128 50 58
  129 10 64
  130 10 66
  131 50 66
  132 50 64
  133 10 70
  134 10 72
  135 50 72
  136 50 70
VISIT_LOCATION_SECTION
  2 2
  3 3
  4 4
  5 5
  6 6
  7 7
  8 8
  9 9
  10 10
  11 11
  12 12
  13 13
  14 14
  15 15
  16 16
  17 17
  18 18
  19 19
  20 20
  21 21
  22 22
  23 23
  24 24
  25 25
  26 26
  27 27
  28 28
  29 29
  30 30
  31 31
  32 32
  33 33
  34 34
  35 35
  36 36
  37 37
  38 38
  39 39
  40 40
  41 41
  42 42
  43 43
  44 44
  45 45
  46 46
  47 47
  48 48
  49 49
  50 50
  51 51
  52 52
  53 53
  54 54
  55 55
  56 56
  57 57
  58 58
  59 59
  60 60
  61 61
  62 62
  63 63
  64 64
  65 65
  66 66
  67 67
  68 68
COMMENT: TIMESTEP: 1
ORDERS_SECTION
  1 2 3 4 5 6
  2 7 8 9
  3 10 11 12 13 14
  4 15 16 17 18 19 20
  5 21 22
  6 23 24
  7 25 26 27 28 29 30 31 32
  8 33 34
  9 35 36 37 38 39 40 41 42
  10 43 44 45
  11 46 47 48 49
  12 50 51 52 53 54 55 56 57
  13 58 59 60 61 62
  14 63 64
  15 65 66 67 68
TIME_AVAIL_SECTION
  1 1
  2 1
  3 1
  4 1
  5 1
  6 1
  7 1
  8 1
  9 1
  10 1
  11 1
  12 1
  13 1
  14 1
  15 1
OBSTACLES
  1 69 70 71 72
  2 73 74 75 76
  3 77 78 79 80
  4 81 82 83 84
  5 85 86 87 88
  6 89 90 91 92
  7 93 94 95 96
  8 97 98 99 100
  9 101 102 103 104
  10 105 106 107 108
  11 109 110 111 112
  12 113 114 115 116
  13 117 118 119 120
  14 121 122 123 124
  15 125 126 127 128
  16 129 130 131 132
  17 133 134 135 136
EOF
