VRPTEST 1.0
COMMENT: descr: Modified tsplib for the OBP
COMMENT: Best known objective: 1301.0
COMMENT: Computational time (s): 0.042
NAME: c72_209b
NUM_DEPOTS: 2
NUM_CAPACITIES: 1
NUM_VISITS: 72
NUM_LOCATIONS: 150
NUM_VEHICLES: 8
CAPACITIES: 2
DATA_SECTION
DEPOTS
  0
  1
LOCATION_COORD_SECTION
  0 32 5
  1 45 5
  2 69 40
  3 57 56
  4 51 48
  5 55 52
  6 39 56
  7 49 56
  8 49 48
  9 55 56
  10 51 56
  11 57 44
  12 27 44
  13 51 44
  14 51 52
  15 49 52
  16 45 48
  17 25 56
  18 67 56
  19 61 44
  20 57 52
  21 63 48
  22 67 52
  23 67 44
  24 61 56
  25 37 40
  26 69 48
  27 55 44
  28 63 52
  29 63 56
  30 61 48
  31 69 52
  32 67 48
  33 39 44
  34 31 40
  35 33 44
  36 31 44
  37 37 44
  38 51 40
  39 37 48
  40 37 28
  41 45 40
  42 39 48
  43 43 40
  44 49 40
  45 39 28
  46 33 40
  47 39 40
  48 27 40
  49 43 44
  50 39 52
  51 45 52
  52 31 56
  53 43 48
  54 37 52
  55 33 52
  56 33 56
  57 45 56
  58 25 52
  59 37 56
  60 43 56
  61 45 44
  62 10 10
  63 10 30
  64 12 30
  65 12 10
  66 16 10
  67 16 30
  68 18 30
  69 18 10
  70 22 10
  71 22 30
  72 24 30
  73 24 10
  74 28 10
  75 28 30
  76 30 30
  77 30 10
  78 34 10
  79 34 30
  80 36 30
  81 36 10
  82 40 10
  83 40 30
  84 42 30
  85 42 10
  86 46 10
  87 46 30
  88 48 30
  89 48 10
  90 52 10
  91 52 30
  92 54 30
  93 54 10
  94 58 10
  95 58 30
  96 60 30
  97 60 10
  98 64 10
  99 64 30
  100 66 30
  101 66 10
  102 70 10
  103 70 30
  104 72 30
  105 72 10
  106 10 40
  107 10 60
  108 12 60
  109 12 40
  110 16 40
  111 16 60
  112 18 60
  113 18 40
  114 22 40
  115 22 60
  116 24 60
  117 24 40
  118 28 40
  119 28 60
  120 30 60
  121 30 40
  122 34 40
  123 34 60
  124 36 60
  125 36 40
  126 40 40
  127 40 60
  128 42 60
  129 42 40
  130 46 40
  131 46 60
  132 48 60
  133 48 40
  134 52 40
  135 52 60
  136 54 60
  137 54 40
  138 58 40
  139 58 60
  140 60 60
  141 60 40
  142 64 40
  143 64 60
  144 66 60
  145 66 40
  146 70 40
  147 70 60
  148 72 60
  149 72 40
VISIT_LOCATION_SECTION
  2 2
  3 3
  4 4
  5 5
  6 6
  7 7
  8 8
  9 9
  10 10
  11 11
  12 12
  13 13
  14 14
  15 15
  16 16
  17 17
  18 18
  19 19
  20 20
  21 21
  22 22
  23 23
  24 24
  25 25
  26 26
  27 27
  28 28
  29 29
  30 30
  31 31
  32 32
  33 33
  34 34
  35 35
  36 36
  37 37
  38 38
  39 39
  40 40
  41 41
  42 42
  43 43
  44 44
  45 45
  46 46
  47 47
  48 48
  49 49
  50 50
  51 51
  52 52
  53 53
  54 54
  55 55
  56 56
  57 57
  58 58
  59 59
  60 60
  61 61
COMMENT: TIMESTEP: 1
ORDERS_SECTION
  1 2 3
  2 4 5 6
  3 7 8 9 10 37 20
  4 11 12 13 14
  5 15 16 17 18 19
  6 20 21 22
  7 23 24 25 26 27 6
  8 28 29 30 31 14
  9 32 33 34 35 36 37 15 57
  10 38 39 40 41 42 37
  11 43 44 45 46 2 20
  12 47 48
  13 49 50 51 52 53 54 48 24
  14 55 56 57
  15 58 59 60 61 58
TIME_AVAIL_SECTION
  1 1
  2 1
  3 1
  4 1
  5 1
  6 1
  7 1
  8 1
  9 1
  10 1
  11 1
  12 1
  13 1
  14 1
  15 1
OBSTACLES
  1 62 63 64 65
  2 66 67 68 69
  3 70 71 72 73
  4 74 75 76 77
  5 78 79 80 81
  6 82 83 84 85
  7 86 87 88 89
  8 90 91 92 93
  9 94 95 96 97
  10 98 99 100 101
  11 102 103 104 105
  12 106 107 108 109
  13 110 111 112 113
  14 114 115 116 117
  15 118 119 120 121
  16 122 123 124 125
  17 126 127 128 129
  18 130 131 132 133
  19 134 135 136 137
  20 138 139 140 141
  21 142 143 144 145
  22 146 147 148 149
EOF
