VRPTEST 1.0
COMMENT: descr: Modified tsplib for the OBP
COMMENT: Best known objective: 683.0
COMMENT: Computational time (s): 0.138
NAME: c145_198c
NUM_DEPOTS: 2
NUM_CAPACITIES: 1
NUM_VISITS: 145
NUM_LOCATIONS: 195
NUM_VEHICLES: 4
CAPACITIES: 8
DATA_SECTION
DEPOTS
  0
  1
LOCATION_COORD_SECTION
  0 35 70
  1 50 70
  2 12 32
  3 16 33
  4 25 46
  5 5 30
  6 25 53
  7 13 29
  8 25 56
  9 20 47
  10 23 35
  11 16 35
  12 21 41
  13 13 44
  14 19 39
  15 11 34
  16 5 31
  17 16 34
  18 15 32
  19 12 34
  20 14 34
  21 21 45
  22 5 37
  23 4 32
  24 19 36
  25 5 39
  26 6 39
  27 15 40
  28 15 43
  29 14 42
  30 3 34
  31 19 51
  32 20 40
  33 20 34
  34 8 30
  35 20 31
  36 17 33
  37 13 37
  38 8 40
  39 19 6
  40 22 5
  41 25 24
  42 6 28
  43 23 5
  44 8 20
  45 15 11
  46 25 11
  47 19 14
  48 21 4
  49 21 20
  50 20 7
  51 6 18
  52 15 25
  53 13 15
  54 20 23
  55 3 24
  56 3 21
  57 13 16
  58 13 21
  59 25 28
  60 13 20
  61 5 27
  62 16 9
  63 21 17
  64 5 19
  65 17 9
  66 20 10
  67 6 23
  68 19 9
  69 20 21
  70 9 28
  71 23 3
  72 20 24
  73 6 20
  74 19 19
  75 13 24
  76 20 26
  77 18 8
  78 66 63
  79 70 56
  80 58 77
  81 75 57
  82 67 69
  83 65 49
  84 59 66
  85 64 56
  86 67 57
  87 58 59
  88 78 56
  89 66 76
  90 59 50
  91 73 63
  92 63 64
  93 73 66
  94 69 70
  95 69 52
  96 63 60
  97 64 62
  98 71 62
  99 67 71
  100 70 47
  101 69 68
  102 73 58
  103 65 63
  104 62 64
  105 58 45
  106 75 43
  107 59 46
  108 63 51
  109 64 68
  110 65 56
  111 67 65
  112 69 72
  113 69 65
  114 59 39
  115 59 38
  116 59 30
  117 59 27
  118 58 32
  119 63 38
  120 69 29
  121 69 38
  122 66 31
  123 77 36
  124 70 31
  125 64 32
  126 63 22
  127 69 35
  128 66 33
  129 64 36
  130 59 32
  131 65 32
  132 74 33
  133 68 33
  134 67 32
  135 65 30
  136 60 31
  137 63 23
  138 70 37
  139 71 32
  140 70 39
  141 65 33
  142 61 34
  143 58 38
  144 71 36
  145 58 23
  146 69 32
  147 10 10
  148 10 30
  149 12 30
  150 12 10
  151 16 10
  152 16 30
  153 18 30
  154 18 10
  155 22 10
  156 22 30
  157 24 30
  158 24 10
  159 10 36
  160 10 56
  161 12 56
  162 12 36
  163 16 36
  164 16 56
  165 18 56
  166 18 36
  167 22 36
  168 22 56
  169 24 56
  170 24 36
  171 60 10
  172 60 30
  173 62 30
  174 62 10
  175 66 10
  176 66 30
  177 68 30
  178 68 10
  179 72 10
  180 72 30
  181 74 30
  182 74 10
  183 60 36
  184 60 56
  185 62 56
  186 62 36
  187 66 36
  188 66 56
  189 68 56
  190 68 36
  191 72 36
  192 72 56
  193 74 56
  194 74 36
VISIT_LOCATION_SECTION
  2 2
  3 3
  4 4
  5 5
  6 6
  7 7
  8 8
  9 9
  10 10
  11 11
  12 12
  13 13
  14 14
  15 15
  16 16
  17 17
  18 18
  19 19
  20 20
  21 21
  22 22
  23 23
  24 24
  25 25
  26 26
  27 27
  28 28
  29 29
  30 30
  31 31
  32 32
  33 33
  34 34
  35 35
  36 36
  37 37
  38 38
  39 39
  40 40
  41 41
  42 42
  43 43
  44 44
  45 45
  46 46
  47 47
  48 48
  49 49
  50 50
  51 51
  52 52
  53 53
  54 54
  55 55
  56 56
  57 57
  58 58
  59 59
  60 60
  61 61
  62 62
  63 63
  64 64
  65 65
  66 66
  67 67
  68 68
  69 69
  70 70
  71 71
  72 72
  73 73
  74 74
  75 75
  76 76
  77 77
  78 78
  79 79
  80 80
  81 81
  82 82
  83 83
  84 84
  85 85
  86 86
  87 87
  88 88
  89 89
  90 90
  91 91
  92 92
  93 93
  94 94
  95 95
  96 96
  97 97
  98 98
  99 99
  100 100
  101 101
  102 102
  103 103
  104 104
  105 105
  106 106
  107 107
  108 108
  109 109
  110 110
  111 111
  112 112
  113 113
  114 114
  115 115
  116 116
  117 117
  118 118
  119 119
  120 120
  121 121
  122 122
  123 123
  124 124
  125 125
  126 126
  127 127
  128 128
  129 129
  130 130
  131 131
  132 132
  133 133
  134 134
  135 135
  136 136
  137 137
  138 138
  139 139
  140 140
  141 141
  142 142
  143 143
  144 144
  145 145
  146 146
COMMENT: TIMESTEP: 1
ORDERS_SECTION
  1 2 3 4 5
  2 6 7 8 9 10
  3 11 12 13 14 15 16 17
  4 18 19
  5 20 21
  6 22 23 24 25
  7 26 27 28 29 30 31
  8 32 33 34 35 36 37 38
  9 39 40 41 42 43 44
  10 45 46 47 48 49 50 51
  11 52 53
  12 54 55
  13 56 57 58 59 60
  14 61 62 63 64
  15 65 66 67 68 69 70
  16 71 72 73 74 75 76 77
  17 78 79 80 81 82 83
  18 84 85 86 87 88 89 90 91
  19 92 93 94 95 96 97 98 99
  20 100 101
  21 102 103
  22 104 105 106 107
  23 108 109 110 111 112 113
  24 114 115 116 117
  25 118 119 120 121 122
  26 123 124 125 126 127
  27 128 129 130 131 132
  28 133 134
  29 135 136 137 138 139
  30 140 141 142 143 144 145 146
TIME_AVAIL_SECTION
  1 1
  2 1
  3 1
  4 1
  5 1
  6 1
  7 1
  8 1
  9 1
  10 1
  11 1
  12 1
  13 1
  14 1
  15 1
  16 1
  17 1
  18 1
  19 1
  20 1
  21 1
  22 1
  23 1
  24 1
  25 1
  26 1
  27 1
  28 1
  29 1
  30 1
OBSTACLES
  1 147 148 149 150
  2 151 152 153 154
  3 155 156 157 158
  4 159 160 161 162
  5 163 164 165 166
  6 167 168 169 170
  7 171 172 173 174
  8 175 176 177 178
  9 179 180 181 182
  10 183 184 185 186
  11 187 188 189 190
  12 191 192 193 194
EOF
