VRPTEST 1.0
COMMENT: descr: Modified tsplib for the OBP
COMMENT: Best known objective: 1344.0
COMMENT: Computational time (s): 0.038
NAME: c62_040e
NUM_DEPOTS: 2
NUM_CAPACITIES: 1
NUM_VISITS: 62
NUM_LOCATIONS: 141
NUM_VEHICLES: 8
CAPACITIES: 2
DATA_SECTION
DEPOTS
  0
  1
LOCATION_COORD_SECTION
  0 32 5
  1 45 5
  2 55 28
  3 49 20
  4 37 48
  5 67 20
  6 51 28
  7 43 48
  8 57 28
  9 61 56
  10 51 20
  11 45 24
  12 15 48
  13 49 24
  14 49 28
  15 43 28
  16 69 20
  17 67 52
  18 25 52
  19 21 52
  20 37 56
  21 21 56
  22 13 40
  23 15 52
  24 27 56
  25 33 56
  26 19 40
  27 61 44
  28 31 56
  29 27 52
  30 13 52
  31 21 48
  32 27 44
  33 33 44
  34 25 48
  35 39 52
  36 27 40
  37 25 40
  38 27 48
  39 25 44
  40 19 48
  41 39 48
  42 21 44
  43 45 48
  44 51 52
  45 51 56
  46 57 44
  47 55 40
  48 39 44
  49 51 40
  50 51 44
  51 43 44
  52 51 48
  53 10 10
  54 10 30
  55 12 30
  56 12 10
  57 16 10
  58 16 30
  59 18 30
  60 18 10
  61 22 10
  62 22 30
  63 24 30
  64 24 10
  65 28 10
  66 28 30
  67 30 30
  68 30 10
  69 34 10
  70 34 30
  71 36 30
  72 36 10
  73 40 10
  74 40 30
  75 42 30
  76 42 10
  77 46 10
  78 46 30
  79 48 30
  80 48 10
  81 52 10
  82 52 30
  83 54 30
  84 54 10
  85 58 10
  86 58 30
  87 60 30
  88 60 10
  89 64 10
  90 64 30
  91 66 30
  92 66 10
  93 70 10
  94 70 30
  95 72 30
  96 72 10
  97 10 40
  98 10 60
  99 12 60
  100 12 40
  101 16 40
  102 16 60
  103 18 60
  104 18 40
  105 22 40
  106 22 60
  107 24 60
  108 24 40
  109 28 40
  110 28 60
  111 30 60
  112 30 40
  113 34 40
  114 34 60
  115 36 60
  116 36 40
  117 40 40
  118 40 60
  119 42 60
  120 42 40
  121 46 40
  122 46 60
  123 48 60
  124 48 40
  125 52 40
  126 52 60
  127 54 60
  128 54 40
  129 58 40
  130 58 60
  131 60 60
  132 60 40
  133 64 40
  134 64 60
  135 66 60
  136 66 40
  137 70 40
  138 70 60
  139 72 60
  140 72 40
VISIT_LOCATION_SECTION
  2 2
  3 3
  4 4
  5 5
  6 6
  7 7
  8 8
  9 9
  10 10
  11 11
  12 12
  13 13
  14 14
  15 15
  16 16
  17 17
  18 18
  19 19
  20 20
  21 21
  22 22
  23 23
  24 24
  25 25
  26 26
  27 27
  28 28
  29 29
  30 30
  31 31
  32 32
  33 33
  34 34
  35 35
  36 36
  37 37
  38 38
  39 39
  40 40
  41 41
  42 42
  43 43
  44 44
  45 45
  46 46
  47 47
  48 48
  49 49
  50 50
  51 51
  52 52
COMMENT: TIMESTEP: 1
ORDERS_SECTION
  1 2 3 40
  2 4 5 47
  3 6 7 8 9 15
  4 10 11 12 34
  5 13 14
  6 15 16 17 18 37
  7 19 20 21 22 23
  8 24 25 46
  9 26 27 28 29 30
  10 31 32 33 34 35
  11 36 37 38
  12 39 40
  13 41 42 4
  14 43 44 45 46 47 48 13 7
  15 49 50 51 52 23 22
TIME_AVAIL_SECTION
  1 1
  2 1
  3 1
  4 1
  5 1
  6 1
  7 1
  8 1
  9 1
  10 1
  11 1
  12 1
  13 1
  14 1
  15 1
OBSTACLES
  1 53 54 55 56
  2 57 58 59 60
  3 61 62 63 64
  4 65 66 67 68
  5 69 70 71 72
  6 73 74 75 76
  7 77 78 79 80
  8 81 82 83 84
  9 85 86 87 88
  10 89 90 91 92
  11 93 94 95 96
  12 97 98 99 100
  13 101 102 103 104
  14 105 106 107 108
  15 109 110 111 112
  16 113 114 115 116
  17 117 118 119 120
  18 121 122 123 124
  19 125 126 127 128
  20 129 130 131 132
  21 133 134 135 136
  22 137 138 139 140
EOF
