VRPTEST 1.0
COMMENT: descr: Modified tsplib for the OBP
COMMENT: Best known objective: 903.0
COMMENT: Computational time (s): 0.133
NAME: c199_0b36
NUM_DEPOTS: 2
NUM_CAPACITIES: 1
NUM_VISITS: 199
NUM_LOCATIONS: 201
NUM_VEHICLES: 9
CAPACITIES: 5
DATA_SECTION
DEPOTS
  0
  1
LOCATION_COORD_SECTION
  0 5 30
  1 5 50
  2 23 47
  3 14 54
  4 16 58
  5 21 49
  6 28 55
  7 26 47
  8 19 57
  9 9 52
  10 16 52
  11 25 50
  12 22 48
  13 24 50
  14 31 56
  15 22 45
  16 30 57
  17 12 48
  18 19 59
  19 36 51
  20 34 52
  21 26 46
  22 32 47
  23 24 53
  24 21 54
  25 25 56
  26 33 53
  27 24 60
  28 23 56
  29 27 48
  30 12 47
  31 16 48
  32 17 54
  33 13 54
  34 19 60
  35 20 59
  36 15 51
  37 22 54
  38 22 50
  39 20 46
  40 13 49
  41 29 56
  42 17 45
  43 20 57
  44 28 56
  45 26 53
  46 21 53
  47 26 59
  48 21 50
  49 28 57
  50 25 48
  51 19 53
  52 25 54
  53 27 55
  54 45 23
  55 56 19
  56 47 29
  57 54 16
  58 38 23
  59 43 19
  60 38 24
  61 53 21
  62 39 25
  63 46 32
  64 48 33
  65 48 16
  66 50 24
  67 44 32
  68 45 15
  69 48 27
  70 49 17
  71 44 31
  72 42 13
  73 42 31
  74 55 19
  75 44 11
  76 46 13
  77 54 15
  78 49 13
  79 43 22
  80 51 16
  81 50 15
  82 51 24
  83 59 22
  84 46 12
  85 48 26
  86 42 15
  87 38 17
  88 45 25
  89 53 18
  90 49 15
  91 44 24
  92 43 15
  93 54 20
  94 48 25
  95 40 17
  96 53 25
  97 49 25
  98 50 13
  99 57 19
  100 50 26
  101 45 18
  102 40 24
  103 35 24
  104 49 43
  105 44 46
  106 55 51
  107 57 45
  108 41 50
  109 37 43
  110 48 40
  111 46 43
  112 45 43
  113 49 40
  114 47 45
  115 49 54
  116 50 35
  117 39 45
  118 50 33
  119 38 44
  120 61 46
  121 43 50
  122 42 49
  123 60 47
  124 47 43
  125 58 47
  126 37 47
  127 52 53
  128 62 45
  129 38 43
  130 45 42
  131 55 48
  132 49 36
  133 55 44
  134 58 49
  135 43 49
  136 42 40
  137 55 45
  138 50 44
  139 46 35
  140 46 51
  141 49 41
  142 48 39
  143 46 50
  144 46 56
  145 46 42
  146 44 43
  147 52 44
  148 55 43
  149 45 35
  150 51 37
  151 53 43
  152 50 36
  153 51 50
  154 44 39
  155 38 42
  156 18 32
  157 28 43
  158 21 40
  159 23 35
  160 33 40
  161 28 35
  162 18 42
  163 30 33
  164 20 28
  165 13 41
  166 25 32
  167 21 33
  168 11 37
  169 31 44
  170 28 45
  171 17 42
  172 17 34
  173 19 37
  174 21 43
  175 22 26
  176 36 38
  177 14 41
  178 19 39
  179 31 35
  180 15 42
  181 23 34
  182 22 39
  183 30 34
  184 25 34
  185 21 38
  186 23 43
  187 29 42
  188 16 36
  189 23 45
  190 16 41
  191 21 41
  192 27 43
  193 24 42
  194 10 40
  195 18 36
  196 28 44
  197 24 33
  198 14 38
  199 22 36
  200 19 40
VISIT_LOCATION_SECTION
  2 2
  3 3
  4 4
  5 5
  6 6
  7 7
  8 8
  9 9
  10 10
  11 11
  12 12
  13 13
  14 14
  15 15
  16 16
  17 17
  18 18
  19 19
  20 20
  21 21
  22 22
  23 23
  24 24
  25 25
  26 26
  27 27
  28 28
  29 29
  30 30
  31 31
  32 32
  33 33
  34 34
  35 35
  36 36
  37 37
  38 38
  39 39
  40 40
  41 41
  42 42
  43 43
  44 44
  45 45
  46 46
  47 47
  48 48
  49 49
  50 50
  51 51
  52 52
  53 53
  54 54
  55 55
  56 56
  57 57
  58 58
  59 59
  60 60
  61 61
  62 62
  63 63
  64 64
  65 65
  66 66
  67 67
  68 68
  69 69
  70 70
  71 71
  72 72
  73 73
  74 74
  75 75
  76 76
  77 77
  78 78
  79 79
  80 80
  81 81
  82 82
  83 83
  84 84
  85 85
  86 86
  87 87
  88 88
  89 89
  90 90
  91 91
  92 92
  93 93
  94 94
  95 95
  96 96
  97 97
  98 98
  99 99
  100 100
  101 101
  102 102
  103 103
  104 104
  105 105
  106 106
  107 107
  108 108
  109 109
  110 110
  111 111
  112 112
  113 113
  114 114
  115 115
  116 116
  117 117
  118 118
  119 119
  120 120
  121 121
  122 122
  123 123
  124 124
  125 125
  126 126
  127 127
  128 128
  129 129
  130 130
  131 131
  132 132
  133 133
  134 134
  135 135
  136 136
  137 137
  138 138
  139 139
  140 140
  141 141
  142 142
  143 143
  144 144
  145 145
  146 146
  147 147
  148 148
  149 149
  150 150
  151 151
  152 152
  153 153
  154 154
  155 155
  156 156
  157 157
  158 158
  159 159
  160 160
  161 161
  162 162
  163 163
  164 164
  165 165
  166 166
  167 167
  168 168
  169 169
  170 170
  171 171
  172 172
  173 173
  174 174
  175 175
  176 176
  177 177
  178 178
  179 179
  180 180
  181 181
  182 182
  183 183
  184 184
  185 185
  186 186
  187 187
  188 188
  189 189
  190 190
  191 191
  192 192
  193 193
  194 194
  195 195
  196 196
  197 197
  198 198
  199 199
  200 200
COMMENT: TIMESTEP: 1
ORDERS_SECTION
  1 2 3 4 5 6
  2 7 8 9 10 11 12 13
  3 14 15 16 17 18 19 20
  4 21 22 23 24 25 26
  5 27 28 29
  6 30 31 32 33 34
  7 35 36 37 38 39
  8 40 41 42
  9 43 44 45 46
  10 47 48 49 50 51 52 53
  11 54 55 56 57 58 59 60
  12 61 62 63
  13 64 65 66 67 68 69 70
  14 71 72 73 74 75 76 77 78
  15 79 80 81 82 83 84 85
  16 86 87 88
  17 89 90 91
  18 92 93 94 95
  19 96 97 98 99 100 101
  20 102 103
  21 104 105 106 107 108
  22 109 110 111 112 113
  23 114 115 116
  24 117 118 119 120 121 122 123
  25 124 125 126 127 128
  26 129 130 131 132
  27 133 134 135 136 137 138
  28 139 140 141
  29 142 143 144 145 146 147 148 149
  30 150 151 152 153 154 155
  31 156 157 158 159 160 161
  32 162 163 164 165 166 167
  33 168 169 170 171 172 173
  34 174 175
  35 176 177 178
  36 179 180 181
  37 182 183 184 185 186
  38 187 188 189 190
  39 191 192 193 194
  40 195 196 197 198 199 200
TIME_AVAIL_SECTION
  1 1
  2 1
  3 1
  4 1
  5 1
  6 1
  7 1
  8 1
  9 1
  10 1
  11 1
  12 1
  13 1
  14 1
  15 1
  16 1
  17 1
  18 1
  19 1
  20 1
  21 1
  22 1
  23 1
  24 1
  25 1
  26 1
  27 1
  28 1
  29 1
  30 1
  31 1
  32 1
  33 1
  34 1
  35 1
  36 1
  37 1
  38 1
  39 1
  40 1
EOF
