VRPTEST 1.0
COMMENT: descr: Modified tsplib for the OBP
COMMENT: Best known objective: 1230.0
COMMENT: Computational time (s): 0.059
NAME: c113_1b55
NUM_DEPOTS: 2
NUM_CAPACITIES: 1
NUM_VISITS: 113
NUM_LOCATIONS: 183
NUM_VEHICLES: 6
CAPACITIES: 4
DATA_SECTION
DEPOTS
  0
  1
LOCATION_COORD_SECTION
  0 70 40
  1 65 60
  2 43 20
  3 57 24
  4 37 28
  5 45 24
  6 45 16
  7 44 39
  8 55 28
  9 55 24
  10 45 20
  11 37 20
  12 40 43
  13 61 28
  14 37 12
  15 39 28
  16 36 39
  17 55 20
  18 39 20
  19 39 12
  20 49 16
  21 37 16
  22 45 28
  23 37 24
  24 39 24
  25 33 28
  26 43 12
  27 48 39
  28 51 24
  29 51 28
  30 44 43
  31 49 24
  32 43 24
  33 57 28
  34 43 16
  35 40 49
  36 28 69
  37 36 45
  38 32 67
  39 44 55
  40 32 55
  41 28 73
  42 32 57
  43 36 43
  44 32 69
  45 48 49
  46 28 67
  47 32 39
  48 28 55
  49 32 45
  50 36 51
  51 40 57
  52 32 63
  53 28 39
  54 44 51
  55 28 51
  56 40 55
  57 32 51
  58 28 43
  59 28 61
  60 25 20
  61 19 12
  62 25 24
  63 33 20
  64 13 20
  65 21 12
  66 15 24
  67 25 28
  68 19 28
  69 19 16
  70 13 24
  71 31 20
  72 21 24
  73 33 24
  74 21 28
  75 21 20
  76 31 16
  77 15 28
  78 27 20
  79 25 16
  80 27 28
  81 15 20
  82 13 28
  83 16 55
  84 12 51
  85 16 51
  86 24 63
  87 16 61
  88 20 69
  89 24 51
  90 12 61
  91 16 45
  92 24 57
  93 16 49
  94 24 61
  95 20 55
  96 20 57
  97 12 55
  98 24 43
  99 16 57
  100 20 43
  101 12 45
  102 24 55
  103 24 67
  104 20 39
  105 20 51
  106 24 73
  107 20 61
  108 20 67
  109 20 45
  110 12 57
  111 12 39
  112 24 69
  113 24 39
  114 12 49
  115 10 10
  116 10 30
  117 12 30
  118 12 10
  119 16 10
  120 16 30
  121 18 30
  122 18 10
  123 22 10
  124 22 30
  125 24 30
  126 24 10
  127 28 10
  128 28 30
  129 30 30
  130 30 10
  131 34 10
  132 34 30
  133 36 30
  134 36 10
  135 40 10
  136 40 30
  137 42 30
  138 42 10
  139 46 10
  140 46 30
  141 48 30
  142 48 10
  143 52 10
  144 52 30
  145 54 30
  146 54 10
  147 58 10
  148 58 30
  149 60 30
  150 60 10
  151 64 10
  152 64 30
  153 66 30
  154 66 10
  155 70 10
  156 70 30
  157 72 30
  158 72 10
  159 10 40
  160 10 42
  161 50 42
  162 50 40
  163 10 46
  164 10 48
  165 50 48
  166 50 46
  167 10 52
  168 10 54
  169 50 54
  170 50 52
  171 10 58
  172 10 60
  173 50 60
  174 50 58
  175 10 64
  176 10 66
  177 50 66
  178 50 64
  179 10 70
  180 10 72
  181 50 72
  182 50 70
VISIT_LOCATION_SECTION
  2 2
  3 3
  4 4
  5 5
  6 6
  7 7
  8 8
  9 9
  10 10
  11 11
  12 12
  13 13
  14 14
  15 15
  16 16
  17 17
  18 18
  19 19
  20 20
  21 21
  22 22
  23 23
  24 24
  25 25
  26 26
  27 27
  28 28
  29 29
  30 30
  31 31
  32 32
  33 33
  34 34
  35 35
  36 36
  37 37
  38 38
  39 39
  40 40
  41 41
  42 42
  43 43
  44 44
  45 45
  46 46
  47 47
  48 48
  49 49
  50 50
  51 51
  52 52
  53 53
  54 54
  55 55
  56 56
  57 57
  58 58
  59 59
  60 60
  61 61
  62 62
  63 63
  64 64
  65 65
  66 66
  67 67
  68 68
  69 69
  70 70
  71 71
  72 72
  73 73
  74 74
  75 75
  76 76
  77 77
  78 78
  79 79
  80 80
  81 81
  82 82
  83 83
  84 84
  85 85
  86 86
  87 87
  88 88
  89 89
  90 90
  91 91
  92 92
  93 93
  94 94
  95 95
  96 96
  97 97
  98 98
  99 99
  100 100
  101 101
  102 102
  103 103
  104 104
  105 105
  106 106
  107 107
  108 108
  109 109
  110 110
  111 111
  112 112
  113 113
  114 114
COMMENT: TIMESTEP: 1
ORDERS_SECTION
  1 2 3 4 5 6 7 8 9
  2 10 11 12 13 14 15 16
  3 17 18 19 20 21 22 23 24
  4 25 26 27 28 29 30 31 32
  5 33 34
  6 35 36 37 38
  7 39 40 41 42
  8 43 44 45 46
  9 47 48 49 50 51 52
  10 53 54 55 56 57 58 59
  11 60 61 62
  12 63 64 65
  13 66 67 68 69 70 71 72
  14 73 74 75 76 77 78 79 80
  15 81 82
  16 83 84 85 86 87 88 89 90
  17 91 92 93 94 95 96
  18 97 98 99 100 101 102
  19 103 104 105 106
  20 107 108 109 110 111 112 113 114
TIME_AVAIL_SECTION
  1 1
  2 1
  3 1
  4 1
  5 1
  6 1
  7 1
  8 1
  9 1
  10 1
  11 1
  12 1
  13 1
  14 1
  15 1
  16 1
  17 1
  18 1
  19 1
  20 1
OBSTACLES
  1 115 116 117 118
  2 119 120 121 122
  3 123 124 125 126
  4 127 128 129 130
  5 131 132 133 134
  6 135 136 137 138
  7 139 140 141 142
  8 143 144 145 146
  9 147 148 149 150
  10 151 152 153 154
  11 155 156 157 158
  12 159 160 161 162
  13 163 164 165 166
  14 167 168 169 170
  15 171 172 173 174
  16 175 176 177 178
  17 179 180 181 182
EOF
