VRPTEST 1.0
COMMENT: descr: Modified tsplib for the OBP
COMMENT: Best known objective: 1118.906
COMMENT: Computational time (s): 0.22618500000000002
NAME: c73_6135
NUM_CAPACITIES: 1
NUM_VISITS: 73
NUM_VEHICLES: 6
CAPACITIES: 4
DATA_SECTION
DEPOTS
  0
  1
VISIT_LOCATION_SECTION
  2 282
  3 151
  4 304
  5 310
  6 195
  7 440
  8 144
  9 85
  10 420
  11 277
  12 245
  13 232
  14 13
  15 8
  16 290
  17 15
  18 398
  19 406
  20 311
  21 173
  22 41
  23 67
  24 138
  25 170
  26 169
  27 50
  28 115
  29 180
  30 345
  31 403
  32 409
  33 112
  34 147
  35 442
  36 340
  37 162
  38 280
  39 63
  40 167
  41 42
  42 153
  43 202
  44 225
  45 2
  46 215
  47 197
  48 43
  49 374
  50 25
  51 101
  52 364
  53 77
  54 149
  55 17
  56 335
  57 375
  58 286
  59 355
  60 299
  61 293
  62 425
  63 279
  64 29
  65 37
  66 339
  67 467
  68 194
  69 236
  70 19
  71 391
  72 207
  73 20
  74 65
COMMENT: TIMESTEP: 1
ORDERS_SECTION
  1 2 3 4 5
  2 6
  3 7
  4 8 9 10 11 12 13
  5 14
  6 15 16
  7 17 18 19 20
  8 21 22 23 24 25
  9 26 27 28 29 30
  10 31 32 33 34 35
  11 36 37 38 39 40 41
  12 42 43 44
  13 45 46
  14 47 48
  15 49 50 51 52 53
  16 54 55 56 57 58
  17 59 60 61 62
  18 63 64 65 66
  19 67 68
  20 69 70 71
  21 72
  22 73
  23 74
TIME_AVAIL_SECTION
  1 1
  2 1
  3 1
  4 1
  5 1
  6 1
  7 1
  8 1
  9 1
  10 1
  11 1
  12 1
  13 1
  14 1
  15 1
  16 1
  17 1
  18 1
  19 1
  20 1
  21 1
  22 1
  23 1
EOF
