VRPTEST 1.0
COMMENT: descr: Modified tsplib for the OBP
COMMENT: Best known objective: 608.0
COMMENT: Computational time (s): 0.037
NAME: c61_1d49
NUM_DEPOTS: 2
NUM_CAPACITIES: 1
NUM_VISITS: 61
NUM_LOCATIONS: 111
NUM_VEHICLES: 6
CAPACITIES: 4
DATA_SECTION
DEPOTS
  0
  1
LOCATION_COORD_SECTION
  0 35 70
  1 50 70
  2 64 62
  3 65 63
  4 62 64
  5 58 67
  6 65 61
  7 63 64
  8 63 60
  9 58 63
  10 59 46
  11 66 60
  12 64 55
  13 65 56
  14 58 70
  15 59 66
  16 67 57
  17 16 35
  18 9 35
  19 19 48
  20 13 44
  21 21 45
  22 4 36
  23 14 42
  24 14 39
  25 13 37
  26 15 32
  27 15 40
  28 20 55
  29 19 39
  30 23 35
  31 19 36
  32 21 43
  33 21 41
  34 58 45
  35 60 31
  36 59 44
  37 59 42
  38 61 34
  39 64 36
  40 64 37
  41 59 38
  42 58 38
  43 61 31
  44 59 30
  45 59 39
  46 63 38
  47 58 32
  48 13 20
  49 19 31
  50 22 31
  51 20 23
  52 23 32
  53 19 14
  54 9 28
  55 5 30
  56 25 24
  57 13 26
  58 20 26
  59 6 28
  60 13 21
  61 19 19
  62 20 24
  63 10 10
  64 10 30
  65 12 30
  66 12 10
  67 16 10
  68 16 30
  69 18 30
  70 18 10
  71 22 10
  72 22 30
  73 24 30
  74 24 10
  75 10 36
  76 10 56
  77 12 56
  78 12 36
  79 16 36
  80 16 56
  81 18 56
  82 18 36
  83 22 36
  84 22 56
  85 24 56
  86 24 36
  87 60 10
  88 60 30
  89 62 30
  90 62 10
  91 66 10
  92 66 30
  93 68 30
  94 68 10
  95 72 10
  96 72 30
  97 74 30
  98 74 10
  99 60 36
  100 60 56
  101 62 56
  102 62 36
  103 66 36
  104 66 56
  105 68 56
  106 68 36
  107 72 36
  108 72 56
  109 74 56
  110 74 36
VISIT_LOCATION_SECTION
  2 2
  3 3
  4 4
  5 5
  6 6
  7 7
  8 8
  9 9
  10 10
  11 11
  12 12
  13 13
  14 14
  15 15
  16 16
  17 17
  18 18
  19 19
  20 20
  21 21
  22 22
  23 23
  24 24
  25 25
  26 26
  27 27
  28 28
  29 29
  30 30
  31 31
  32 32
  33 33
  34 34
  35 35
  36 36
  37 37
  38 38
  39 39
  40 40
  41 41
  42 42
  43 43
  44 44
  45 45
  46 46
  47 47
  48 48
  49 49
  50 50
  51 51
  52 52
  53 53
  54 54
  55 55
  56 56
  57 57
  58 58
  59 59
  60 60
  61 61
  62 62
COMMENT: TIMESTEP: 1
ORDERS_SECTION
  1 2 3 4
  2 5 6 7 8
  3 9 10 11
  4 12 13 14
  5 15 16
  6 17 18 19 20
  7 21 22 23
  8 24 25 26
  9 27 28 29 30
  10 31 32 33
  11 34 35 36
  12 37 38
  13 39 40 41
  14 42 43
  15 44 45 46 47
  16 48 49 50 51
  17 52 53
  18 54 55 56 57
  19 58 59
  20 60 61 62
TIME_AVAIL_SECTION
  1 1
  2 1
  3 1
  4 1
  5 1
  6 1
  7 1
  8 1
  9 1
  10 1
  11 1
  12 1
  13 1
  14 1
  15 1
  16 1
  17 1
  18 1
  19 1
  20 1
OBSTACLES
  1 63 64 65 66
  2 67 68 69 70
  3 71 72 73 74
  4 75 76 77 78
  5 79 80 81 82
  6 83 84 85 86
  7 87 88 89 90
  8 91 92 93 94
  9 95 96 97 98
  10 99 100 101 102
  11 103 104 105 106
  12 107 108 109 110
EOF
