VRPTEST 1.0
COMMENT: descr: Modified tsplib for the OBP
COMMENT: Best known objective: 1227.561
COMMENT: Computational time (s): 0.259815
NAME: c126_5c5a
NUM_CAPACITIES: 1
NUM_VISITS: 126
NUM_VEHICLES: 5
CAPACITIES: 4
DATA_SECTION
DEPOTS
  0
  1
VISIT_LOCATION_SECTION
  2 172
  3 444
  4 332
  5 2
  6 400
  7 442
  8 168
  9 221
  10 280
  11 254
  12 49
  13 182
  14 162
  15 209
  16 171
  17 425
  18 169
  19 46
  20 229
  21 371
  22 139
  23 159
  24 37
  25 459
  26 298
  27 362
  28 448
  29 195
  30 70
  31 210
  32 236
  33 86
  34 285
  35 344
  36 353
  37 57
  38 311
  39 203
  40 232
  41 109
  42 360
  43 369
  44 430
  45 17
  46 55
  47 81
  48 173
  49 299
  50 71
  51 391
  52 184
  53 381
  54 24
  55 125
  56 103
  57 113
  58 38
  59 180
  60 98
  61 196
  62 199
  63 202
  64 15
  65 78
  66 108
  67 235
  68 310
  69 301
  70 244
  71 14
  72 43
  73 45
  74 454
  75 323
  76 62
  77 455
  78 429
  79 22
  80 382
  81 405
  82 222
  83 349
  84 290
  85 471
  86 407
  87 460
  88 181
  89 247
  90 25
  91 154
  92 193
  93 28
  94 200
  95 350
  96 161
  97 443
  98 208
  99 273
  100 249
  101 170
  102 223
  103 68
  104 372
  105 58
  106 364
  107 336
  108 457
  109 77
  110 386
  111 198
  112 320
  113 102
  114 378
  115 138
  116 308
  117 263
  118 352
  119 67
  120 220
  121 117
  122 126
  123 190
  124 64
  125 82
  126 365
  127 61
COMMENT: TIMESTEP: 1
ORDERS_SECTION
  1 2 3 4 5 6 7 8 9
  2 10 11 12 13 14 15 16 17
  3 18 19 20 21 22 23 24 25 26
  4 27
  5 28 29 30 31 32 33
  6 34 35
  7 36 37 38 39 40 41 42 43 44 45
  8 46 47 48 49 50 51 52 53 54 55 56 57 58
  9 59 60 61 62 63
  10 64 65 66 67 68 69
  11 70 71 72 73 74 75 76 77 78 79 80 81
  12 82 83 84 85 86 87 88 89 90 91
  13 92 93 94 95 96
  14 97 98 99 100 101 102
  15 103 104 105 106 107 108 109 110 111 112 113
  16 114
  17 115 116 117 118 119 120 121 122 123 124 125 126 127
TIME_AVAIL_SECTION
  1 1
  2 1
  3 1
  4 1
  5 1
  6 1
  7 1
  8 1
  9 1
  10 1
  11 1
  12 1
  13 1
  14 1
  15 1
  16 1
  17 1
EOF
