VRPTEST 1.0
COMMENT: descr: Modified tsplib for the OBP
COMMENT: Best known objective: 850.0
COMMENT: Computational time (s): 0.099
NAME: c139_0461
NUM_DEPOTS: 2
NUM_CAPACITIES: 1
NUM_VISITS: 139
NUM_LOCATIONS: 189
NUM_VEHICLES: 4
CAPACITIES: 8
DATA_SECTION
DEPOTS
  0
  1
LOCATION_COORD_SECTION
  0 35 70
  1 50 70
  2 76 41
  3 70 37
  4 70 47
  5 61 31
  6 75 41
  7 66 31
  8 59 32
  9 59 27
  10 76 27
  11 58 13
  12 64 49
  13 64 32
  14 70 44
  15 58 32
  16 58 38
  17 77 34
  18 68 33
  19 59 13
  20 69 38
  21 59 44
  22 64 37
  23 77 36
  24 58 56
  25 63 23
  26 65 44
  27 70 26
  28 65 32
  29 61 34
  30 69 41
  31 59 50
  32 59 10
  33 58 23
  34 59 42
  35 75 28
  36 70 39
  37 69 32
  38 75 29
  39 74 31
  40 67 32
  41 59 39
  42 70 31
  43 59 38
  44 65 30
  45 8 13
  46 21 17
  47 20 24
  48 13 26
  49 23 3
  50 9 17
  51 23 5
  52 21 20
  53 25 28
  54 9 28
  55 22 5
  56 7 13
  57 12 6
  58 13 21
  59 13 15
  60 13 16
  61 21 4
  62 19 9
  63 11 8
  64 19 6
  65 5 27
  66 16 9
  67 6 18
  68 19 14
  69 15 7
  70 6 23
  71 6 28
  72 13 20
  73 17 4
  74 6 20
  75 7 14
  76 13 24
  77 5 19
  78 20 26
  79 8 22
  80 25 11
  81 3 19
  82 14 4
  83 9 35
  84 24 33
  85 4 32
  86 8 40
  87 19 48
  88 23 35
  89 21 41
  90 7 31
  91 7 43
  92 19 39
  93 14 34
  94 12 32
  95 21 43
  96 20 46
  97 19 31
  98 15 43
  99 14 46
  100 14 42
  101 7 44
  102 13 37
  103 14 39
  104 4 36
  105 3 44
  106 23 32
  107 12 34
  108 21 45
  109 5 30
  110 22 64
  111 13 73
  112 15 69
  113 12 71
  114 17 77
  115 11 65
  116 13 64
  117 13 59
  118 20 77
  119 17 60
  120 17 68
  121 12 68
  122 15 62
  123 24 75
  124 11 69
  125 15 60
  126 25 76
  127 13 58
  128 19 73
  129 8 66
  130 20 65
  131 7 65
  132 19 59
  133 23 74
  134 25 56
  135 4 65
  136 22 60
  137 23 62
  138 23 65
  139 7 57
  140 13 63
  141 10 10
  142 10 30
  143 12 30
  144 12 10
  145 16 10
  146 16 30
  147 18 30
  148 18 10
  149 22 10
  150 22 30
  151 24 30
  152 24 10
  153 10 36
  154 10 56
  155 12 56
  156 12 36
  157 16 36
  158 16 56
  159 18 56
  160 18 36
  161 22 36
  162 22 56
  163 24 56
  164 24 36
  165 60 10
  166 60 30
  167 62 30
  168 62 10
  169 66 10
  170 66 30
  171 68 30
  172 68 10
  173 72 10
  174 72 30
  175 74 30
  176 74 10
  177 60 36
  178 60 56
  179 62 56
  180 62 36
  181 66 36
  182 66 56
  183 68 56
  184 68 36
  185 72 36
  186 72 56
  187 74 56
  188 74 36
VISIT_LOCATION_SECTION
  2 2
  3 3
  4 4
  5 5
  6 6
  7 7
  8 8
  9 9
  10 10
  11 11
  12 12
  13 13
  14 14
  15 15
  16 16
  17 17
  18 18
  19 19
  20 20
  21 21
  22 22
  23 23
  24 24
  25 25
  26 26
  27 27
  28 28
  29 29
  30 30
  31 31
  32 32
  33 33
  34 34
  35 35
  36 36
  37 37
  38 38
  39 39
  40 40
  41 41
  42 42
  43 43
  44 44
  45 45
  46 46
  47 47
  48 48
  49 49
  50 50
  51 51
  52 52
  53 53
  54 54
  55 55
  56 56
  57 57
  58 58
  59 59
  60 60
  61 61
  62 62
  63 63
  64 64
  65 65
  66 66
  67 67
  68 68
  69 69
  70 70
  71 71
  72 72
  73 73
  74 74
  75 75
  76 76
  77 77
  78 78
  79 79
  80 80
  81 81
  82 82
  83 83
  84 84
  85 85
  86 86
  87 87
  88 88
  89 89
  90 90
  91 91
  92 92
  93 93
  94 94
  95 95
  96 96
  97 97
  98 98
  99 99
  100 100
  101 101
  102 102
  103 103
  104 104
  105 105
  106 106
  107 107
  108 108
  109 109
  110 110
  111 111
  112 112
  113 113
  114 114
  115 115
  116 116
  117 117
  118 118
  119 119
  120 120
  121 121
  122 122
  123 123
  124 124
  125 125
  126 126
  127 127
  128 128
  129 129
  130 130
  131 131
  132 132
  133 133
  134 134
  135 135
  136 136
  137 137
  138 138
  139 139
  140 140
COMMENT: TIMESTEP: 1
ORDERS_SECTION
  1 2 3 4 5 6 7
  2 8 9 10 11 12 13
  3 14 15 16
  4 17 18 19 20 21 22 23 24
  5 25 26 27 28 29 30
  6 31 32 33 34 35 36 37 38
  7 39 40
  8 41 42 43 44
  9 45 46 47 48 49 50 51
  10 52 53 54 55 56 57
  11 58 59 60 61 62 63 64
  12 65 66 67 68 69 70 71
  13 72 73
  14 74 75 76 77
  15 78 79 80
  16 81 82
  17 83 84 85 86 87
  18 88 89 90 91 92 93 94
  19 95 96
  20 97 98
  21 99 100
  22 101 102
  23 103 104 105 106 107 108 109
  24 110 111
  25 112 113 114 115
  26 116 117 118 119
  27 120 121 122 123 124 125
  28 126 127 128 129 130 131 132 133
  29 134 135 136 137 138
  30 139 140
TIME_AVAIL_SECTION
  1 1
  2 1
  3 1
  4 1
  5 1
  6 1
  7 1
  8 1
  9 1
  10 1
  11 1
  12 1
  13 1
  14 1
  15 1
  16 1
  17 1
  18 1
  19 1
  20 1
  21 1
  22 1
  23 1
  24 1
  25 1
  26 1
  27 1
  28 1
  29 1
  30 1
OBSTACLES
  1 141 142 143 144
  2 145 146 147 148
  3 149 150 151 152
  4 153 154 155 156
  5 157 158 159 160
  6 161 162 163 164
  7 165 166 167 168
  8 169 170 171 172
  9 173 174 175 176
  10 177 178 179 180
  11 181 182 183 184
  12 185 186 187 188
EOF
