VRPTEST 1.0
COMMENT: descr: Modified tsplib for the OBP
COMMENT: Best known objective: 587.0
COMMENT: Computational time (s): 0.041
NAME: c48_0acd
NUM_DEPOTS: 2
NUM_CAPACITIES: 1
NUM_VISITS: 48
NUM_LOCATIONS: 138
NUM_VEHICLES: 4
CAPACITIES: 4
DATA_SECTION
DEPOTS
  0
  1
LOCATION_COORD_SECTION
  0 5 30
  1 5 15
  2 16 39
  3 28 43
  4 12 39
  5 24 39
  6 28 45
  7 28 39
  8 20 39
  9 16 43
  10 20 43
  11 24 43
  12 24 45
  13 20 57
  14 20 45
  15 16 49
  16 20 51
  17 16 57
  18 28 55
  19 24 57
  20 24 61
  21 28 51
  22 16 51
  23 24 55
  24 12 49
  25 28 57
  26 60 24
  27 66 28
  28 68 28
  29 64 39
  30 56 39
  31 56 24
  32 62 24
  33 52 39
  34 60 28
  35 60 39
  36 54 28
  37 60 43
  38 42 28
  39 20 28
  40 20 24
  41 30 24
  42 32 16
  43 24 20
  44 26 28
  45 26 24
  46 36 28
  47 32 28
  48 36 20
  49 30 16
  50 15 10
  51 15 30
  52 17 30
  53 17 10
  54 21 10
  55 21 30
  56 23 30
  57 23 10
  58 27 10
  59 27 30
  60 29 30
  61 29 10
  62 33 10
  63 33 30
  64 35 30
  65 35 10
  66 39 10
  67 39 30
  68 41 30
  69 41 10
  70 45 10
  71 45 30
  72 47 30
  73 47 10
  74 51 10
  75 51 30
  76 53 30
  77 53 10
  78 57 10
  79 57 30
  80 59 30
  81 59 10
  82 63 10
  83 63 30
  84 65 30
  85 65 10
  86 69 10
  87 69 30
  88 71 30
  89 71 10
  90 5 40
  91 5 42
  92 30 42
  93 30 40
  94 5 46
  95 5 48
  96 31 48
  97 31 46
  98 5 52
  99 5 54
  100 32 54
  101 32 52
  102 5 58
  103 5 60
  104 33 60
  105 33 58
  106 5 64
  107 5 66
  108 34 66
  109 34 64
  110 5 70
  111 5 72
  112 35 72
  113 35 70
  114 40 40
  115 40 42
  116 75 42
  117 75 40
  118 41 46
  119 41 48
  120 75 48
  121 75 46
  122 42 52
  123 42 54
  124 75 54
  125 75 52
  126 43 58
  127 43 60
  128 75 60
  129 75 58
  130 44 64
  131 44 66
  132 75 66
  133 75 64
  134 45 70
  135 45 72
  136 75 72
  137 75 70
VISIT_LOCATION_SECTION
  2 2
  3 3
  4 4
  5 5
  6 6
  7 7
  8 8
  9 9
  10 10
  11 11
  12 12
  13 13
  14 14
  15 15
  16 16
  17 17
  18 18
  19 19
  20 20
  21 21
  22 22
  23 23
  24 24
  25 25
  26 26
  27 27
  28 28
  29 29
  30 30
  31 31
  32 32
  33 33
  34 34
  35 35
  36 36
  37 37
  38 38
  39 39
  40 40
  41 41
  42 42
  43 43
  44 44
  45 45
  46 46
  47 47
  48 48
  49 49
COMMENT: TIMESTEP: 1
ORDERS_SECTION
  1 2 3
  2 4 5 6 7 8 9
  3 10 11 12
  4 13 14 15 16 17
  5 18 19 20
  6 21 22 23 24 25
  7 26 27 28 29 30
  8 31 32
  9 33 34 35 36 37
  10 38 39
  11 40 41 42 43 44
  12 45 46 47 48 49
TIME_AVAIL_SECTION
  1 1
  2 1
  3 1
  4 1
  5 1
  6 1
  7 1
  8 1
  9 1
  10 1
  11 1
  12 1
OBSTACLES
  1 50 51 52 53
  2 54 55 56 57
  3 58 59 60 61
  4 62 63 64 65
  5 66 67 68 69
  6 70 71 72 73
  7 74 75 76 77
  8 78 79 80 81
  9 82 83 84 85
  10 86 87 88 89
  11 90 91 92 93
  12 94 95 96 97
  13 98 99 100 101
  14 102 103 104 105
  15 106 107 108 109
  16 110 111 112 113
  17 114 115 116 117
  18 118 119 120 121
  19 122 123 124 125
  20 126 127 128 129
  21 130 131 132 133
  22 134 135 136 137
EOF
