VRPTEST 1.0
COMMENT: descr: Modified tsplib for the OBP
COMMENT: Best known objective: 1583.851
COMMENT: Computational time (s): 0.540094
NAME: c181_48d6
NUM_CAPACITIES: 1
NUM_VISITS: 181
NUM_VEHICLES: 7
CAPACITIES: 4
DATA_SECTION
DEPOTS
  0
  1
VISIT_LOCATION_SECTION
  2 395
  3 418
  4 384
  5 126
  6 287
  7 454
  8 44
  9 447
  10 381
  11 323
  12 52
  13 164
  14 104
  15 159
  16 234
  17 68
  18 315
  19 471
  20 16
  21 364
  22 307
  23 194
  24 144
  25 189
  26 224
  27 174
  28 90
  29 362
  30 64
  31 27
  32 191
  33 223
  34 38
  35 71
  36 11
  37 143
  38 8
  39 376
  40 132
  41 202
  42 255
  43 310
  44 311
  45 282
  46 213
  47 197
  48 266
  49 14
  50 342
  51 186
  52 331
  53 176
  54 153
  55 156
  56 99
  57 339
  58 260
  59 383
  60 50
  61 344
  62 180
  63 378
  64 286
  65 7
  66 108
  67 149
  68 147
  69 232
  70 112
  71 337
  72 261
  73 121
  74 387
  75 333
  76 190
  77 129
  78 295
  79 92
  80 347
  81 175
  82 62
  83 256
  84 103
  85 209
  86 119
  87 102
  88 118
  89 79
  90 46
  91 265
  92 441
  93 158
  94 237
  95 420
  96 203
  97 57
  98 211
  99 353
  100 359
  101 365
  102 157
  103 97
  104 250
  105 35
  106 2
  107 318
  108 277
  109 442
  110 394
  111 446
  112 54
  113 12
  114 326
  115 53
  116 179
  117 3
  118 139
  119 434
  120 130
  121 134
  122 289
  123 89
  124 221
  125 67
  126 416
  127 208
  128 219
  129 210
  130 249
  131 252
  132 4
  133 413
  134 309
  135 88
  136 292
  137 37
  138 298
  139 148
  140 83
  141 36
  142 206
  143 181
  144 369
  145 301
  146 257
  147 444
  148 205
  149 231
  150 168
  151 76
  152 137
  153 21
  154 468
  155 185
  156 30
  157 13
  158 43
  159 117
  160 448
  161 187
  162 462
  163 87
  164 183
  165 101
  166 155
  167 325
  168 428
  169 407
  170 290
  171 77
  172 417
  173 390
  174 375
  175 245
  176 467
  177 6
  178 399
  179 403
  180 109
  181 433
  182 276
COMMENT: TIMESTEP: 1
ORDERS_SECTION
  1 2 3 4
  2 5 6 7 8 9 10 11 12
  3 13 14 15 16 17 18 19 20 21 22
  4 23 24 25 26 27 28 29
  5 30 31 32 33 34 35
  6 36 37 38 39 40 41 42
  7 43 44 45 46
  8 47 48 49
  9 50 51 52 53 54 55 56 57 58 59 60 61 62
  10 63 64 65 66 67 68 69 70 71 72 73 74
  11 75 76 77 78 79 80 81 82 83 84 85
  12 86 87 88 89 90
  13 91 92 93 94 95 96 97 98 99 100
  14 101
  15 102 103
  16 104 105 106 107 108 109 110 111 112 113 114
  17 115
  18 116 117 118 119 120
  19 121 122 123 124
  20 125 126 127 128 129 130
  21 131 132 133 134 135 136 137 138 139 140 141 142 143
  22 144 145 146 147 148 149 150 151 152 153 154 155 156
  23 157 158 159 160 161 162 163
  24 164 165 166 167 168 169 170 171
  25 172 173 174 175 176 177 178 179 180 181 182
TIME_AVAIL_SECTION
  1 1
  2 1
  3 1
  4 1
  5 1
  6 1
  7 1
  8 1
  9 1
  10 1
  11 1
  12 1
  13 1
  14 1
  15 1
  16 1
  17 1
  18 1
  19 1
  20 1
  21 1
  22 1
  23 1
  24 1
  25 1
EOF
