VRPTEST 1.0
COMMENT: descr: Modified tsplib for the OBP
COMMENT: Best known objective: 1440.582
COMMENT: Computational time (s): 0.25210099999999996
NAME: c85_a9d3
NUM_CAPACITIES: 1
NUM_VISITS: 85
NUM_VEHICLES: 7
CAPACITIES: 6
DATA_SECTION
DEPOTS
  0
  1
VISIT_LOCATION_SECTION
  2 70
  3 151
  4 102
  5 229
  6 207
  7 197
  8 52
  9 65
  10 81
  11 187
  12 204
  13 220
  14 24
  15 123
  16 131
  17 149
  18 170
  19 147
  20 167
  21 125
  22 111
  23 99
  24 96
  25 108
  26 219
  27 192
  28 48
  29 100
  30 215
  31 206
  32 17
  33 54
  34 127
  35 62
  36 95
  37 109
  38 88
  39 169
  40 16
  41 51
  42 56
  43 101
  44 90
  45 110
  46 105
  47 178
  48 141
  49 198
  50 186
  51 75
  52 98
  53 104
  54 139
  55 4
  56 71
  57 106
  58 129
  59 152
  60 182
  61 148
  62 120
  63 30
  64 47
  65 34
  66 91
  67 128
  68 130
  69 97
  70 159
  71 211
  72 122
  73 74
  74 57
  75 18
  76 89
  77 87
  78 164
  79 43
  80 2
  81 40
  82 15
  83 107
  84 155
  85 142
  86 146
COMMENT: TIMESTEP: 1
ORDERS_SECTION
  1 2
  2 3 4
  3 5 6 7
  4 8 9
  5 10
  6 11 12 13
  7 14 15
  8 16
  9 17 18 19 20
  10 21
  11 22 23 24 25
  12 26 27
  13 28
  14 29
  15 30 31
  16 32 33 34 35
  17 36 37 38
  18 39
  19 40 41 42
  20 43 44 45 46
  21 47 48 49 50
  22 51
  23 52 53
  24 54
  25 55 56
  26 57 58
  27 59 60 61 62
  28 63 64 65
  29 66 67 68 69
  30 70 71 72
  31 73 74 75
  32 76 77
  33 78
  34 79 80 81 82
  35 83
  36 84 85 86
TIME_AVAIL_SECTION
  1 1
  2 1
  3 1
  4 1
  5 1
  6 1
  7 1
  8 1
  9 1
  10 1
  11 1
  12 1
  13 1
  14 1
  15 1
  16 1
  17 1
  18 1
  19 1
  20 1
  21 1
  22 1
  23 1
  24 1
  25 1
  26 1
  27 1
  28 1
  29 1
  30 1
  31 1
  32 1
  33 1
  34 1
  35 1
  36 1
EOF
