VRPTEST 1.0
COMMENT: descr: Modified tsplib for the OBP
COMMENT: Best known objective: 731.201
COMMENT: Computational time (s): 0.116329
NAME: c73_95b6
NUM_CAPACITIES: 1
NUM_VISITS: 73
NUM_VEHICLES: 5
CAPACITIES: 7
DATA_SECTION
DEPOTS
  0
  1
VISIT_LOCATION_SECTION
  2 77
  3 46
  4 157
  5 138
  6 86
  7 168
  8 82
  9 49
  10 189
  11 197
  12 206
  13 5
  14 73
  15 101
  16 119
  17 180
  18 56
  19 20
  20 78
  21 35
  22 28
  23 60
  24 148
  25 45
  26 205
  27 26
  28 12
  29 173
  30 201
  31 136
  32 3
  33 159
  34 98
  35 172
  36 151
  37 152
  38 40
  39 125
  40 18
  41 59
  42 83
  43 113
  44 182
  45 36
  46 127
  47 143
  48 110
  49 9
  50 75
  51 188
  52 147
  53 39
  54 132
  55 175
  56 53
  57 153
  58 51
  59 174
  60 65
  61 47
  62 22
  63 74
  64 104
  65 33
  66 31
  67 92
  68 97
  69 24
  70 108
  71 126
  72 198
  73 202
  74 116
COMMENT: TIMESTEP: 1
ORDERS_SECTION
  1 2 3
  2 4 5 6
  3 7
  4 8
  5 9 10 11
  6 12 13
  7 14
  8 15 16 17 18
  9 19 20
  10 21
  11 22 23 24
  12 25 26 27 28
  13 29 30 31
  14 32 33 34
  15 35
  16 36 37
  17 38 39 40
  18 41 42 43
  19 44 45 46
  20 47 48 49 50
  21 51 52 53 54
  22 55 56 57
  23 58
  24 59
  25 60 61 62 63
  26 64 65 66
  27 67 68 69 70
  28 71 72 73 74
TIME_AVAIL_SECTION
  1 1
  2 1
  3 1
  4 1
  5 1
  6 1
  7 1
  8 1
  9 1
  10 1
  11 1
  12 1
  13 1
  14 1
  15 1
  16 1
  17 1
  18 1
  19 1
  20 1
  21 1
  22 1
  23 1
  24 1
  25 1
  26 1
  27 1
  28 1
EOF
