VRPTEST 1.0
COMMENT: descr: Modified tsplib for the OBP
COMMENT: Best known objective: 1319.0
COMMENT: Computational time (s): 0.42841900000000005
NAME: c66_8bdd
NUM_CAPACITIES: 1
NUM_VISITS: 66
NUM_VEHICLES: 12
CAPACITIES: 3
DATA_SECTION
DEPOTS
  0
  1
VISIT_LOCATION_SECTION
  2 147
  3 66
  4 211
  5 98
  6 164
  7 17
  8 194
  9 203
  10 53
  11 155
  12 195
  13 89
  14 20
  15 154
  16 80
  17 71
  18 44
  19 162
  20 202
  21 205
  22 70
  23 55
  24 219
  25 108
  26 14
  27 24
  28 218
  29 87
  30 63
  31 42
  32 206
  33 221
  34 56
  35 13
  36 104
  37 99
  38 32
  39 49
  40 111
  41 85
  42 33
  43 43
  44 220
  45 217
  46 12
  47 11
  48 110
  49 94
  50 68
  51 75
  52 105
  53 92
  54 74
  55 144
  56 192
  57 183
  58 163
  59 6
  60 102
  61 90
  62 152
  63 58
  64 93
  65 97
  66 7
  67 41
COMMENT: TIMESTEP: 1
ORDERS_SECTION
  1 2 3
  2 4 5
  3 6 7
  4 8 9
  5 10 11
  6 12 13
  7 14 15
  8 16 17
  9 18 19
  10 20 21
  11 22 23
  12 24 25
  13 26 27
  14 28 29
  15 30 31
  16 32 33
  17 34 35
  18 36 37
  19 38 39
  20 40 41
  21 42 43
  22 44 45
  23 46 47
  24 48 49
  25 50 51
  26 52 53
  27 54 55
  28 56 57
  29 58 59
  30 60 61
  31 62 63
  32 64 65
  33 66 67
TIME_AVAIL_SECTION
  1 1
  2 1
  3 1
  4 1
  5 1
  6 1
  7 1
  8 1
  9 1
  10 1
  11 1
  12 1
  13 1
  14 1
  15 1
  16 1
  17 1
  18 1
  19 1
  20 1
  21 1
  22 1
  23 1
  24 1
  25 1
  26 1
  27 1
  28 1
  29 1
  30 1
  31 1
  32 1
  33 1
EOF
