VRPTEST 1.0
COMMENT: descr: Modified tsplib for the OBP
COMMENT: Best known objective: 1162.0
COMMENT: Computational time (s): 0.094
NAME: c123_0f82
NUM_DEPOTS: 2
NUM_CAPACITIES: 1
NUM_VISITS: 123
NUM_LOCATIONS: 173
NUM_VEHICLES: 8
CAPACITIES: 4
DATA_SECTION
DEPOTS
  0
  1
LOCATION_COORD_SECTION
  0 35 70
  1 50 70
  2 59 46
  3 59 13
  4 63 38
  5 64 32
  6 74 33
  7 75 28
  8 77 36
  9 74 31
  10 61 31
  11 58 16
  12 59 32
  13 59 42
  14 70 37
  15 59 39
  16 58 38
  17 75 43
  18 58 23
  19 70 39
  20 63 15
  21 76 41
  22 70 26
  23 69 41
  24 58 45
  25 59 27
  26 70 44
  27 59 30
  28 75 29
  29 60 31
  30 70 31
  31 65 44
  32 64 36
  33 77 29
  34 68 33
  35 71 32
  36 66 31
  37 15 52
  38 11 65
  39 19 73
  40 17 60
  41 6 54
  42 14 66
  43 19 57
  44 18 61
  45 14 50
  46 19 75
  47 7 45
  48 20 65
  49 20 46
  50 6 44
  51 13 64
  52 24 75
  53 15 62
  54 15 60
  55 20 77
  56 22 71
  57 19 59
  58 19 48
  59 24 67
  60 3 61
  61 13 51
  62 3 53
  63 23 62
  64 18 75
  65 6 62
  66 12 68
  67 17 61
  68 22 60
  69 16 35
  70 16 33
  71 13 24
  72 16 34
  73 6 39
  74 19 39
  75 13 20
  76 25 24
  77 13 29
  78 20 36
  79 4 41
  80 21 41
  81 14 34
  82 5 19
  83 3 24
  84 5 31
  85 20 7
  86 22 31
  87 20 21
  88 20 34
  89 9 28
  90 3 34
  91 6 28
  92 23 3
  93 18 8
  94 13 16
  95 15 32
  96 20 26
  97 70 53
  98 67 57
  99 70 56
  100 75 50
  101 64 55
  102 69 52
  103 63 54
  104 66 60
  105 58 67
  106 71 53
  107 58 56
  108 64 62
  109 64 49
  110 65 49
  111 63 51
  112 65 56
  113 59 66
  114 64 56
  115 70 47
  116 58 63
  117 59 50
  118 63 60
  119 58 59
  120 62 64
  121 59 62
  122 65 61
  123 69 55
  124 65 50
  125 10 10
  126 10 30
  127 12 30
  128 12 10
  129 16 10
  130 16 30
  131 18 30
  132 18 10
  133 22 10
  134 22 30
  135 24 30
  136 24 10
  137 10 36
  138 10 56
  139 12 56
  140 12 36
  141 16 36
  142 16 56
  143 18 56
  144 18 36
  145 22 36
  146 22 56
  147 24 56
  148 24 36
  149 60 10
  150 60 30
  151 62 30
  152 62 10
  153 66 10
  154 66 30
  155 68 30
  156 68 10
  157 72 10
  158 72 30
  159 74 30
  160 74 10
  161 60 36
  162 60 56
  163 62 56
  164 62 36
  165 66 36
  166 66 56
  167 68 56
  168 68 36
  169 72 36
  170 72 56
  171 74 56
  172 74 36
VISIT_LOCATION_SECTION
  2 2
  3 3
  4 4
  5 5
  6 6
  7 7
  8 8
  9 9
  10 10
  11 11
  12 12
  13 13
  14 14
  15 15
  16 16
  17 17
  18 18
  19 19
  20 20
  21 21
  22 22
  23 23
  24 24
  25 25
  26 26
  27 27
  28 28
  29 29
  30 30
  31 31
  32 32
  33 33
  34 34
  35 35
  36 36
  37 37
  38 38
  39 39
  40 40
  41 41
  42 42
  43 43
  44 44
  45 45
  46 46
  47 47
  48 48
  49 49
  50 50
  51 51
  52 52
  53 53
  54 54
  55 55
  56 56
  57 57
  58 58
  59 59
  60 60
  61 61
  62 62
  63 63
  64 64
  65 65
  66 66
  67 67
  68 68
  69 69
  70 70
  71 71
  72 72
  73 73
  74 74
  75 75
  76 76
  77 77
  78 78
  79 79
  80 80
  81 81
  82 82
  83 83
  84 84
  85 85
  86 86
  87 87
  88 88
  89 89
  90 90
  91 91
  92 92
  93 93
  94 94
  95 95
  96 96
  97 97
  98 98
  99 99
  100 100
  101 101
  102 102
  103 103
  104 104
  105 105
  106 106
  107 107
  108 108
  109 109
  110 110
  111 111
  112 112
  113 113
  114 114
  115 115
  116 116
  117 117
  118 118
  119 119
  120 120
  121 121
  122 122
  123 123
  124 124
COMMENT: TIMESTEP: 1
ORDERS_SECTION
  1 2 3
  2 4 5 6 7 8
  3 9 10 11 12
  4 13 14 15 16 17
  5 18 19 20
  6 21 22 23 24
  7 25 26 27 28 29 30
  8 31 32 33 34 35 36
  9 37 38 39 40
  10 41 42 43 44 45
  11 46 47 48 49 50 51
  12 52 53 54 55 56
  13 57 58
  14 59 60 61 62
  15 63 64 65 66
  16 67 68
  17 69 70 71 72 73 74
  18 75 76
  19 77 78 79 80 81
  20 82 83 84
  21 85 86 87 88
  22 89 90
  23 91 92 93 94 95 96
  24 97 98 99 100 101 102
  25 103 104 105 106
  26 107 108 109
  27 110 111
  28 112 113 114 115 116
  29 117 118 119
  30 120 121 122 123 124
TIME_AVAIL_SECTION
  1 1
  2 1
  3 1
  4 1
  5 1
  6 1
  7 1
  8 1
  9 1
  10 1
  11 1
  12 1
  13 1
  14 1
  15 1
  16 1
  17 1
  18 1
  19 1
  20 1
  21 1
  22 1
  23 1
  24 1
  25 1
  26 1
  27 1
  28 1
  29 1
  30 1
OBSTACLES
  1 125 126 127 128
  2 129 130 131 132
  3 133 134 135 136
  4 137 138 139 140
  5 141 142 143 144
  6 145 146 147 148
  7 149 150 151 152
  8 153 154 155 156
  9 157 158 159 160
  10 161 162 163 164
  11 165 166 167 168
  12 169 170 171 172
EOF
