VRPTEST 1.0
COMMENT: descr: Modified tsplib for the OBP
COMMENT: Best known objective: 590.0
COMMENT: Computational time (s): 0.03
NAME: c58_0ec2
NUM_DEPOTS: 2
NUM_CAPACITIES: 1
NUM_VISITS: 58
NUM_LOCATIONS: 108
NUM_VEHICLES: 6
CAPACITIES: 4
DATA_SECTION
DEPOTS
  0
  1
LOCATION_COORD_SECTION
  0 35 70
  1 50 70
  2 14 39
  3 15 43
  4 15 52
  5 14 50
  6 20 49
  7 15 40
  8 19 51
  9 7 53
  10 3 50
  11 20 40
  12 25 53
  13 5 49
  14 21 41
  15 19 48
  16 63 54
  17 65 56
  18 59 62
  19 58 59
  20 63 51
  21 58 45
  22 58 63
  23 65 49
  24 64 55
  25 59 42
  26 64 49
  27 59 44
  28 22 31
  29 15 32
  30 15 25
  31 12 34
  32 16 35
  33 11 34
  34 20 24
  35 20 21
  36 20 23
  37 14 34
  38 13 29
  39 23 32
  40 17 33
  41 19 31
  42 23 35
  43 12 32
  44 18 70
  45 13 63
  46 14 67
  47 22 60
  48 17 60
  49 21 66
  50 16 64
  51 12 59
  52 16 62
  53 14 56
  54 13 58
  55 15 62
  56 20 60
  57 22 64
  58 19 73
  59 14 66
  60 10 10
  61 10 30
  62 12 30
  63 12 10
  64 16 10
  65 16 30
  66 18 30
  67 18 10
  68 22 10
  69 22 30
  70 24 30
  71 24 10
  72 10 36
  73 10 56
  74 12 56
  75 12 36
  76 16 36
  77 16 56
  78 18 56
  79 18 36
  80 22 36
  81 22 56
  82 24 56
  83 24 36
  84 60 10
  85 60 30
  86 62 30
  87 62 10
  88 66 10
  89 66 30
  90 68 30
  91 68 10
  92 72 10
  93 72 30
  94 74 30
  95 74 10
  96 60 36
  97 60 56
  98 62 56
  99 62 36
  100 66 36
  101 66 56
  102 68 56
  103 68 36
  104 72 36
  105 72 56
  106 74 56
  107 74 36
VISIT_LOCATION_SECTION
  2 2
  3 3
  4 4
  5 5
  6 6
  7 7
  8 8
  9 9
  10 10
  11 11
  12 12
  13 13
  14 14
  15 15
  16 16
  17 17
  18 18
  19 19
  20 20
  21 21
  22 22
  23 23
  24 24
  25 25
  26 26
  27 27
  28 28
  29 29
  30 30
  31 31
  32 32
  33 33
  34 34
  35 35
  36 36
  37 37
  38 38
  39 39
  40 40
  41 41
  42 42
  43 43
  44 44
  45 45
  46 46
  47 47
  48 48
  49 49
  50 50
  51 51
  52 52
  53 53
  54 54
  55 55
  56 56
  57 57
  58 58
  59 59
COMMENT: TIMESTEP: 1
ORDERS_SECTION
  1 2 3 4
  2 5 6
  3 7 8
  4 9 10 11 12
  5 13 14 15
  6 16 17
  7 18 19 20 21
  8 22 23
  9 24 25
  10 26 27
  11 28 29 30
  12 31 32 33 34
  13 35 36 37
  14 38 39 40
  15 41 42 43
  16 44 45 46 47
  17 48 49
  18 50 51 52 53
  19 54 55 56
  20 57 58 59
TIME_AVAIL_SECTION
  1 1
  2 1
  3 1
  4 1
  5 1
  6 1
  7 1
  8 1
  9 1
  10 1
  11 1
  12 1
  13 1
  14 1
  15 1
  16 1
  17 1
  18 1
  19 1
  20 1
OBSTACLES
  1 60 61 62 63
  2 64 65 66 67
  3 68 69 70 71
  4 72 73 74 75
  5 76 77 78 79
  6 80 81 82 83
  7 84 85 86 87
  8 88 89 90 91
  9 92 93 94 95
  10 96 97 98 99
  11 100 101 102 103
  12 104 105 106 107
EOF
