VRPTEST 1.0
COMMENT: descr: Modified tsplib for the OBP
COMMENT: Best known objective: 1045.0
COMMENT: Computational time (s): 0.152
NAME: c221_22c0
NUM_DEPOTS: 2
NUM_CAPACITIES: 1
NUM_VISITS: 221
NUM_LOCATIONS: 223
NUM_VEHICLES: 7
CAPACITIES: 5
DATA_SECTION
DEPOTS
  0
  1
LOCATION_COORD_SECTION
  0 5 30
  1 5 50
  2 28 61
  3 21 38
  4 16 41
  5 17 64
  6 24 68
  7 22 54
  8 24 60
  9 8 41
  10 20 59
  11 24 50
  12 19 60
  13 22 50
  14 16 48
  15 21 50
  16 18 42
  17 13 41
  18 17 42
  19 31 44
  20 9 52
  21 8 43
  22 23 47
  23 9 49
  24 21 53
  25 16 58
  26 25 56
  27 15 61
  28 10 42
  29 19 39
  30 28 44
  31 26 46
  32 19 59
  33 28 45
  34 22 67
  35 13 54
  36 23 45
  37 11 57
  38 28 56
  39 23 68
  40 24 66
  41 10 52
  42 12 48
  43 21 54
  44 23 56
  45 26 47
  46 21 49
  47 23 69
  48 22 48
  49 32 47
  50 24 53
  51 16 52
  52 6 53
  53 8 50
  54 22 39
  55 19 37
  56 28 67
  57 19 40
  58 21 41
  59 15 60
  60 23 43
  61 22 45
  62 25 64
  63 12 43
  64 27 42
  65 43 50
  66 29 61
  67 38 49
  68 40 57
  69 38 41
  70 31 56
  71 44 57
  72 41 38
  73 33 71
  74 46 51
  75 30 57
  76 34 61
  77 39 65
  78 32 71
  79 42 50
  80 39 66
  81 41 70
  82 34 56
  83 36 74
  84 42 56
  85 36 38
  86 38 65
  87 33 53
  88 37 73
  89 38 48
  90 42 49
  91 37 47
  92 39 71
  93 33 44
  94 33 56
  95 31 67
  96 45 58
  97 36 51
  98 38 42
  99 36 75
  100 32 69
  101 35 66
  102 40 59
  103 32 72
  104 30 67
  105 41 50
  106 29 56
  107 39 45
  108 36 53
  109 42 55
  110 34 70
  111 46 64
  112 33 42
  113 39 61
  114 36 36
  115 34 74
  116 33 57
  117 35 72
  118 37 61
  119 30 69
  120 36 69
  121 45 56
  122 34 52
  123 38 44
  124 39 51
  125 46 56
  126 38 63
  127 37 54
  128 29 67
  129 34 46
  130 39 52
  131 49 36
  132 66 53
  133 44 43
  134 48 39
  135 59 37
  136 44 46
  137 61 46
  138 62 49
  139 58 45
  140 50 44
  141 73 52
  142 62 47
  143 55 48
  144 51 59
  145 64 37
  146 58 44
  147 52 67
  148 45 43
  149 72 54
  150 63 61
  151 53 60
  152 47 47
  153 54 62
  154 55 55
  155 61 40
  156 66 58
  157 60 65
  158 60 61
  159 67 48
  160 63 42
  161 66 34
  162 60 40
  163 53 43
  164 48 33
  165 61 64
  166 64 51
  167 52 59
  168 69 44
  169 71 43
  170 49 44
  171 58 53
  172 66 47
  173 13 25
  174 14 23
  175 37 30
  176 15 28
  177 45 25
  178 30 25
  179 35 21
  180 21 21
  181 35 24
  182 10 26
  183 28 16
  184 42 31
  185 18 19
  186 30 28
  187 35 16
  188 19 21
  189 10 28
  190 29 23
  191 20 20
  192 44 31
  193 18 32
  194 31 32
  195 30 24
  196 13 36
  197 45 33
  198 36 14
  199 48 25
  200 33 12
  201 20 28
  202 35 33
  203 10 22
  204 25 17
  205 25 32
  206 24 13
  207 34 35
  208 25 25
  209 9 27
  210 17 35
  211 26 5
  212 29 19
  213 8 30
  214 32 21
  215 27 26
  216 45 23
  217 28 10
  218 18 27
  219 26 8
  220 18 36
  221 15 22
  222 16 36
VISIT_LOCATION_SECTION
  2 2
  3 3
  4 4
  5 5
  6 6
  7 7
  8 8
  9 9
  10 10
  11 11
  12 12
  13 13
  14 14
  15 15
  16 16
  17 17
  18 18
  19 19
  20 20
  21 21
  22 22
  23 23
  24 24
  25 25
  26 26
  27 27
  28 28
  29 29
  30 30
  31 31
  32 32
  33 33
  34 34
  35 35
  36 36
  37 37
  38 38
  39 39
  40 40
  41 41
  42 42
  43 43
  44 44
  45 45
  46 46
  47 47
  48 48
  49 49
  50 50
  51 51
  52 52
  53 53
  54 54
  55 55
  56 56
  57 57
  58 58
  59 59
  60 60
  61 61
  62 62
  63 63
  64 64
  65 65
  66 66
  67 67
  68 68
  69 69
  70 70
  71 71
  72 72
  73 73
  74 74
  75 75
  76 76
  77 77
  78 78
  79 79
  80 80
  81 81
  82 82
  83 83
  84 84
  85 85
  86 86
  87 87
  88 88
  89 89
  90 90
  91 91
  92 92
  93 93
  94 94
  95 95
  96 96
  97 97
  98 98
  99 99
  100 100
  101 101
  102 102
  103 103
  104 104
  105 105
  106 106
  107 107
  108 108
  109 109
  110 110
  111 111
  112 112
  113 113
  114 114
  115 115
  116 116
  117 117
  118 118
  119 119
  120 120
  121 121
  122 122
  123 123
  124 124
  125 125
  126 126
  127 127
  128 128
  129 129
  130 130
  131 131
  132 132
  133 133
  134 134
  135 135
  136 136
  137 137
  138 138
  139 139
  140 140
  141 141
  142 142
  143 143
  144 144
  145 145
  146 146
  147 147
  148 148
  149 149
  150 150
  151 151
  152 152
  153 153
  154 154
  155 155
  156 156
  157 157
  158 158
  159 159
  160 160
  161 161
  162 162
  163 163
  164 164
  165 165
  166 166
  167 167
  168 168
  169 169
  170 170
  171 171
  172 172
  173 173
  174 174
  175 175
  176 176
  177 177
  178 178
  179 179
  180 180
  181 181
  182 182
  183 183
  184 184
  185 185
  186 186
  187 187
  188 188
  189 189
  190 190
  191 191
  192 192
  193 193
  194 194
  195 195
  196 196
  197 197
  198 198
  199 199
  200 200
  201 201
  202 202
  203 203
  204 204
  205 205
  206 206
  207 207
  208 208
  209 209
  210 210
  211 211
  212 212
  213 213
  214 214
  215 215
  216 216
  217 217
  218 218
  219 219
  220 220
  221 221
  222 222
COMMENT: TIMESTEP: 1
ORDERS_SECTION
  1 2 3 4
  2 5 6 7 8 9 10 11 12
  3 13 14 15 16 17 18 19 20
  4 21 22 23 24 25 26 27 28 29 30 31 32 33
  5 34 35 36 37 38 39 40 41
  6 42 43 44 45 46 47 48 49 50 51 52 53 54
  7 55 56
  8 57 58 59 60 61 62 63 64
  9 65 66 67 68 69 70 71 72 73 74
  10 75 76 77 78 79 80 81
  11 82 83 84 85 86 87
  12 88 89 90 91 92 93 94 95 96 97 98 99
  13 100 101 102 103 104 105 106 107 108 109 110
  14 111 112
  15 113 114 115 116 117 118 119 120 121 122 123 124
  16 125 126 127 128 129 130
  17 131 132 133 134 135 136 137 138 139 140
  18 141 142
  19 143 144 145 146 147 148 149 150
  20 151 152 153 154 155 156 157 158 159 160
  21 161 162
  22 163 164 165 166 167 168 169 170
  23 171 172
  24 173 174 175 176 177 178 179 180 181 182
  25 183 184 185 186 187 188 189 190 191 192
  26 193 194 195 196 197 198 199 200
  27 201 202 203 204 205
  28 206 207 208 209 210
  29 211 212 213 214 215 216 217 218 219
  30 220 221 222
TIME_AVAIL_SECTION
  1 1
  2 1
  3 1
  4 1
  5 1
  6 1
  7 1
  8 1
  9 1
  10 1
  11 1
  12 1
  13 1
  14 1
  15 1
  16 1
  17 1
  18 1
  19 1
  20 1
  21 1
  22 1
  23 1
  24 1
  25 1
  26 1
  27 1
  28 1
  29 1
  30 1
EOF
