VRPTEST 1.0
COMMENT: descr: Modified tsplib for the OBP
COMMENT: Best known objective: 1563.0
COMMENT: Computational time (s): 0.351625
NAME: c95_c45d
NUM_CAPACITIES: 1
NUM_VISITS: 95
NUM_VEHICLES: 10
CAPACITIES: 3
DATA_SECTION
DEPOTS
  0
  1
VISIT_LOCATION_SECTION
  2 12
  3 133
  4 219
  5 209
  6 213
  7 211
  8 27
  9 58
  10 37
  11 52
  12 147
  13 97
  14 205
  15 100
  16 106
  17 194
  18 4
  19 9
  20 75
  21 218
  22 79
  23 81
  24 28
  25 144
  26 107
  27 85
  28 103
  29 36
  30 22
  31 50
  32 193
  33 202
  34 110
  35 84
  36 214
  37 11
  38 15
  39 59
  40 156
  41 183
  42 71
  43 215
  44 86
  45 55
  46 16
  47 10
  48 91
  49 207
  50 203
  51 212
  52 35
  53 19
  54 69
  55 217
  56 206
  57 111
  58 7
  59 153
  60 51
  61 32
  62 5
  63 99
  64 93
  65 76
  66 56
  67 90
  68 102
  69 164
  70 8
  71 40
  72 182
  73 208
  74 98
  75 63
  76 41
  77 57
  78 105
  79 109
  80 192
  81 216
  82 89
  83 61
  84 26
  85 66
  86 14
  87 135
  88 204
  89 197
  90 101
  91 185
  92 95
  93 78
  94 34
  95 87
  96 221
COMMENT: TIMESTEP: 1
ORDERS_SECTION
  1 2 3
  2 4 5 6 7
  3 8 9 10 11 12
  4 13 14 15 16 17
  5 18 19 20
  6 21 22 23
  7 24 25
  8 26 27 28
  9 29 30 31
  10 32 33 34 35 36
  11 37 38 39 40
  12 41 42 43 44
  13 45 46 47
  14 48 49 50 51
  15 52 53 54
  16 55 56 57
  17 58 59 60 61 62
  18 63 64
  19 65 66
  20 67 68
  21 69 70 71
  22 72 73 74
  23 75 76 77
  24 78 79 80 81 82
  25 83 84 85 86 87
  26 88 89 90 91 92
  27 93 94
  28 95 96
TIME_AVAIL_SECTION
  1 1
  2 1
  3 1
  4 1
  5 1
  6 1
  7 1
  8 1
  9 1
  10 1
  11 1
  12 1
  13 1
  14 1
  15 1
  16 1
  17 1
  18 1
  19 1
  20 1
  21 1
  22 1
  23 1
  24 1
  25 1
  26 1
  27 1
  28 1
EOF
