DEPOTS
  0
  1
NUM_DEPOTS: 2
NUM_LOCATIONS: 300
TYPE: OBP
LOCATION_COORD_SECTION
  0 70 70
  1 70 50
  2 9 12
  3 13 12
  4 9 16
  5 13 16
  6 9 20
  7 13 20
  8 9 24
  9 13 24
  10 9 28
  11 13 28
  12 15 12
  13 19 12
  14 15 16
  15 19 16
  16 15 20
  17 19 20
  18 15 24
  19 19 24
  20 15 28
  21 19 28
  22 21 12
  23 25 12
  24 21 16
  25 25 16
  26 21 20
  27 25 20
  28 21 24
  29 25 24
  30 21 28
  31 25 28
  32 27 12
  33 31 12
  34 27 16
  35 31 16
  36 27 20
  37 31 20
  38 27 24
  39 31 24
  40 27 28
  41 31 28
  42 33 12
  43 37 12
  44 33 16
  45 37 16
  46 33 20
  47 37 20
  48 33 24
  49 37 24
  50 33 28
  51 37 28
  52 39 12
  53 43 12
  54 39 16
  55 43 16
  56 39 20
  57 43 20
  58 39 24
  59 43 24
  60 39 28
  61 43 28
  62 45 12
  63 49 12
  64 45 16
  65 49 16
  66 45 20
  67 49 20
  68 45 24
  69 49 24
  70 45 28
  71 49 28
  72 51 12
  73 55 12
  74 51 16
  75 55 16
  76 51 20
  77 55 20
  78 51 24
  79 55 24
  80 51 28
  81 55 28
  82 57 12
  83 61 12
  84 57 16
  85 61 16
  86 57 20
  87 61 20
  88 57 24
  89 61 24
  90 57 28
  91 61 28
  92 63 12
  93 67 12
  94 63 16
  95 67 16
  96 63 20
  97 67 20
  98 63 24
  99 67 24
  100 63 28
  101 67 28
  102 69 12
  103 73 12
  104 69 16
  105 73 16
  106 69 20
  107 73 20
  108 69 24
  109 73 24
  110 69 28
  111 73 28
  112 12 43
  113 12 39
  114 16 43
  115 16 39
  116 20 43
  117 20 39
  118 24 43
  119 24 39
  120 28 43
  121 28 39
  122 32 43
  123 32 39
  124 36 43
  125 36 39
  126 40 43
  127 40 39
  128 44 43
  129 44 39
  130 48 43
  131 48 39
  132 12 49
  133 12 45
  134 16 49
  135 16 45
  136 20 49
  137 20 45
  138 24 49
  139 24 45
  140 28 49
  141 28 45
  142 32 49
  143 32 45
  144 36 49
  145 36 45
  146 40 49
  147 40 45
  148 44 49
  149 44 45
  150 48 49
  151 48 45
  152 12 55
  153 12 51
  154 16 55
  155 16 51
  156 20 55
  157 20 51
  158 24 55
  159 24 51
  160 28 55
  161 28 51
  162 32 55
  163 32 51
  164 36 55
  165 36 51
  166 40 55
  167 40 51
  168 44 55
  169 44 51
  170 48 55
  171 48 51
  172 12 61
  173 12 57
  174 16 61
  175 16 57
  176 20 61
  177 20 57
  178 24 61
  179 24 57
  180 28 61
  181 28 57
  182 32 61
  183 32 57
  184 36 61
  185 36 57
  186 40 61
  187 40 57
  188 44 61
  189 44 57
  190 48 61
  191 48 57
  192 12 67
  193 12 63
  194 16 67
  195 16 63
  196 20 67
  197 20 63
  198 24 67
  199 24 63
  200 28 67
  201 28 63
  202 32 67
  203 32 63
  204 36 67
  205 36 63
  206 40 67
  207 40 63
  208 44 67
  209 44 63
  210 48 67
  211 48 63
  212 12 73
  213 12 69
  214 16 73
  215 16 69
  216 20 73
  217 20 69
  218 24 73
  219 24 69
  220 28 73
  221 28 69
  222 32 73
  223 32 69
  224 36 73
  225 36 69
  226 40 73
  227 40 69
  228 44 73
  229 44 69
  230 48 73
  231 48 69
  232 10 10
  233 10 30
  234 12 30
  235 12 10
  236 16 10
  237 16 30
  238 18 30
  239 18 10
  240 22 10
  241 22 30
  242 24 30
  243 24 10
  244 28 10
  245 28 30
  246 30 30
  247 30 10
  248 34 10
  249 34 30
  250 36 30
  251 36 10
  252 40 10
  253 40 30
  254 42 30
  255 42 10
  256 46 10
  257 46 30
  258 48 30
  259 48 10
  260 52 10
  261 52 30
  262 54 30
  263 54 10
  264 58 10
  265 58 30
  266 60 30
  267 60 10
  268 64 10
  269 64 30
  270 66 30
  271 66 10
  272 70 10
  273 70 30
  274 72 30
  275 72 10
  276 10 40
  277 10 42
  278 50 42
  279 50 40
  280 10 46
  281 10 48
  282 50 48
  283 50 46
  284 10 52
  285 10 54
  286 50 54
  287 50 52
  288 10 58
  289 10 60
  290 50 60
  291 50 58
  292 10 64
  293 10 66
  294 50 66
  295 50 64
  296 10 70
  297 10 72
  298 50 72
  299 50 70
