VRPTEST 1.0
COMMENT: descr: Modified tsplib for the OBP
COMMENT: Best known objective: 1571.203
COMMENT: Computational time (s): 0.465712
NAME: c130_2fc2
NUM_CAPACITIES: 1
NUM_VISITS: 130
NUM_VEHICLES: 9
CAPACITIES: 4
DATA_SECTION
DEPOTS
  0
  1
VISIT_LOCATION_SECTION
  2 418
  3 403
  4 89
  5 330
  6 442
  7 387
  8 420
  9 347
  10 201
  11 358
  12 170
  13 414
  14 160
  15 279
  16 148
  17 177
  18 157
  19 130
  20 90
  21 191
  22 352
  23 425
  24 343
  25 166
  26 319
  27 266
  28 106
  29 50
  30 413
  31 218
  32 391
  33 242
  34 49
  35 40
  36 408
  37 419
  38 79
  39 8
  40 134
  41 417
  42 341
  43 17
  44 151
  45 209
  46 308
  47 220
  48 77
  49 411
  50 277
  51 200
  52 458
  53 172
  54 44
  55 440
  56 342
  57 247
  58 400
  59 316
  60 422
  61 54
  62 362
  63 350
  64 301
  65 424
  66 67
  67 71
  68 396
  69 38
  70 84
  71 271
  72 285
  73 21
  74 203
  75 326
  76 215
  77 288
  78 86
  79 249
  80 299
  81 152
  82 51
  83 455
  84 61
  85 202
  86 371
  87 235
  88 250
  89 261
  90 311
  91 398
  92 43
  93 448
  94 317
  95 287
  96 305
  97 55
  98 63
  99 102
  100 132
  101 290
  102 128
  103 11
  104 434
  105 446
  106 92
  107 355
  108 129
  109 115
  110 294
  111 112
  112 385
  113 232
  114 324
  115 32
  116 6
  117 280
  118 98
  119 164
  120 386
  121 431
  122 320
  123 321
  124 468
  125 369
  126 52
  127 397
  128 322
  129 64
  130 416
  131 87
COMMENT: TIMESTEP: 1
ORDERS_SECTION
  1 2 3 4 5 6 7 8
  2 9 10 11 12
  3 13 14 15 16 17 18 19
  4 20
  5 21 22 23 24 25 26 27
  6 28 29 30
  7 31
  8 32 33 34 35 36 37
  9 38 39
  10 40 41 42 43 44
  11 45 46 47
  12 48 49
  13 50 51 52 53
  14 54
  15 55 56 57
  16 58 59 60 61 62 63 64
  17 65 66 67 68 69 70 71
  18 72
  19 73 74 75 76 77
  20 78 79 80 81 82 83 84
  21 85 86
  22 87 88 89 90 91
  23 92 93 94 95 96 97 98
  24 99 100 101 102 103 104
  25 105
  26 106 107 108
  27 109
  28 110 111 112 113 114 115 116
  29 117
  30 118 119 120 121 122
  31 123 124 125
  32 126 127 128 129 130 131
TIME_AVAIL_SECTION
  1 1
  2 1
  3 1
  4 1
  5 1
  6 1
  7 1
  8 1
  9 1
  10 1
  11 1
  12 1
  13 1
  14 1
  15 1
  16 1
  17 1
  18 1
  19 1
  20 1
  21 1
  22 1
  23 1
  24 1
  25 1
  26 1
  27 1
  28 1
  29 1
  30 1
  31 1
  32 1
EOF
