VRPTEST 1.0
COMMENT: descr: Modified tsplib for the OBP
COMMENT: Best known objective: 1981.0
COMMENT: Computational time (s): 0.113
NAME: c167_17af
NUM_DEPOTS: 2
NUM_CAPACITIES: 1
NUM_VISITS: 167
NUM_LOCATIONS: 257
NUM_VEHICLES: 8
CAPACITIES: 4
DATA_SECTION
DEPOTS
  0
  1
LOCATION_COORD_SECTION
  0 5 30
  1 5 15
  2 32 61
  3 16 57
  4 16 51
  5 8 61
  6 20 61
  7 28 63
  8 16 63
  9 16 45
  10 20 69
  11 12 45
  12 12 61
  13 24 55
  14 24 49
  15 12 57
  16 12 63
  17 8 57
  18 16 49
  19 28 49
  20 28 73
  21 20 67
  22 8 49
  23 24 57
  24 28 69
  25 32 57
  26 20 45
  27 12 55
  28 28 55
  29 32 69
  30 8 51
  31 20 49
  32 24 63
  33 20 55
  34 28 43
  35 24 73
  36 28 45
  37 24 45
  38 24 67
  39 12 49
  40 24 61
  41 24 51
  42 20 73
  43 16 61
  44 28 67
  45 20 43
  46 44 49
  47 52 69
  48 56 69
  49 64 45
  50 68 63
  51 60 51
  52 52 73
  53 64 57
  54 48 63
  55 68 61
  56 48 67
  57 64 43
  58 56 57
  59 44 61
  60 56 63
  61 48 55
  62 60 61
  63 68 69
  64 72 49
  65 48 61
  66 64 61
  67 60 63
  68 68 55
  69 44 51
  70 52 49
  71 64 51
  72 56 55
  73 60 45
  74 56 51
  75 56 73
  76 52 51
  77 44 57
  78 52 61
  79 72 51
  80 68 57
  81 64 73
  82 60 49
  83 68 51
  84 48 57
  85 48 43
  86 64 39
  87 72 28
  88 50 12
  89 66 20
  90 62 28
  91 48 39
  92 48 20
  93 56 20
  94 42 28
  95 56 39
  96 48 24
  97 68 28
  98 60 28
  99 54 12
  100 66 28
  101 72 24
  102 50 24
  103 44 16
  104 48 28
  105 44 43
  106 48 12
  107 60 39
  108 42 20
  109 60 12
  110 68 20
  111 44 39
  112 42 16
  113 62 24
  114 52 39
  115 42 24
  116 48 16
  117 56 12
  118 54 20
  119 66 24
  120 62 20
  121 54 16
  122 50 28
  123 50 20
  124 60 24
  125 56 24
  126 32 20
  127 14 24
  128 38 20
  129 32 28
  130 20 24
  131 24 39
  132 36 12
  133 30 16
  134 26 12
  135 18 20
  136 26 24
  137 24 16
  138 30 12
  139 24 20
  140 26 28
  141 24 24
  142 36 24
  143 30 20
  144 20 12
  145 18 24
  146 32 24
  147 16 39
  148 18 28
  149 14 28
  150 26 20
  151 20 16
  152 14 16
  153 20 20
  154 26 16
  155 20 39
  156 38 24
  157 24 12
  158 24 28
  159 32 16
  160 20 28
  161 18 12
  162 32 12
  163 36 20
  164 14 20
  165 18 16
  166 30 24
  167 14 12
  168 30 28
  169 15 10
  170 15 30
  171 17 30
  172 17 10
  173 21 10
  174 21 30
  175 23 30
  176 23 10
  177 27 10
  178 27 30
  179 29 30
  180 29 10
  181 33 10
  182 33 30
  183 35 30
  184 35 10
  185 39 10
  186 39 30
  187 41 30
  188 41 10
  189 45 10
  190 45 30
  191 47 30
  192 47 10
  193 51 10
  194 51 30
  195 53 30
  196 53 10
  197 57 10
  198 57 30
  199 59 30
  200 59 10
  201 63 10
  202 63 30
  203 65 30
  204 65 10
  205 69 10
  206 69 30
  207 71 30
  208 71 10
  209 5 40
  210 5 42
  211 30 42
  212 30 40
  213 5 46
  214 5 48
  215 31 48
  216 31 46
  217 5 52
  218 5 54
  219 32 54
  220 32 52
  221 5 58
  222 5 60
  223 33 60
  224 33 58
  225 5 64
  226 5 66
  227 34 66
  228 34 64
  229 5 70
  230 5 72
  231 35 72
  232 35 70
  233 40 40
  234 40 42
  235 75 42
  236 75 40
  237 41 46
  238 41 48
  239 75 48
  240 75 46
  241 42 52
  242 42 54
  243 75 54
  244 75 52
  245 43 58
  246 43 60
  247 75 60
  248 75 58
  249 44 64
  250 44 66
  251 75 66
  252 75 64
  253 45 70
  254 45 72
  255 75 72
  256 75 70
VISIT_LOCATION_SECTION
  2 2
  3 3
  4 4
  5 5
  6 6
  7 7
  8 8
  9 9
  10 10
  11 11
  12 12
  13 13
  14 14
  15 15
  16 16
  17 17
  18 18
  19 19
  20 20
  21 21
  22 22
  23 23
  24 24
  25 25
  26 26
  27 27
  28 28
  29 29
  30 30
  31 31
  32 32
  33 33
  34 34
  35 35
  36 36
  37 37
  38 38
  39 39
  40 40
  41 41
  42 42
  43 43
  44 44
  45 45
  46 46
  47 47
  48 48
  49 49
  50 50
  51 51
  52 52
  53 53
  54 54
  55 55
  56 56
  57 57
  58 58
  59 59
  60 60
  61 61
  62 62
  63 63
  64 64
  65 65
  66 66
  67 67
  68 68
  69 69
  70 70
  71 71
  72 72
  73 73
  74 74
  75 75
  76 76
  77 77
  78 78
  79 79
  80 80
  81 81
  82 82
  83 83
  84 84
  85 85
  86 86
  87 87
  88 88
  89 89
  90 90
  91 91
  92 92
  93 93
  94 94
  95 95
  96 96
  97 97
  98 98
  99 99
  100 100
  101 101
  102 102
  103 103
  104 104
  105 105
  106 106
  107 107
  108 108
  109 109
  110 110
  111 111
  112 112
  113 113
  114 114
  115 115
  116 116
  117 117
  118 118
  119 119
  120 120
  121 121
  122 122
  123 123
  124 124
  125 125
  126 126
  127 127
  128 128
  129 129
  130 130
  131 131
  132 132
  133 133
  134 134
  135 135
  136 136
  137 137
  138 138
  139 139
  140 140
  141 141
  142 142
  143 143
  144 144
  145 145
  146 146
  147 147
  148 148
  149 149
  150 150
  151 151
  152 152
  153 153
  154 154
  155 155
  156 156
  157 157
  158 158
  159 159
  160 160
  161 161
  162 162
  163 163
  164 164
  165 165
  166 166
  167 167
  168 168
COMMENT: TIMESTEP: 1
ORDERS_SECTION
  1 2 3 4 5 6 7 8 9
  2 10 11 12 13 14 15 16
  3 17 18 19 20 21
  4 22 23 24 25
  5 26 27 28 29 30
  6 31 32 33 34 35
  7 36 37 38 39 40 41 42 43
  8 44 45
  9 46 47 48 49 50 51 52
  10 53 54 55 56 57 58
  11 59 60
  12 61 62 63 64 65 66 67 68
  13 69 70 71
  14 72 73 74 75 76
  15 77 78 79 80
  16 81 82 83 84
  17 85 86 87 88 89 90 91 92
  18 93 94 95 96 97 98 99 100
  19 101 102 103 104
  20 105 106 107 108 109 110 111
  21 112 113 114 115 116
  22 117 118 119 120 121 122 123
  23 124 125
  24 126 127 128 129 130 131
  25 132 133 134
  26 135 136 137 138 139 140 141 142
  27 143 144 145 146 147 148 149 150
  28 151 152 153 154 155
  29 156 157 158 159 160 161
  30 162 163 164 165 166 167 168
TIME_AVAIL_SECTION
  1 1
  2 1
  3 1
  4 1
  5 1
  6 1
  7 1
  8 1
  9 1
  10 1
  11 1
  12 1
  13 1
  14 1
  15 1
  16 1
  17 1
  18 1
  19 1
  20 1
  21 1
  22 1
  23 1
  24 1
  25 1
  26 1
  27 1
  28 1
  29 1
  30 1
OBSTACLES
  1 169 170 171 172
  2 173 174 175 176
  3 177 178 179 180
  4 181 182 183 184
  5 185 186 187 188
  6 189 190 191 192
  7 193 194 195 196
  8 197 198 199 200
  9 201 202 203 204
  10 205 206 207 208
  11 209 210 211 212
  12 213 214 215 216
  13 217 218 219 220
  14 221 222 223 224
  15 225 226 227 228
  16 229 230 231 232
  17 233 234 235 236
  18 237 238 239 240
  19 241 242 243 244
  20 245 246 247 248
  21 249 250 251 252
  22 253 254 255 256
EOF
