VRPTEST 1.0
COMMENT: descr: Modified tsplib for the OBP
COMMENT: Best known objective: 1797.238
COMMENT: Computational time (s): 0.74332
NAME: c159_6ab8
NUM_CAPACITIES: 1
NUM_VISITS: 159
NUM_VEHICLES: 9
CAPACITIES: 4
DATA_SECTION
DEPOTS
  0
  1
VISIT_LOCATION_SECTION
  2 211
  3 221
  4 384
  5 174
  6 293
  7 62
  8 448
  9 52
  10 187
  11 254
  12 160
  13 383
  14 341
  15 144
  16 32
  17 444
  18 433
  19 311
  20 55
  21 223
  22 455
  23 319
  24 396
  25 290
  26 77
  27 460
  28 9
  29 434
  30 214
  31 148
  32 57
  33 441
  34 454
  35 14
  36 61
  37 27
  38 405
  39 67
  40 329
  41 44
  42 133
  43 366
  44 58
  45 15
  46 235
  47 185
  48 217
  49 175
  50 152
  51 451
  52 249
  53 244
  54 437
  55 280
  56 197
  57 179
  58 225
  59 124
  60 150
  61 153
  62 372
  63 284
  64 241
  65 137
  66 103
  67 129
  68 397
  69 428
  70 180
  71 440
  72 304
  73 108
  74 109
  75 360
  76 158
  77 257
  78 245
  79 2
  80 465
  81 453
  82 110
  83 76
  84 395
  85 385
  86 318
  87 172
  88 276
  89 427
  90 54
  91 365
  92 201
  93 191
  94 219
  95 60
  96 130
  97 390
  98 442
  99 237
  100 193
  101 203
  102 308
  103 267
  104 99
  105 91
  106 151
  107 338
  108 408
  109 447
  110 274
  111 340
  112 256
  113 16
  114 328
  115 471
  116 83
  117 106
  118 456
  119 423
  120 467
  121 353
  122 294
  123 200
  124 305
  125 43
  126 299
  127 165
  128 391
  129 173
  130 87
  131 119
  132 157
  133 361
  134 8
  135 320
  136 307
  137 136
  138 344
  139 89
  140 28
  141 134
  142 138
  143 113
  144 63
  145 343
  146 419
  147 64
  148 22
  149 302
  150 176
  151 345
  152 6
  153 75
  154 399
  155 409
  156 171
  157 45
  158 70
  159 94
  160 210
COMMENT: TIMESTEP: 1
ORDERS_SECTION
  1 2 3 4 5
  2 6 7 8 9 10 11
  3 12 13
  4 14 15 16 17 18 19
  5 20 21 22 23 24
  6 25 26 27 28 29 30 31
  7 32 33
  8 34 35 36 37 38 39 40 41
  9 42 43 44
  10 45 46 47 48
  11 49 50 51 52 53 54 55 56
  12 57 58 59 60 61 62 63 64
  13 65
  14 66 67 68
  15 69 70 71
  16 72 73 74 75 76 77 78 79
  17 80 81
  18 82
  19 83 84 85 86 87 88 89 90
  20 91 92 93 94
  21 95 96
  22 97 98 99 100 101
  23 102
  24 103 104 105
  25 106 107
  26 108 109 110 111 112
  27 113 114 115 116 117 118 119
  28 120 121 122 123
  29 124 125 126 127 128 129 130
  30 131 132 133 134 135 136 137 138
  31 139 140 141
  32 142 143 144 145 146 147 148
  33 149 150 151
  34 152 153 154 155
  35 156 157 158 159 160
TIME_AVAIL_SECTION
  1 1
  2 1
  3 1
  4 1
  5 1
  6 1
  7 1
  8 1
  9 1
  10 1
  11 1
  12 1
  13 1
  14 1
  15 1
  16 1
  17 1
  18 1
  19 1
  20 1
  21 1
  22 1
  23 1
  24 1
  25 1
  26 1
  27 1
  28 1
  29 1
  30 1
  31 1
  32 1
  33 1
  34 1
  35 1
EOF
