VRPTEST 1.0
COMMENT: descr: Modified tsplib for the OBP
COMMENT: Best known objective: 1034.0
COMMENT: Computational time (s): 0.218
NAME: c170_2354
NUM_DEPOTS: 2
NUM_CAPACITIES: 1
NUM_VISITS: 170
NUM_LOCATIONS: 176
NUM_VEHICLES: 4
CAPACITIES: 8
DATA_SECTION
DEPOTS
  0
  1
LOCATION_COORD_SECTION
  0 5 20
  1 5 50
  2 26 20
  3 28 31
  4 13 24
  5 6 23
  6 20 31
  7 34 33
  8 19 9
  9 23 11
  10 16 16
  11 16 10
  12 34 24
  13 8 30
  14 36 22
  15 18 16
  16 23 32
  17 20 23
  18 3 34
  19 28 17
  20 27 8
  21 31 10
  22 30 9
  23 8 20
  24 20 34
  25 28 32
  26 20 7
  27 9 28
  28 5 27
  29 28 5
  30 23 18
  31 40 29
  32 25 24
  33 17 24
  34 5 31
  35 28 22
  36 30 21
  37 32 22
  38 24 20
  39 28 26
  40 23 35
  41 22 31
  42 18 13
  43 23 5
  44 21 17
  45 16 9
  46 18 8
  47 22 5
  48 20 21
  49 23 30
  50 8 22
  51 37 17
  52 64 32
  53 66 26
  54 51 23
  55 40 25
  56 54 4
  57 52 22
  58 55 20
  59 66 29
  60 41 23
  61 58 13
  62 59 27
  63 68 25
  64 65 32
  65 61 31
  66 46 23
  67 57 22
  68 56 6
  69 74 23
  70 40 13
  71 74 25
  72 54 31
  73 55 34
  74 58 23
  75 73 18
  76 63 18
  77 57 17
  78 63 19
  79 77 25
  80 42 29
  81 72 29
  82 55 28
  83 60 19
  84 68 33
  85 49 3
  86 42 8
  87 48 13
  88 54 10
  89 49 26
  90 66 33
  91 71 32
  92 40 46
  93 70 37
  94 58 59
  95 75 41
  96 49 63
  97 43 33
  98 65 49
  99 47 58
  100 54 41
  101 54 60
  102 51 63
  103 47 65
  104 60 43
  105 53 49
  106 50 67
  107 65 50
  108 70 39
  109 43 50
  110 59 46
  111 48 57
  112 57 57
  113 62 54
  114 40 54
  115 54 48
  116 35 51
  117 40 38
  118 52 66
  119 47 49
  120 50 44
  121 46 38
  122 38 40
  123 37 57
  124 46 67
  125 65 44
  126 70 44
  127 59 39
  128 59 50
  129 48 44
  130 61 39
  131 69 38
  132 52 51
  133 17 61
  134 16 50
  135 32 44
  136 31 40
  137 19 57
  138 32 50
  139 25 46
  140 23 41
  141 14 42
  142 23 54
  143 26 43
  144 7 47
  145 17 55
  146 20 65
  147 6 39
  148 15 62
  149 14 56
  150 27 40
  151 3 45
  152 28 46
  153 7 43
  154 17 52
  155 15 54
  156 17 36
  157 13 37
  158 20 47
  159 25 53
  160 28 50
  161 22 40
  162 30 45
  163 21 70
  164 19 48
  165 17 47
  166 23 65
  167 28 49
  168 23 62
  169 17 57
  170 15 43
  171 20 55
  172 10 10
  173 10 60
  174 12 60
  175 12 10
VISIT_LOCATION_SECTION
  2 2
  3 3
  4 4
  5 5
  6 6
  7 7
  8 8
  9 9
  10 10
  11 11
  12 12
  13 13
  14 14
  15 15
  16 16
  17 17
  18 18
  19 19
  20 20
  21 21
  22 22
  23 23
  24 24
  25 25
  26 26
  27 27
  28 28
  29 29
  30 30
  31 31
  32 32
  33 33
  34 34
  35 35
  36 36
  37 37
  38 38
  39 39
  40 40
  41 41
  42 42
  43 43
  44 44
  45 45
  46 46
  47 47
  48 48
  49 49
  50 50
  51 51
  52 52
  53 53
  54 54
  55 55
  56 56
  57 57
  58 58
  59 59
  60 60
  61 61
  62 62
  63 63
  64 64
  65 65
  66 66
  67 67
  68 68
  69 69
  70 70
  71 71
  72 72
  73 73
  74 74
  75 75
  76 76
  77 77
  78 78
  79 79
  80 80
  81 81
  82 82
  83 83
  84 84
  85 85
  86 86
  87 87
  88 88
  89 89
  90 90
  91 91
  92 92
  93 93
  94 94
  95 95
  96 96
  97 97
  98 98
  99 99
  100 100
  101 101
  102 102
  103 103
  104 104
  105 105
  106 106
  107 107
  108 108
  109 109
  110 110
  111 111
  112 112
  113 113
  114 114
  115 115
  116 116
  117 117
  118 118
  119 119
  120 120
  121 121
  122 122
  123 123
  124 124
  125 125
  126 126
  127 127
  128 128
  129 129
  130 130
  131 131
  132 132
  133 133
  134 134
  135 135
  136 136
  137 137
  138 138
  139 139
  140 140
  141 141
  142 142
  143 143
  144 144
  145 145
  146 146
  147 147
  148 148
  149 149
  150 150
  151 151
  152 152
  153 153
  154 154
  155 155
  156 156
  157 157
  158 158
  159 159
  160 160
  161 161
  162 162
  163 163
  164 164
  165 165
  166 166
  167 167
  168 168
  169 169
  170 170
  171 171
COMMENT: TIMESTEP: 1
ORDERS_SECTION
  1 2 3 4 5 6 7 8
  2 9 10 11 12 13 14
  3 15 16 17 18 19 20 21 22
  4 23 24 25 26 27
  5 28 29 30 31 32 33 34 35
  6 36 37 38 39 40 41
  7 42 43 44 45 46 47
  8 48 49 50
  9 51 52 53 54 55 56 57 58
  10 59 60
  11 61 62 63
  12 64 65 66 67
  13 68 69 70 71 72 73
  14 74 75
  15 76 77 78 79 80 81 82 83
  16 84 85 86 87 88 89 90 91
  17 92 93 94 95 96 97 98 99
  18 100 101 102 103
  19 104 105 106 107 108 109
  20 110 111 112 113 114 115
  21 116 117 118 119 120 121 122 123
  22 124 125 126
  23 127 128 129 130 131 132
  24 133 134 135
  25 136 137 138 139 140 141 142
  26 143 144
  27 145 146 147 148 149
  28 150 151 152 153 154 155 156 157
  29 158 159 160 161 162 163 164 165
  30 166 167 168 169 170 171
TIME_AVAIL_SECTION
  1 1
  2 1
  3 1
  4 1
  5 1
  6 1
  7 1
  8 1
  9 1
  10 1
  11 1
  12 1
  13 1
  14 1
  15 1
  16 1
  17 1
  18 1
  19 1
  20 1
  21 1
  22 1
  23 1
  24 1
  25 1
  26 1
  27 1
  28 1
  29 1
  30 1
OBSTACLES
  1 172 173 174 175
EOF
