VRPTEST 1.0
COMMENT: descr: Modified tsplib for the OBP
COMMENT: Best known objective: 653.0
COMMENT: Computational time (s): 0.036
NAME: c56_0efe
NUM_DEPOTS: 2
NUM_CAPACITIES: 1
NUM_VISITS: 56
NUM_LOCATIONS: 106
NUM_VEHICLES: 6
CAPACITIES: 4
DATA_SECTION
DEPOTS
  0
  1
LOCATION_COORD_SECTION
  0 35 70
  1 50 70
  2 21 45
  3 21 41
  4 21 43
  5 13 49
  6 15 52
  7 19 51
  8 14 46
  9 20 46
  10 13 51
  11 25 46
  12 14 50
  13 19 48
  14 20 47
  15 20 49
  16 20 40
  17 22 64
  18 13 59
  19 21 66
  20 17 57
  21 20 60
  22 19 57
  23 20 65
  24 25 56
  25 16 62
  26 19 59
  27 17 60
  28 21 67
  29 23 62
  30 9 60
  31 15 62
  32 18 70
  33 13 63
  34 22 32
  35 20 23
  36 21 17
  37 15 25
  38 24 33
  39 23 32
  40 13 26
  41 20 31
  42 21 20
  43 20 34
  44 20 24
  45 20 21
  46 25 28
  47 22 31
  48 58 13
  49 58 32
  50 58 38
  51 75 28
  52 70 23
  53 66 33
  54 63 19
  55 63 23
  56 58 11
  57 63 15
  58 10 10
  59 10 30
  60 12 30
  61 12 10
  62 16 10
  63 16 30
  64 18 30
  65 18 10
  66 22 10
  67 22 30
  68 24 30
  69 24 10
  70 10 36
  71 10 56
  72 12 56
  73 12 36
  74 16 36
  75 16 56
  76 18 56
  77 18 36
  78 22 36
  79 22 56
  80 24 56
  81 24 36
  82 60 10
  83 60 30
  84 62 30
  85 62 10
  86 66 10
  87 66 30
  88 68 30
  89 68 10
  90 72 10
  91 72 30
  92 74 30
  93 74 10
  94 60 36
  95 60 56
  96 62 56
  97 62 36
  98 66 36
  99 66 56
  100 68 56
  101 68 36
  102 72 36
  103 72 56
  104 74 56
  105 74 36
VISIT_LOCATION_SECTION
  2 2
  3 3
  4 4
  5 5
  6 6
  7 7
  8 8
  9 9
  10 10
  11 11
  12 12
  13 13
  14 14
  15 15
  16 16
  17 17
  18 18
  19 19
  20 20
  21 21
  22 22
  23 23
  24 24
  25 25
  26 26
  27 27
  28 28
  29 29
  30 30
  31 31
  32 32
  33 33
  34 34
  35 35
  36 36
  37 37
  38 38
  39 39
  40 40
  41 41
  42 42
  43 43
  44 44
  45 45
  46 46
  47 47
  48 48
  49 49
  50 50
  51 51
  52 52
  53 53
  54 54
  55 55
  56 56
  57 57
COMMENT: TIMESTEP: 1
ORDERS_SECTION
  1 2 3
  2 4 5
  3 6 7 8 9
  4 10 11 12
  5 13 14 15 16
  6 17 18
  7 19 20 21
  8 22 23 24 25
  9 26 27 28 29
  10 30 31 32 33
  11 34 35 36
  12 37 38
  13 39 40
  14 41 42 43 44
  15 45 46 47
  16 48 49
  17 50 51
  18 52 53
  19 54 55
  20 56 57
TIME_AVAIL_SECTION
  1 1
  2 1
  3 1
  4 1
  5 1
  6 1
  7 1
  8 1
  9 1
  10 1
  11 1
  12 1
  13 1
  14 1
  15 1
  16 1
  17 1
  18 1
  19 1
  20 1
OBSTACLES
  1 58 59 60 61
  2 62 63 64 65
  3 66 67 68 69
  4 70 71 72 73
  5 74 75 76 77
  6 78 79 80 81
  7 82 83 84 85
  8 86 87 88 89
  9 90 91 92 93
  10 94 95 96 97
  11 98 99 100 101
  12 102 103 104 105
EOF
