VRPTEST 1.0
COMMENT: descr: Modified tsplib for the OBP
COMMENT: Best known objective: 1160.0
COMMENT: Computational time (s): 0.064
NAME: c91_155f
NUM_DEPOTS: 2
NUM_CAPACITIES: 1
NUM_VISITS: 91
NUM_LOCATIONS: 181
NUM_VEHICLES: 8
CAPACITIES: 4
DATA_SECTION
DEPOTS
  0
  1
LOCATION_COORD_SECTION
  0 35 70
  1 50 70
  2 31 16
  3 25 24
  4 39 28
  5 43 28
  6 33 16
  7 39 20
  8 27 24
  9 31 28
  10 37 16
  11 39 12
  12 39 16
  13 45 20
  14 33 20
  15 37 12
  16 27 20
  17 45 24
  18 33 28
  19 43 24
  20 31 20
  21 33 24
  22 31 24
  23 39 24
  24 43 20
  25 57 56
  26 49 56
  27 57 52
  28 49 52
  29 67 48
  30 63 56
  31 51 56
  32 57 44
  33 51 48
  34 57 48
  35 67 52
  36 61 52
  37 55 48
  38 61 44
  39 63 52
  40 63 48
  41 67 56
  42 63 44
  43 61 56
  44 55 52
  45 55 56
  46 55 44
  47 69 52
  48 51 52
  49 61 20
  50 69 28
  51 61 12
  52 61 28
  53 55 16
  54 63 24
  55 73 24
  56 55 20
  57 57 28
  58 61 16
  59 55 24
  60 49 24
  61 57 24
  62 51 20
  63 57 16
  64 61 24
  65 51 28
  66 69 24
  67 51 24
  68 69 20
  69 63 28
  70 55 28
  71 67 28
  72 21 40
  73 39 44
  74 37 44
  75 37 48
  76 43 40
  77 33 52
  78 25 44
  79 37 40
  80 33 44
  81 27 40
  82 31 44
  83 31 40
  84 25 40
  85 27 48
  86 27 44
  87 39 48
  88 45 40
  89 31 48
  90 33 40
  91 33 48
  92 39 40
  93 10 10
  94 10 30
  95 12 30
  96 12 10
  97 16 10
  98 16 30
  99 18 30
  100 18 10
  101 22 10
  102 22 30
  103 24 30
  104 24 10
  105 28 10
  106 28 30
  107 30 30
  108 30 10
  109 34 10
  110 34 30
  111 36 30
  112 36 10
  113 40 10
  114 40 30
  115 42 30
  116 42 10
  117 46 10
  118 46 30
  119 48 30
  120 48 10
  121 52 10
  122 52 30
  123 54 30
  124 54 10
  125 58 10
  126 58 30
  127 60 30
  128 60 10
  129 64 10
  130 64 30
  131 66 30
  132 66 10
  133 70 10
  134 70 30
  135 72 30
  136 72 10
  137 10 40
  138 10 60
  139 12 60
  140 12 40
  141 16 40
  142 16 60
  143 18 60
  144 18 40
  145 22 40
  146 22 60
  147 24 60
  148 24 40
  149 28 40
  150 28 60
  151 30 60
  152 30 40
  153 34 40
  154 34 60
  155 36 60
  156 36 40
  157 40 40
  158 40 60
  159 42 60
  160 42 40
  161 46 40
  162 46 60
  163 48 60
  164 48 40
  165 52 40
  166 52 60
  167 54 60
  168 54 40
  169 58 40
  170 58 60
  171 60 60
  172 60 40
  173 64 40
  174 64 60
  175 66 60
  176 66 40
  177 70 40
  178 70 60
  179 72 60
  180 72 40
VISIT_LOCATION_SECTION
  2 2
  3 3
  4 4
  5 5
  6 6
  7 7
  8 8
  9 9
  10 10
  11 11
  12 12
  13 13
  14 14
  15 15
  16 16
  17 17
  18 18
  19 19
  20 20
  21 21
  22 22
  23 23
  24 24
  25 25
  26 26
  27 27
  28 28
  29 29
  30 30
  31 31
  32 32
  33 33
  34 34
  35 35
  36 36
  37 37
  38 38
  39 39
  40 40
  41 41
  42 42
  43 43
  44 44
  45 45
  46 46
  47 47
  48 48
  49 49
  50 50
  51 51
  52 52
  53 53
  54 54
  55 55
  56 56
  57 57
  58 58
  59 59
  60 60
  61 61
  62 62
  63 63
  64 64
  65 65
  66 66
  67 67
  68 68
  69 69
  70 70
  71 71
  72 72
  73 73
  74 74
  75 75
  76 76
  77 77
  78 78
  79 79
  80 80
  81 81
  82 82
  83 83
  84 84
  85 85
  86 86
  87 87
  88 88
  89 89
  90 90
  91 91
  92 92
COMMENT: TIMESTEP: 1
ORDERS_SECTION
  1 2 3
  2 4 5
  3 6 7 8 9
  4 10 11
  5 12 13 14 15
  6 16 17 18
  7 19 20 21 22
  8 23 24
  9 25 26
  10 27 28
  11 29 30 31 32
  12 33 34 35 36
  13 37 38
  14 39 40 41
  15 42 43 44 45
  16 46 47 48
  17 49 50 51
  18 52 53 54 55
  19 56 57 58 59
  20 60 61 62
  21 63 64 65 66
  22 67 68
  23 69 70 71
  24 72 73 74
  25 75 76
  26 77 78 79
  27 80 81 82
  28 83 84
  29 85 86 87 88
  30 89 90 91 92
TIME_AVAIL_SECTION
  1 1
  2 1
  3 1
  4 1
  5 1
  6 1
  7 1
  8 1
  9 1
  10 1
  11 1
  12 1
  13 1
  14 1
  15 1
  16 1
  17 1
  18 1
  19 1
  20 1
  21 1
  22 1
  23 1
  24 1
  25 1
  26 1
  27 1
  28 1
  29 1
  30 1
OBSTACLES
  1 93 94 95 96
  2 97 98 99 100
  3 101 102 103 104
  4 105 106 107 108
  5 109 110 111 112
  6 113 114 115 116
  7 117 118 119 120
  8 121 122 123 124
  9 125 126 127 128
  10 129 130 131 132
  11 133 134 135 136
  12 137 138 139 140
  13 141 142 143 144
  14 145 146 147 148
  15 149 150 151 152
  16 153 154 155 156
  17 157 158 159 160
  18 161 162 163 164
  19 165 166 167 168
  20 169 170 171 172
  21 173 174 175 176
  22 177 178 179 180
EOF
