VRPTEST 1.0
COMMENT: descr: Modified tsplib for the OBP
COMMENT: Best known objective: 616.0
COMMENT: Computational time (s): 0.032
NAME: c51_1b92
NUM_DEPOTS: 2
NUM_CAPACITIES: 1
NUM_VISITS: 51
NUM_LOCATIONS: 101
NUM_VEHICLES: 6
CAPACITIES: 4
DATA_SECTION
DEPOTS
  0
  1
LOCATION_COORD_SECTION
  0 35 70
  1 50 70
  2 58 45
  3 69 55
  4 67 65
  5 66 63
  6 64 49
  7 64 55
  8 63 60
  9 58 63
  10 58 70
  11 71 56
  12 64 68
  13 64 62
  14 23 32
  15 16 34
  16 22 31
  17 21 43
  18 14 34
  19 20 31
  20 19 39
  21 16 35
  22 19 31
  23 11 34
  24 17 33
  25 14 39
  26 68 33
  27 58 38
  28 61 34
  29 59 42
  30 64 32
  31 65 32
  32 65 33
  33 67 32
  34 66 33
  35 59 38
  36 60 31
  37 61 31
  38 58 32
  39 66 31
  40 64 36
  41 13 21
  42 13 20
  43 20 24
  44 21 17
  45 13 24
  46 20 21
  47 15 25
  48 13 26
  49 19 19
  50 25 28
  51 13 29
  52 20 26
  53 10 10
  54 10 30
  55 12 30
  56 12 10
  57 16 10
  58 16 30
  59 18 30
  60 18 10
  61 22 10
  62 22 30
  63 24 30
  64 24 10
  65 10 36
  66 10 56
  67 12 56
  68 12 36
  69 16 36
  70 16 56
  71 18 56
  72 18 36
  73 22 36
  74 22 56
  75 24 56
  76 24 36
  77 60 10
  78 60 30
  79 62 30
  80 62 10
  81 66 10
  82 66 30
  83 68 30
  84 68 10
  85 72 10
  86 72 30
  87 74 30
  88 74 10
  89 60 36
  90 60 56
  91 62 56
  92 62 36
  93 66 36
  94 66 56
  95 68 56
  96 68 36
  97 72 36
  98 72 56
  99 74 56
  100 74 36
VISIT_LOCATION_SECTION
  2 2
  3 3
  4 4
  5 5
  6 6
  7 7
  8 8
  9 9
  10 10
  11 11
  12 12
  13 13
  14 14
  15 15
  16 16
  17 17
  18 18
  19 19
  20 20
  21 21
  22 22
  23 23
  24 24
  25 25
  26 26
  27 27
  28 28
  29 29
  30 30
  31 31
  32 32
  33 33
  34 34
  35 35
  36 36
  37 37
  38 38
  39 39
  40 40
  41 41
  42 42
  43 43
  44 44
  45 45
  46 46
  47 47
  48 48
  49 49
  50 50
  51 51
  52 52
COMMENT: TIMESTEP: 1
ORDERS_SECTION
  1 2 3
  2 4 5 6
  3 7 8
  4 9 10
  5 11 12 13
  6 14 15 16
  7 17 18
  8 19 20
  9 21 22 23
  10 24 25
  11 26 27 28
  12 29 30 31 32
  13 33 34 35 36
  14 37 38
  15 39 40
  16 41 42
  17 43 44 45
  18 46 47 48
  19 49 50
  20 51 52
TIME_AVAIL_SECTION
  1 1
  2 1
  3 1
  4 1
  5 1
  6 1
  7 1
  8 1
  9 1
  10 1
  11 1
  12 1
  13 1
  14 1
  15 1
  16 1
  17 1
  18 1
  19 1
  20 1
OBSTACLES
  1 53 54 55 56
  2 57 58 59 60
  3 61 62 63 64
  4 65 66 67 68
  5 69 70 71 72
  6 73 74 75 76
  7 77 78 79 80
  8 81 82 83 84
  9 85 86 87 88
  10 89 90 91 92
  11 93 94 95 96
  12 97 98 99 100
EOF
