VRPTEST 1.0
COMMENT: descr: Modified tsplib for the OBP
COMMENT: Best known objective: 1558.781
COMMENT: Computational time (s): 0.39020900000000003
NAME: c181_76b1
NUM_CAPACITIES: 1
NUM_VISITS: 181
NUM_VEHICLES: 4
CAPACITIES: 8
DATA_SECTION
DEPOTS
  0
  1
VISIT_LOCATION_SECTION
  2 5
  3 187
  4 243
  5 97
  6 89
  7 261
  8 203
  9 99
  10 79
  11 201
  12 100
  13 259
  14 171
  15 126
  16 165
  17 34
  18 192
  19 226
  20 195
  21 93
  22 197
  23 213
  24 196
  25 94
  26 91
  27 263
  28 156
  29 249
  30 133
  31 19
  32 44
  33 74
  34 62
  35 25
  36 27
  37 53
  38 4
  39 219
  40 186
  41 202
  42 71
  43 190
  44 207
  45 222
  46 209
  47 205
  48 230
  49 160
  50 137
  51 248
  52 135
  53 119
  54 237
  55 144
  56 176
  57 123
  58 17
  59 37
  60 57
  61 181
  62 12
  63 32
  64 45
  65 111
  66 65
  67 61
  68 31
  69 26
  70 204
  71 188
  72 210
  73 225
  74 221
  75 80
  76 98
  77 185
  78 211
  79 208
  80 85
  81 139
  82 158
  83 138
  84 151
  85 40
  86 39
  87 257
  88 229
  89 193
  90 194
  91 92
  92 242
  93 206
  94 258
  95 124
  96 216
  97 231
  98 164
  99 147
  100 22
  101 109
  102 21
  103 54
  104 29
  105 69
  106 2
  107 9
  108 223
  109 86
  110 244
  111 260
  112 87
  113 159
  114 155
  115 179
  116 233
  117 46
  118 16
  119 59
  120 8
  121 20
  122 30
  123 42
  124 35
  125 6
  126 68
  127 7
  128 95
  129 189
  130 228
  131 101
  132 90
  133 245
  134 212
  135 121
  136 173
  137 199
  138 143
  139 134
  140 162
  141 198
  142 163
  143 152
  144 153
  145 52
  146 48
  147 18
  148 43
  149 182
  150 241
  151 227
  152 184
  153 96
  154 108
  155 110
  156 120
  157 217
  158 140
  159 141
  160 150
  161 215
  162 47
  163 77
  164 70
  165 33
  166 41
  167 56
  168 38
  169 67
  170 50
  171 191
  172 239
  173 220
  174 183
  175 240
  176 218
  177 246
  178 118
  179 149
  180 169
  181 122
  182 10
COMMENT: TIMESTEP: 1
ORDERS_SECTION
  1 2
  2 3 4 5 6 7 8 9 10 11 12 13
  3 14 15 16
  4 17
  5 18 19 20 21 22 23 24 25 26
  6 27 28 29 30
  7 31 32 33 34 35 36 37 38
  8 39 40 41 42 43 44 45 46 47
  9 48 49 50 51 52 53 54 55 56 57
  10 58 59 60 61 62 63 64 65 66 67 68 69
  11 70 71 72 73 74 75 76 77 78 79 80
  12 81 82 83 84
  13 85 86
  14 87 88 89 90 91 92 93 94
  15 95 96 97 98 99
  16 100 101 102 103 104 105 106 107
  17 108 109 110 111 112
  18 113 114 115 116
  19 117 118 119 120 121 122 123 124 125 126 127
  20 128 129 130 131 132 133 134
  21 135 136 137 138 139 140 141 142 143 144
  22 145 146 147 148
  23 149 150 151 152 153
  24 154 155 156 157 158 159 160 161
  25 162 163 164 165 166 167 168 169 170
  26 171 172 173 174 175
  27 176 177 178 179 180 181
  28 182
TIME_AVAIL_SECTION
  1 1
  2 1
  3 1
  4 1
  5 1
  6 1
  7 1
  8 1
  9 1
  10 1
  11 1
  12 1
  13 1
  14 1
  15 1
  16 1
  17 1
  18 1
  19 1
  20 1
  21 1
  22 1
  23 1
  24 1
  25 1
  26 1
  27 1
  28 1
EOF
