VRPTEST 1.0
COMMENT: descr: Modified tsplib for the OBP
COMMENT: Best known objective: 682.0
COMMENT: Computational time (s): 0.118
NAME: c142_169e
NUM_DEPOTS: 2
NUM_CAPACITIES: 1
NUM_VISITS: 142
NUM_LOCATIONS: 144
NUM_VEHICLES: 5
CAPACITIES: 5
DATA_SECTION
DEPOTS
  0
  1
LOCATION_COORD_SECTION
  0 5 30
  1 5 50
  2 57 31
  3 62 47
  4 63 41
  5 59 37
  6 65 40
  7 51 50
  8 73 36
  9 75 32
  10 66 53
  11 58 52
  12 65 38
  13 66 34
  14 61 56
  15 63 33
  16 58 45
  17 62 20
  18 51 49
  19 58 44
  20 54 31
  21 61 40
  22 57 28
  23 63 42
  24 58 27
  25 56 19
  26 58 15
  27 55 44
  28 64 30
  29 65 25
  30 62 49
  31 62 41
  32 63 38
  33 73 45
  34 74 42
  35 63 27
  36 61 52
  37 72 39
  38 53 18
  39 74 33
  40 55 43
  41 61 29
  42 64 51
  43 53 21
  44 61 46
  45 21 43
  46 25 48
  47 11 57
  48 24 66
  49 17 35
  50 14 33
  51 21 49
  52 10 42
  53 26 46
  54 8 50
  55 15 60
  56 16 68
  57 23 56
  58 27 43
  59 14 38
  60 8 43
  61 13 56
  62 7 51
  63 21 38
  64 27 48
  65 7 56
  66 14 41
  67 12 44
  68 12 56
  69 24 60
  70 25 67
  71 24 68
  72 16 48
  73 21 33
  74 23 34
  75 21 40
  76 19 70
  77 27 42
  78 22 61
  79 44 24
  80 39 45
  81 42 35
  82 43 22
  83 47 43
  84 46 43
  85 42 32
  86 41 29
  87 45 43
  88 50 36
  89 39 31
  90 46 42
  91 38 44
  92 51 24
  93 48 26
  94 25 32
  95 36 34
  96 49 43
  97 38 41
  98 42 15
  99 44 32
  100 30 34
  101 48 27
  102 47 45
  103 33 44
  104 38 42
  105 31 32
  106 33 42
  107 45 33
  108 46 32
  109 35 24
  110 38 23
  111 47 47
  112 30 28
  113 28 67
  114 59 62
  115 51 63
  116 32 71
  117 45 56
  118 39 61
  119 51 65
  120 39 71
  121 48 69
  122 42 56
  123 42 75
  124 49 60
  125 28 57
  126 32 72
  127 52 66
  128 51 66
  129 54 68
  130 41 65
  131 36 53
  132 34 61
  133 34 70
  134 41 70
  135 40 59
  136 49 54
  137 52 53
  138 39 65
  139 58 60
  140 37 61
  141 39 51
  142 38 48
  143 42 74
VISIT_LOCATION_SECTION
  2 2
  3 3
  4 4
  5 5
  6 6
  7 7
  8 8
  9 9
  10 10
  11 11
  12 12
  13 13
  14 14
  15 15
  16 16
  17 17
  18 18
  19 19
  20 20
  21 21
  22 22
  23 23
  24 24
  25 25
  26 26
  27 27
  28 28
  29 29
  30 30
  31 31
  32 32
  33 33
  34 34
  35 35
  36 36
  37 37
  38 38
  39 39
  40 40
  41 41
  42 42
  43 43
  44 44
  45 45
  46 46
  47 47
  48 48
  49 49
  50 50
  51 51
  52 52
  53 53
  54 54
  55 55
  56 56
  57 57
  58 58
  59 59
  60 60
  61 61
  62 62
  63 63
  64 64
  65 65
  66 66
  67 67
  68 68
  69 69
  70 70
  71 71
  72 72
  73 73
  74 74
  75 75
  76 76
  77 77
  78 78
  79 79
  80 80
  81 81
  82 82
  83 83
  84 84
  85 85
  86 86
  87 87
  88 88
  89 89
  90 90
  91 91
  92 92
  93 93
  94 94
  95 95
  96 96
  97 97
  98 98
  99 99
  100 100
  101 101
  102 102
  103 103
  104 104
  105 105
  106 106
  107 107
  108 108
  109 109
  110 110
  111 111
  112 112
  113 113
  114 114
  115 115
  116 116
  117 117
  118 118
  119 119
  120 120
  121 121
  122 122
  123 123
  124 124
  125 125
  126 126
  127 127
  128 128
  129 129
  130 130
  131 131
  132 132
  133 133
  134 134
  135 135
  136 136
  137 137
  138 138
  139 139
  140 140
  141 141
  142 142
  143 143
COMMENT: TIMESTEP: 1
ORDERS_SECTION
  1 2 3 4
  2 5 6 7 8 9 10 11 12 13 14 15
  3 16 17 18 19 20 21 22
  4 23 24 25 26 27 28 29 30 31 32
  5 33 34 35 36 37 38 39 40 41 42 43 44
  6 45 46 47 48 49 50 51 52 53 54 55 56
  7 57 58 59 60 61
  8 62 63 64
  9 65 66 67 68 69 70 71
  10 72 73 74 75 76 77 78
  11 79 80 81
  12 82 83 84 85
  13 86 87 88 89
  14 90 91 92 93 94 95 96 97 98 99
  15 100 101 102 103 104 105 106 107 108 109 110 111 112
  16 113 114
  17 115 116 117 118 119 120
  18 121 122 123 124 125 126 127 128 129 130 131 132 133
  19 134 135
  20 136 137 138 139 140 141 142 143
TIME_AVAIL_SECTION
  1 1
  2 1
  3 1
  4 1
  5 1
  6 1
  7 1
  8 1
  9 1
  10 1
  11 1
  12 1
  13 1
  14 1
  15 1
  16 1
  17 1
  18 1
  19 1
  20 1
EOF
