VRPTEST 1.0
COMMENT: descr: Modified tsplib for the OBP
COMMENT: Best known objective: 1032.0
COMMENT: Computational time (s): 0.154
NAME: c197_0950
NUM_DEPOTS: 2
NUM_CAPACITIES: 1
NUM_VISITS: 197
NUM_LOCATIONS: 199
NUM_VEHICLES: 9
CAPACITIES: 5
DATA_SECTION
DEPOTS
  0
  1
LOCATION_COORD_SECTION
  0 5 30
  1 5 50
  2 38 23
  3 46 32
  4 50 33
  5 25 34
  6 34 24
  7 34 35
  8 30 33
  9 46 30
  10 42 35
  11 39 31
  12 48 33
  13 39 22
  14 42 31
  15 41 29
  16 31 35
  17 42 32
  18 40 24
  19 44 31
  20 38 42
  21 34 27
  22 32 25
  23 30 34
  24 39 25
  25 38 41
  26 47 29
  27 37 30
  28 41 38
  29 35 33
  30 44 39
  31 24 33
  32 46 35
  33 43 35
  34 45 33
  35 35 29
  36 36 34
  37 31 32
  38 30 28
  39 36 38
  40 38 24
  41 36 36
  42 42 40
  43 25 32
  44 45 35
  45 35 24
  46 28 35
  47 44 32
  48 37 29
  49 61 46
  50 65 40
  51 49 43
  52 65 38
  53 53 43
  54 57 45
  55 68 41
  56 59 30
  57 54 31
  58 61 48
  59 57 30
  60 58 49
  61 69 39
  62 58 44
  63 63 42
  64 55 43
  65 52 44
  66 63 41
  67 57 28
  68 64 37
  69 49 44
  70 47 43
  71 49 40
  72 61 40
  73 51 37
  74 57 27
  75 49 36
  76 62 45
  77 56 32
  78 60 34
  79 60 47
  80 61 30
  81 61 34
  82 63 33
  83 48 40
  84 62 47
  85 46 43
  86 58 47
  87 50 35
  88 62 41
  89 48 39
  90 60 40
  91 55 45
  92 55 44
  93 53 46
  94 45 58
  95 45 67
  96 49 54
  97 45 56
  98 62 57
  99 51 65
  100 59 59
  101 52 53
  102 51 64
  103 53 60
  104 40 59
  105 51 50
  106 52 68
  107 58 55
  108 55 55
  109 54 68
  110 57 65
  111 49 60
  112 39 58
  113 48 69
  114 51 66
  115 42 55
  116 59 62
  117 39 61
  118 55 59
  119 50 72
  120 40 57
  121 46 50
  122 54 62
  123 52 69
  124 50 68
  125 61 56
  126 56 57
  127 46 64
  128 47 47
  129 58 60
  130 44 57
  131 55 51
  132 60 61
  133 51 49
  134 52 59
  135 52 67
  136 58 53
  137 46 56
  138 58 52
  139 51 59
  140 49 59
  141 49 69
  142 50 51
  143 42 56
  144 60 58
  145 46 51
  146 28 44
  147 23 45
  148 41 50
  149 24 42
  150 27 42
  151 38 43
  152 38 48
  153 42 50
  154 39 45
  155 37 54
  156 28 43
  157 42 49
  158 37 47
  159 34 56
  160 25 50
  161 39 51
  162 38 49
  163 26 46
  164 28 45
  165 28 55
  166 22 50
  167 33 40
  168 27 55
  169 23 43
  170 24 50
  171 25 48
  172 43 49
  173 44 46
  174 20 46
  175 33 53
  176 32 47
  177 33 42
  178 37 43
  179 43 50
  180 21 49
  181 36 51
  182 32 45
  183 31 44
  184 33 44
  185 23 47
  186 34 52
  187 36 53
  188 29 42
  189 38 44
  190 33 56
  191 22 45
  192 34 46
  193 29 56
  194 26 53
  195 31 56
  196 22 48
  197 26 47
  198 27 43
VISIT_LOCATION_SECTION
  2 2
  3 3
  4 4
  5 5
  6 6
  7 7
  8 8
  9 9
  10 10
  11 11
  12 12
  13 13
  14 14
  15 15
  16 16
  17 17
  18 18
  19 19
  20 20
  21 21
  22 22
  23 23
  24 24
  25 25
  26 26
  27 27
  28 28
  29 29
  30 30
  31 31
  32 32
  33 33
  34 34
  35 35
  36 36
  37 37
  38 38
  39 39
  40 40
  41 41
  42 42
  43 43
  44 44
  45 45
  46 46
  47 47
  48 48
  49 49
  50 50
  51 51
  52 52
  53 53
  54 54
  55 55
  56 56
  57 57
  58 58
  59 59
  60 60
  61 61
  62 62
  63 63
  64 64
  65 65
  66 66
  67 67
  68 68
  69 69
  70 70
  71 71
  72 72
  73 73
  74 74
  75 75
  76 76
  77 77
  78 78
  79 79
  80 80
  81 81
  82 82
  83 83
  84 84
  85 85
  86 86
  87 87
  88 88
  89 89
  90 90
  91 91
  92 92
  93 93
  94 94
  95 95
  96 96
  97 97
  98 98
  99 99
  100 100
  101 101
  102 102
  103 103
  104 104
  105 105
  106 106
  107 107
  108 108
  109 109
  110 110
  111 111
  112 112
  113 113
  114 114
  115 115
  116 116
  117 117
  118 118
  119 119
  120 120
  121 121
  122 122
  123 123
  124 124
  125 125
  126 126
  127 127
  128 128
  129 129
  130 130
  131 131
  132 132
  133 133
  134 134
  135 135
  136 136
  137 137
  138 138
  139 139
  140 140
  141 141
  142 142
  143 143
  144 144
  145 145
  146 146
  147 147
  148 148
  149 149
  150 150
  151 151
  152 152
  153 153
  154 154
  155 155
  156 156
  157 157
  158 158
  159 159
  160 160
  161 161
  162 162
  163 163
  164 164
  165 165
  166 166
  167 167
  168 168
  169 169
  170 170
  171 171
  172 172
  173 173
  174 174
  175 175
  176 176
  177 177
  178 178
  179 179
  180 180
  181 181
  182 182
  183 183
  184 184
  185 185
  186 186
  187 187
  188 188
  189 189
  190 190
  191 191
  192 192
  193 193
  194 194
  195 195
  196 196
  197 197
  198 198
COMMENT: TIMESTEP: 1
ORDERS_SECTION
  1 2 3 4 5 6
  2 7 8 9
  3 10 11 12 13 14 15 16 17
  4 18 19 20
  5 21 22
  6 23 24 25 26 27 28 29
  7 30 31 32 33
  8 34 35 36 37
  9 38 39 40 41
  10 42 43 44 45 46 47 48
  11 49 50 51
  12 52 53
  13 54 55 56
  14 57 58 59 60 61 62
  15 63 64 65
  16 66 67 68 69 70 71 72 73
  17 74 75 76 77 78 79 80 81
  18 82 83
  19 84 85 86 87 88 89
  20 90 91 92 93
  21 94 95
  22 96 97 98 99 100 101 102 103
  23 104 105 106 107 108 109
  24 110 111 112 113 114 115
  25 116 117
  26 118 119 120 121 122 123
  27 124 125 126 127 128 129
  28 130 131 132
  29 133 134 135 136 137 138 139 140
  30 141 142 143 144 145
  31 146 147 148 149 150 151
  32 152 153 154 155
  33 156 157 158 159 160 161
  34 162 163
  35 164 165 166 167 168 169
  36 170 171 172
  37 173 174 175 176 177 178 179
  38 180 181 182 183 184 185 186 187
  39 188 189 190 191 192
  40 193 194 195 196 197 198
TIME_AVAIL_SECTION
  1 1
  2 1
  3 1
  4 1
  5 1
  6 1
  7 1
  8 1
  9 1
  10 1
  11 1
  12 1
  13 1
  14 1
  15 1
  16 1
  17 1
  18 1
  19 1
  20 1
  21 1
  22 1
  23 1
  24 1
  25 1
  26 1
  27 1
  28 1
  29 1
  30 1
  31 1
  32 1
  33 1
  34 1
  35 1
  36 1
  37 1
  38 1
  39 1
  40 1
EOF
