VRPTEST 1.0
COMMENT: descr: Modified tsplib for the OBP
COMMENT: Best known objective: 411.0
COMMENT: Computational time (s): 0.035
NAME: c50_0886
NUM_DEPOTS: 2
NUM_CAPACITIES: 1
NUM_VISITS: 50
NUM_LOCATIONS: 100
NUM_VEHICLES: 3
CAPACITIES: 4
DATA_SECTION
DEPOTS
  0
  1
LOCATION_COORD_SECTION
  0 35 70
  1 50 70
  2 67 57
  3 64 55
  4 65 50
  5 61 68
  6 69 55
  7 62 64
  8 70 47
  9 71 53
  10 58 59
  11 63 60
  12 58 63
  13 64 62
  14 58 56
  15 65 49
  16 75 50
  17 59 46
  18 65 56
  19 19 48
  20 20 59
  21 20 60
  22 19 51
  23 15 52
  24 15 54
  25 17 60
  26 23 65
  27 14 50
  28 20 47
  29 22 64
  30 13 51
  31 14 46
  32 13 49
  33 21 43
  34 14 39
  35 15 25
  36 15 40
  37 19 39
  38 13 29
  39 20 26
  40 16 34
  41 13 26
  42 11 34
  43 69 41
  44 59 44
  45 59 30
  46 60 31
  47 58 45
  48 65 33
  49 61 34
  50 59 38
  51 70 44
  52 10 10
  53 10 30
  54 12 30
  55 12 10
  56 16 10
  57 16 30
  58 18 30
  59 18 10
  60 22 10
  61 22 30
  62 24 30
  63 24 10
  64 10 36
  65 10 56
  66 12 56
  67 12 36
  68 16 36
  69 16 56
  70 18 56
  71 18 36
  72 22 36
  73 22 56
  74 24 56
  75 24 36
  76 60 10
  77 60 30
  78 62 30
  79 62 10
  80 66 10
  81 66 30
  82 68 30
  83 68 10
  84 72 10
  85 72 30
  86 74 30
  87 74 10
  88 60 36
  89 60 56
  90 62 56
  91 62 36
  92 66 36
  93 66 56
  94 68 56
  95 68 36
  96 72 36
  97 72 56
  98 74 56
  99 74 36
VISIT_LOCATION_SECTION
  2 2
  3 3
  4 4
  5 5
  6 6
  7 7
  8 8
  9 9
  10 10
  11 11
  12 12
  13 13
  14 14
  15 15
  16 16
  17 17
  18 18
  19 19
  20 20
  21 21
  22 22
  23 23
  24 24
  25 25
  26 26
  27 27
  28 28
  29 29
  30 30
  31 31
  32 32
  33 33
  34 34
  35 35
  36 36
  37 37
  38 38
  39 39
  40 40
  41 41
  42 42
  43 43
  44 44
  45 45
  46 46
  47 47
  48 48
  49 49
  50 50
  51 51
COMMENT: TIMESTEP: 1
ORDERS_SECTION
  1 2 3 4 5
  2 6 7 8 9 10 11
  3 12 13 14 15 16 17 18
  4 19 20 21 22
  5 23 24 25 26 27
  6 28 29 30 31 32
  7 33 34
  8 35 36 37 38 39 40 41 42
  9 43 44 45 46
  10 47 48 49 50 51
TIME_AVAIL_SECTION
  1 1
  2 1
  3 1
  4 1
  5 1
  6 1
  7 1
  8 1
  9 1
  10 1
OBSTACLES
  1 52 53 54 55
  2 56 57 58 59
  3 60 61 62 63
  4 64 65 66 67
  5 68 69 70 71
  6 72 73 74 75
  7 76 77 78 79
  8 80 81 82 83
  9 84 85 86 87
  10 88 89 90 91
  11 92 93 94 95
  12 96 97 98 99
EOF
