VRPTEST 1.0
COMMENT: descr: Modified tsplib for the OBP
COMMENT: Best known objective: 1212.0
COMMENT: Computational time (s): 0.074
NAME: c105_1735
NUM_DEPOTS: 2
NUM_CAPACITIES: 1
NUM_VISITS: 105
NUM_LOCATIONS: 175
NUM_VEHICLES: 6
CAPACITIES: 4
DATA_SECTION
DEPOTS
  0
  1
LOCATION_COORD_SECTION
  0 70 40
  1 65 60
  2 40 73
  3 44 43
  4 44 57
  5 48 51
  6 32 57
  7 40 67
  8 44 69
  9 40 51
  10 40 61
  11 48 57
  12 44 67
  13 32 67
  14 40 49
  15 44 45
  16 32 69
  17 36 63
  18 36 57
  19 48 63
  20 40 57
  21 40 69
  22 48 61
  23 32 73
  24 48 49
  25 40 43
  26 36 69
  27 44 63
  28 40 63
  29 32 63
  30 40 55
  31 44 61
  32 44 51
  33 36 73
  34 44 55
  35 21 28
  36 33 20
  37 33 24
  38 37 20
  39 19 24
  40 21 24
  41 25 28
  42 33 12
  43 19 20
  44 27 20
  45 45 20
  46 45 12
  47 39 20
  48 43 12
  49 39 28
  50 39 24
  51 39 16
  52 27 28
  53 43 20
  54 44 39
  55 27 12
  56 43 24
  57 27 16
  58 37 12
  59 25 20
  60 49 12
  61 73 24
  62 67 28
  63 67 20
  64 61 16
  65 55 16
  66 55 28
  67 69 20
  68 63 28
  69 61 12
  70 69 24
  71 63 20
  72 51 28
  73 63 24
  74 57 28
  75 57 12
  76 49 24
  77 57 16
  78 61 28
  79 48 43
  80 63 16
  81 49 28
  82 69 28
  83 51 16
  84 45 28
  85 28 45
  86 20 39
  87 16 49
  88 24 69
  89 20 45
  90 36 51
  91 36 49
  92 24 61
  93 28 43
  94 28 61
  95 28 73
  96 28 55
  97 36 45
  98 20 57
  99 32 45
  100 36 39
  101 28 67
  102 24 55
  103 20 51
  104 36 43
  105 12 45
  106 32 49
  107 10 10
  108 10 30
  109 12 30
  110 12 10
  111 16 10
  112 16 30
  113 18 30
  114 18 10
  115 22 10
  116 22 30
  117 24 30
  118 24 10
  119 28 10
  120 28 30
  121 30 30
  122 30 10
  123 34 10
  124 34 30
  125 36 30
  126 36 10
  127 40 10
  128 40 30
  129 42 30
  130 42 10
  131 46 10
  132 46 30
  133 48 30
  134 48 10
  135 52 10
  136 52 30
  137 54 30
  138 54 10
  139 58 10
  140 58 30
  141 60 30
  142 60 10
  143 64 10
  144 64 30
  145 66 30
  146 66 10
  147 70 10
  148 70 30
  149 72 30
  150 72 10
  151 10 40
  152 10 42
  153 50 42
  154 50 40
  155 10 46
  156 10 48
  157 50 48
  158 50 46
  159 10 52
  160 10 54
  161 50 54
  162 50 52
  163 10 58
  164 10 60
  165 50 60
  166 50 58
  167 10 64
  168 10 66
  169 50 66
  170 50 64
  171 10 70
  172 10 72
  173 50 72
  174 50 70
VISIT_LOCATION_SECTION
  2 2
  3 3
  4 4
  5 5
  6 6
  7 7
  8 8
  9 9
  10 10
  11 11
  12 12
  13 13
  14 14
  15 15
  16 16
  17 17
  18 18
  19 19
  20 20
  21 21
  22 22
  23 23
  24 24
  25 25
  26 26
  27 27
  28 28
  29 29
  30 30
  31 31
  32 32
  33 33
  34 34
  35 35
  36 36
  37 37
  38 38
  39 39
  40 40
  41 41
  42 42
  43 43
  44 44
  45 45
  46 46
  47 47
  48 48
  49 49
  50 50
  51 51
  52 52
  53 53
  54 54
  55 55
  56 56
  57 57
  58 58
  59 59
  60 60
  61 61
  62 62
  63 63
  64 64
  65 65
  66 66
  67 67
  68 68
  69 69
  70 70
  71 71
  72 72
  73 73
  74 74
  75 75
  76 76
  77 77
  78 78
  79 79
  80 80
  81 81
  82 82
  83 83
  84 84
  85 85
  86 86
  87 87
  88 88
  89 89
  90 90
  91 91
  92 92
  93 93
  94 94
  95 95
  96 96
  97 97
  98 98
  99 99
  100 100
  101 101
  102 102
  103 103
  104 104
  105 105
  106 106
COMMENT: TIMESTEP: 1
ORDERS_SECTION
  1 2 3 4
  2 5 6 7 8 9 10 11 12
  3 13 14 15 16 17 18
  4 19 20 21 22 23 24 25 26
  5 27 28 29 30 31 32 33 34
  6 35 36 37 38 39 40
  7 41 42 43 44 45
  8 46 47 48 49 50
  9 51 52 53 54 55
  10 56 57 58 59
  11 60 61 62
  12 63 64 65 66 67
  13 68 69 70 71
  14 72 73 74 75 76 77 78 79
  15 80 81 82 83 84
  16 85 86 87 88 89 90
  17 91 92 93 94
  18 95 96 97 98 99 100 101
  19 102 103 104
  20 105 106
TIME_AVAIL_SECTION
  1 1
  2 1
  3 1
  4 1
  5 1
  6 1
  7 1
  8 1
  9 1
  10 1
  11 1
  12 1
  13 1
  14 1
  15 1
  16 1
  17 1
  18 1
  19 1
  20 1
OBSTACLES
  1 107 108 109 110
  2 111 112 113 114
  3 115 116 117 118
  4 119 120 121 122
  5 123 124 125 126
  6 127 128 129 130
  7 131 132 133 134
  8 135 136 137 138
  9 139 140 141 142
  10 143 144 145 146
  11 147 148 149 150
  12 151 152 153 154
  13 155 156 157 158
  14 159 160 161 162
  15 163 164 165 166
  16 167 168 169 170
  17 171 172 173 174
EOF
