VRPTEST 1.0
COMMENT: descr: Modified tsplib for the OBP
COMMENT: Best known objective: 2161.0
COMMENT: Computational time (s): 0.101
NAME: c140_0714
NUM_DEPOTS: 2
NUM_CAPACITIES: 1
NUM_VISITS: 140
NUM_LOCATIONS: 230
NUM_VEHICLES: 11
CAPACITIES: 4
DATA_SECTION
DEPOTS
  0
  1
LOCATION_COORD_SECTION
  0 5 30
  1 5 15
  2 16 57
  3 20 49
  4 20 67
  5 24 39
  6 12 43
  7 12 51
  8 16 45
  9 16 49
  10 24 63
  11 16 63
  12 24 43
  13 24 69
  14 16 55
  15 8 55
  16 28 39
  17 28 45
  18 24 45
  19 24 67
  20 28 69
  21 20 45
  22 12 49
  23 16 39
  24 8 51
  25 28 57
  26 24 49
  27 20 61
  28 20 63
  29 16 43
  30 20 39
  31 24 57
  32 16 61
  33 20 51
  34 8 49
  35 24 55
  36 28 49
  37 28 55
  38 28 43
  39 24 61
  40 28 63
  41 60 28
  42 66 16
  43 72 20
  44 56 20
  45 50 24
  46 62 28
  47 56 12
  48 56 24
  49 72 28
  50 66 20
  51 44 20
  52 54 28
  53 50 20
  54 54 24
  55 50 12
  56 44 12
  57 60 24
  58 62 16
  59 48 24
  60 56 28
  61 66 24
  62 44 16
  63 56 16
  64 66 12
  65 68 12
  66 54 16
  67 60 12
  68 68 28
  69 60 20
  70 50 16
  71 50 28
  72 62 20
  73 68 24
  74 54 20
  75 24 24
  76 36 24
  77 32 12
  78 32 24
  79 20 24
  80 38 28
  81 18 24
  82 48 28
  83 30 20
  84 42 24
  85 38 12
  86 32 20
  87 32 16
  88 44 24
  89 30 24
  90 20 28
  91 42 12
  92 42 20
  93 36 20
  94 38 20
  95 14 28
  96 36 12
  97 44 28
  98 24 20
  99 24 28
  100 30 28
  101 30 12
  102 30 16
  103 38 16
  104 18 28
  105 38 24
  106 40 39
  107 36 16
  108 42 28
  109 42 16
  110 26 16
  111 32 28
  112 52 67
  113 56 63
  114 68 51
  115 56 57
  116 60 39
  117 48 55
  118 44 55
  119 52 55
  120 52 39
  121 44 43
  122 56 39
  123 60 57
  124 44 49
  125 48 63
  126 60 55
  127 56 61
  128 44 39
  129 72 45
  130 52 45
  131 48 49
  132 52 51
  133 48 45
  134 48 61
  135 64 51
  136 44 51
  137 72 43
  138 52 63
  139 68 49
  140 48 57
  141 52 61
  142 15 10
  143 15 30
  144 17 30
  145 17 10
  146 21 10
  147 21 30
  148 23 30
  149 23 10
  150 27 10
  151 27 30
  152 29 30
  153 29 10
  154 33 10
  155 33 30
  156 35 30
  157 35 10
  158 39 10
  159 39 30
  160 41 30
  161 41 10
  162 45 10
  163 45 30
  164 47 30
  165 47 10
  166 51 10
  167 51 30
  168 53 30
  169 53 10
  170 57 10
  171 57 30
  172 59 30
  173 59 10
  174 63 10
  175 63 30
  176 65 30
  177 65 10
  178 69 10
  179 69 30
  180 71 30
  181 71 10
  182 5 40
  183 5 42
  184 30 42
  185 30 40
  186 5 46
  187 5 48
  188 31 48
  189 31 46
  190 5 52
  191 5 54
  192 32 54
  193 32 52
  194 5 58
  195 5 60
  196 33 60
  197 33 58
  198 5 64
  199 5 66
  200 34 66
  201 34 64
  202 5 70
  203 5 72
  204 35 72
  205 35 70
  206 40 40
  207 40 42
  208 75 42
  209 75 40
  210 41 46
  211 41 48
  212 75 48
  213 75 46
  214 42 52
  215 42 54
  216 75 54
  217 75 52
  218 43 58
  219 43 60
  220 75 60
  221 75 58
  222 44 64
  223 44 66
  224 75 66
  225 75 64
  226 45 70
  227 45 72
  228 75 72
  229 75 70
VISIT_LOCATION_SECTION
  2 2
  3 3
  4 4
  5 5
  6 6
  7 7
  8 8
  9 9
  10 10
  11 11
  12 12
  13 13
  14 14
  15 15
  16 16
  17 17
  18 18
  19 19
  20 20
  21 21
  22 22
  23 23
  24 24
  25 25
  26 26
  27 27
  28 28
  29 29
  30 30
  31 31
  32 32
  33 33
  34 34
  35 35
  36 36
  37 37
  38 38
  39 39
  40 40
  41 41
  42 42
  43 43
  44 44
  45 45
  46 46
  47 47
  48 48
  49 49
  50 50
  51 51
  52 52
  53 53
  54 54
  55 55
  56 56
  57 57
  58 58
  59 59
  60 60
  61 61
  62 62
  63 63
  64 64
  65 65
  66 66
  67 67
  68 68
  69 69
  70 70
  71 71
  72 72
  73 73
  74 74
  75 75
  76 76
  77 77
  78 78
  79 79
  80 80
  81 81
  82 82
  83 83
  84 84
  85 85
  86 86
  87 87
  88 88
  89 89
  90 90
  91 91
  92 92
  93 93
  94 94
  95 95
  96 96
  97 97
  98 98
  99 99
  100 100
  101 101
  102 102
  103 103
  104 104
  105 105
  106 106
  107 107
  108 108
  109 109
  110 110
  111 111
  112 112
  113 113
  114 114
  115 115
  116 116
  117 117
  118 118
  119 119
  120 120
  121 121
  122 122
  123 123
  124 124
  125 125
  126 126
  127 127
  128 128
  129 129
  130 130
  131 131
  132 132
  133 133
  134 134
  135 135
  136 136
  137 137
  138 138
  139 139
  140 140
  141 141
COMMENT: TIMESTEP: 1
ORDERS_SECTION
  1 2 3 4 5
  2 6 7 8 9 10
  3 11 12 13 14
  4 15 16 17 18 19
  5 20 21 22 23
  6 24 25 26
  7 27 28 29 30
  8 31 32 33 34
  9 35 36 37
  10 38 39 40
  11 41 42 43
  12 44 45 46 47
  13 48 49 50 51 52
  14 53 54
  15 55 56
  16 57 58 59
  17 60 61 62 63
  18 64 65 66
  19 67 68 69 70
  20 71 72 73 74
  21 75 76 77 78
  22 79 80 81 82 83
  23 84 85
  24 86 87 88 89 90
  25 91 92 93 94 95
  26 96 97 98
  27 99 100 101
  28 102 103 104
  29 105 106
  30 107 108 109 110 111
  31 112 113
  32 114 115
  33 116 117 118
  34 119 120
  35 121 122
  36 123 124 125 126 127
  37 128 129 130
  38 131 132
  39 133 134 135 136 137
  40 138 139 140 141
TIME_AVAIL_SECTION
  1 1
  2 1
  3 1
  4 1
  5 1
  6 1
  7 1
  8 1
  9 1
  10 1
  11 1
  12 1
  13 1
  14 1
  15 1
  16 1
  17 1
  18 1
  19 1
  20 1
  21 1
  22 1
  23 1
  24 1
  25 1
  26 1
  27 1
  28 1
  29 1
  30 1
  31 1
  32 1
  33 1
  34 1
  35 1
  36 1
  37 1
  38 1
  39 1
  40 1
OBSTACLES
  1 142 143 144 145
  2 146 147 148 149
  3 150 151 152 153
  4 154 155 156 157
  5 158 159 160 161
  6 162 163 164 165
  7 166 167 168 169
  8 170 171 172 173
  9 174 175 176 177
  10 178 179 180 181
  11 182 183 184 185
  12 186 187 188 189
  13 190 191 192 193
  14 194 195 196 197
  15 198 199 200 201
  16 202 203 204 205
  17 206 207 208 209
  18 210 211 212 213
  19 214 215 216 217
  20 218 219 220 221
  21 222 223 224 225
  22 226 227 228 229
EOF
