VRPTEST 1.0
COMMENT: descr: Modified tsplib for the OBP
COMMENT: Best known objective: 1565.0
COMMENT: Computational time (s): 0.085
NAME: c136_25d3
NUM_DEPOTS: 2
NUM_CAPACITIES: 1
NUM_VISITS: 136
NUM_LOCATIONS: 206
NUM_VEHICLES: 8
CAPACITIES: 4
DATA_SECTION
DEPOTS
  0
  1
LOCATION_COORD_SECTION
  0 70 40
  1 65 60
  2 57 28
  3 57 24
  4 57 16
  5 63 28
  6 61 28
  7 67 16
  8 61 16
  9 57 20
  10 73 20
  11 55 28
  12 63 24
  13 69 20
  14 63 20
  15 57 12
  16 67 20
  17 55 12
  18 51 20
  19 61 12
  20 73 12
  21 55 20
  22 69 16
  23 51 12
  24 55 24
  25 61 20
  26 69 24
  27 69 28
  28 61 24
  29 51 16
  30 67 24
  31 55 16
  32 73 16
  33 69 12
  34 67 12
  35 67 28
  36 63 12
  37 73 24
  38 44 45
  39 36 51
  40 32 51
  41 20 55
  42 28 55
  43 48 45
  44 36 55
  45 36 63
  46 12 51
  47 24 55
  48 40 39
  49 36 57
  50 20 51
  51 44 51
  52 48 55
  53 16 51
  54 40 45
  55 32 45
  56 16 45
  57 32 55
  58 28 49
  59 32 63
  60 40 61
  61 44 61
  62 40 51
  63 32 69
  64 28 51
  65 40 57
  66 32 57
  67 36 45
  68 44 43
  69 48 43
  70 32 39
  71 16 55
  72 20 45
  73 44 55
  74 24 43
  75 36 49
  76 44 39
  77 31 20
  78 33 12
  79 49 28
  80 37 24
  81 39 28
  82 43 20
  83 43 12
  84 33 24
  85 49 16
  86 49 24
  87 45 12
  88 49 20
  89 43 24
  90 43 28
  91 45 28
  92 45 24
  93 33 28
  94 45 20
  95 37 20
  96 39 24
  97 31 12
  98 37 16
  99 39 12
  100 31 16
  101 39 16
  102 33 20
  103 31 24
  104 15 28
  105 9 16
  106 13 20
  107 15 20
  108 15 24
  109 31 28
  110 19 20
  111 19 12
  112 27 12
  113 13 28
  114 19 16
  115 21 28
  116 27 20
  117 20 43
  118 9 24
  119 13 16
  120 19 24
  121 9 20
  122 16 43
  123 12 39
  124 21 20
  125 16 39
  126 27 16
  127 15 16
  128 25 16
  129 13 24
  130 25 24
  131 27 28
  132 20 39
  133 25 20
  134 25 12
  135 13 12
  136 24 39
  137 15 12
  138 10 10
  139 10 30
  140 12 30
  141 12 10
  142 16 10
  143 16 30
  144 18 30
  145 18 10
  146 22 10
  147 22 30
  148 24 30
  149 24 10
  150 28 10
  151 28 30
  152 30 30
  153 30 10
  154 34 10
  155 34 30
  156 36 30
  157 36 10
  158 40 10
  159 40 30
  160 42 30
  161 42 10
  162 46 10
  163 46 30
  164 48 30
  165 48 10
  166 52 10
  167 52 30
  168 54 30
  169 54 10
  170 58 10
  171 58 30
  172 60 30
  173 60 10
  174 64 10
  175 64 30
  176 66 30
  177 66 10
  178 70 10
  179 70 30
  180 72 30
  181 72 10
  182 10 40
  183 10 42
  184 50 42
  185 50 40
  186 10 46
  187 10 48
  188 50 48
  189 50 46
  190 10 52
  191 10 54
  192 50 54
  193 50 52
  194 10 58
  195 10 60
  196 50 60
  197 50 58
  198 10 64
  199 10 66
  200 50 66
  201 50 64
  202 10 70
  203 10 72
  204 50 72
  205 50 70
VISIT_LOCATION_SECTION
  2 2
  3 3
  4 4
  5 5
  6 6
  7 7
  8 8
  9 9
  10 10
  11 11
  12 12
  13 13
  14 14
  15 15
  16 16
  17 17
  18 18
  19 19
  20 20
  21 21
  22 22
  23 23
  24 24
  25 25
  26 26
  27 27
  28 28
  29 29
  30 30
  31 31
  32 32
  33 33
  34 34
  35 35
  36 36
  37 37
  38 38
  39 39
  40 40
  41 41
  42 42
  43 43
  44 44
  45 45
  46 46
  47 47
  48 48
  49 49
  50 50
  51 51
  52 52
  53 53
  54 54
  55 55
  56 56
  57 57
  58 58
  59 59
  60 60
  61 61
  62 62
  63 63
  64 64
  65 65
  66 66
  67 67
  68 68
  69 69
  70 70
  71 71
  72 72
  73 73
  74 74
  75 75
  76 76
  77 77
  78 78
  79 79
  80 80
  81 81
  82 82
  83 83
  84 84
  85 85
  86 86
  87 87
  88 88
  89 89
  90 90
  91 91
  92 92
  93 93
  94 94
  95 95
  96 96
  97 97
  98 98
  99 99
  100 100
  101 101
  102 102
  103 103
  104 104
  105 105
  106 106
  107 107
  108 108
  109 109
  110 110
  111 111
  112 112
  113 113
  114 114
  115 115
  116 116
  117 117
  118 118
  119 119
  120 120
  121 121
  122 122
  123 123
  124 124
  125 125
  126 126
  127 127
  128 128
  129 129
  130 130
  131 131
  132 132
  133 133
  134 134
  135 135
  136 136
  137 137
COMMENT: TIMESTEP: 1
ORDERS_SECTION
  1 2 3 4 5
  2 6 7 8 9 10
  3 11 12 13
  4 14 15 16 17
  5 18 19 20
  6 21 22 23
  7 24 25 26 27 28 29 30
  8 31 32 33 34 35 36 37
  9 38 39 40 41
  10 42 43 44 45
  11 46 47
  12 48 49 50 51 52 53
  13 54 55 56 57 58 59
  14 60 61 62 63 64 65
  15 66 67
  16 68 69 70 71 72 73 74 75
  17 76 77 78 79 80 81 82
  18 83 84
  19 85 86 87 88
  20 89 90
  21 91 92 93 94 95 96
  22 97 98 99
  23 100 101 102 103
  24 104 105 106 107 108 109 110 111
  25 112 113 114 115 116 117 118 119
  26 120 121
  27 122 123 124 125
  28 126 127 128 129 130 131
  29 132 133
  30 134 135 136 137
TIME_AVAIL_SECTION
  1 1
  2 1
  3 1
  4 1
  5 1
  6 1
  7 1
  8 1
  9 1
  10 1
  11 1
  12 1
  13 1
  14 1
  15 1
  16 1
  17 1
  18 1
  19 1
  20 1
  21 1
  22 1
  23 1
  24 1
  25 1
  26 1
  27 1
  28 1
  29 1
  30 1
OBSTACLES
  1 138 139 140 141
  2 142 143 144 145
  3 146 147 148 149
  4 150 151 152 153
  5 154 155 156 157
  6 158 159 160 161
  7 162 163 164 165
  8 166 167 168 169
  9 170 171 172 173
  10 174 175 176 177
  11 178 179 180 181
  12 182 183 184 185
  13 186 187 188 189
  14 190 191 192 193
  15 194 195 196 197
  16 198 199 200 201
  17 202 203 204 205
EOF
