VRPTEST 1.0
COMMENT: descr: Modified tsplib for the OBP
COMMENT: Best known objective: 645.49
COMMENT: Computational time (s): 0.137048
NAME: c78_e973
NUM_CAPACITIES: 1
NUM_VISITS: 78
NUM_VEHICLES: 4
CAPACITIES: 4
DATA_SECTION
DEPOTS
  0
  1
VISIT_LOCATION_SECTION
  2 340
  3 277
  4 32
  5 81
  6 10
  7 217
  8 138
  9 141
  10 245
  11 104
  12 427
  13 359
  14 100
  15 265
  16 196
  17 67
  18 304
  19 207
  20 406
  21 229
  22 9
  23 419
  24 423
  25 255
  26 142
  27 144
  28 97
  29 185
  30 218
  31 326
  32 189
  33 96
  34 130
  35 276
  36 462
  37 388
  38 12
  39 372
  40 122
  41 123
  42 108
  43 121
  44 146
  45 318
  46 183
  47 214
  48 430
  49 102
  50 239
  51 65
  52 77
  53 224
  54 15
  55 48
  56 392
  57 98
  58 464
  59 44
  60 325
  61 283
  62 26
  63 242
  64 387
  65 471
  66 324
  67 356
  68 175
  69 413
  70 76
  71 168
  72 380
  73 261
  74 221
  75 113
  76 272
  77 54
  78 174
  79 238
COMMENT: TIMESTEP: 1
ORDERS_SECTION
  1 2 3 4 5 6 7
  2 8 9 10 11 12 13 14
  3 15 16 17 18 19 20 21 22 23
  4 24 25 26 27
  5 28 29 30 31 32 33 34
  6 35 36 37 38 39 40 41 42
  7 43 44 45 46 47 48 49
  8 50 51 52 53 54 55
  9 56 57 58
  10 59 60 61 62 63 64 65 66
  11 67 68 69 70 71
  12 72 73 74 75 76 77 78 79
TIME_AVAIL_SECTION
  1 1
  2 1
  3 1
  4 1
  5 1
  6 1
  7 1
  8 1
  9 1
  10 1
  11 1
  12 1
EOF
