VRPTEST 1.0
COMMENT: descr: Modified tsplib for the OBP
COMMENT: Best known objective: 923.379
COMMENT: Computational time (s): 0.208212
NAME: c106_78b3
NUM_CAPACITIES: 1
NUM_VISITS: 106
NUM_VEHICLES: 4
CAPACITIES: 4
DATA_SECTION
DEPOTS
  0
  1
VISIT_LOCATION_SECTION
  2 369
  3 418
  4 332
  5 215
  6 224
  7 151
  8 89
  9 318
  10 6
  11 406
  12 446
  13 390
  14 396
  15 55
  16 27
  17 182
  18 322
  19 195
  20 42
  21 82
  22 201
  23 84
  24 79
  25 16
  26 260
  27 457
  28 157
  29 229
  30 101
  31 434
  32 339
  33 130
  34 4
  35 3
  36 444
  37 301
  38 2
  39 355
  40 223
  41 173
  42 103
  43 249
  44 74
  45 138
  46 139
  47 100
  48 467
  49 468
  50 289
  51 321
  52 422
  53 12
  54 384
  55 313
  56 184
  57 465
  58 209
  59 305
  60 448
  61 126
  62 104
  63 114
  64 159
  65 110
  66 207
  67 10
  68 222
  69 290
  70 119
  71 320
  72 423
  73 375
  74 78
  75 400
  76 294
  77 200
  78 257
  79 14
  80 71
  81 416
  82 170
  83 280
  84 94
  85 190
  86 19
  87 307
  88 153
  89 336
  90 206
  91 296
  92 368
  93 115
  94 140
  95 134
  96 367
  97 399
  98 350
  99 282
  100 40
  101 53
  102 308
  103 443
  104 86
  105 44
  106 52
  107 188
COMMENT: TIMESTEP: 1
ORDERS_SECTION
  1 2 3 4 5 6 7 8 9 10 11 12 13
  2 14 15 16 17 18 19 20 21 22 23
  3 24 25 26 27 28 29 30 31 32 33 34 35
  4 36 37 38
  5 39 40 41 42 43 44 45
  6 46 47
  7 48 49 50 51 52 53 54 55
  8 56 57 58 59 60 61
  9 62 63 64 65 66 67 68 69 70 71 72
  10 73 74 75 76 77 78
  11 79 80 81 82 83 84 85 86
  12 87 88 89 90 91 92 93 94
  13 95 96 97 98 99
  14 100 101 102 103 104 105 106 107
TIME_AVAIL_SECTION
  1 1
  2 1
  3 1
  4 1
  5 1
  6 1
  7 1
  8 1
  9 1
  10 1
  11 1
  12 1
  13 1
  14 1
EOF
