VRPTEST 1.0
COMMENT: descr: Modified tsplib for the OBP
COMMENT: Best known objective: 976.0
COMMENT: Computational time (s): 0.501
NAME: c219_14c2
NUM_DEPOTS: 2
NUM_CAPACITIES: 1
NUM_VISITS: 219
NUM_LOCATIONS: 221
NUM_VEHICLES: 7
CAPACITIES: 5
DATA_SECTION
DEPOTS
  0
  1
LOCATION_COORD_SECTION
  0 5 30
  1 5 50
  2 32 45
  3 45 42
  4 50 33
  5 27 42
  6 42 35
  7 30 33
  8 44 32
  9 38 42
  10 41 29
  11 43 35
  12 30 24
  13 36 34
  14 47 29
  15 30 25
  16 35 33
  17 39 25
  18 45 35
  19 31 12
  20 38 43
  21 31 23
  22 46 42
  23 37 29
  24 44 43
  25 28 35
  26 37 43
  27 48 39
  28 31 32
  29 30 28
  30 44 46
  31 41 38
  32 34 35
  33 44 39
  34 39 45
  35 46 30
  36 38 24
  37 30 34
  38 42 32
  39 42 31
  40 51 37
  41 34 24
  42 35 16
  43 37 30
  44 39 31
  45 49 40
  46 38 23
  47 45 43
  48 44 31
  49 33 40
  50 35 29
  51 29 42
  52 46 32
  53 31 35
  54 42 40
  55 35 21
  56 36 36
  57 45 33
  58 25 64
  59 28 55
  60 46 64
  61 30 57
  62 27 72
  63 34 52
  64 45 67
  65 16 65
  66 38 65
  67 16 69
  68 36 51
  69 30 69
  70 37 73
  71 42 56
  72 25 67
  73 35 66
  74 28 61
  75 34 61
  76 7 57
  77 11 57
  78 40 59
  79 6 59
  80 31 56
  81 15 60
  82 23 69
  83 26 59
  84 28 65
  85 49 59
  86 7 61
  87 9 58
  88 25 56
  89 38 63
  90 34 56
  91 19 59
  92 17 71
  93 42 55
  94 49 60
  95 33 56
  96 30 67
  97 23 73
  98 31 67
  99 39 51
  100 40 57
  101 23 68
  102 36 74
  103 12 62
  104 39 66
  105 28 57
  106 20 70
  107 34 74
  108 9 61
  109 16 58
  110 29 67
  111 35 72
  112 29 61
  113 22 61
  114 39 52
  115 33 57
  116 37 61
  117 19 53
  118 22 45
  119 16 52
  120 10 42
  121 22 50
  122 25 50
  123 7 51
  124 12 56
  125 7 55
  126 23 43
  127 5 42
  128 26 47
  129 22 39
  130 43 49
  131 5 41
  132 21 40
  133 28 45
  134 8 41
  135 20 46
  136 12 43
  137 8 43
  138 10 40
  139 16 41
  140 12 44
  141 5 47
  142 22 54
  143 17 42
  144 14 54
  145 13 41
  146 24 53
  147 32 47
  148 12 47
  149 28 44
  150 21 41
  151 13 54
  152 19 40
  153 13 56
  154 21 53
  155 17 45
  156 24 42
  157 12 48
  158 8 50
  159 8 56
  160 15 42
  161 24 50
  162 17 54
  163 21 49
  164 13 49
  165 23 45
  166 20 18
  167 16 36
  168 27 26
  169 21 14
  170 11 37
  171 20 15
  172 6 34
  173 25 17
  174 14 32
  175 23 35
  176 15 31
  177 21 21
  178 18 19
  179 23 22
  180 17 27
  181 29 23
  182 13 36
  183 28 16
  184 21 38
  185 15 18
  186 8 30
  187 14 38
  188 19 21
  189 15 22
  190 10 32
  191 24 13
  192 25 22
  193 22 26
  194 29 12
  195 22 18
  196 25 25
  197 11 22
  198 21 33
  199 10 26
  200 18 15
  201 13 25
  202 28 22
  203 18 36
  204 25 34
  205 9 33
  206 29 19
  207 20 28
  208 7 29
  209 27 23
  210 24 33
  211 16 21
  212 18 32
  213 20 20
  214 10 28
  215 11 30
  216 23 34
  217 14 33
  218 18 27
  219 17 21
  220 27 13
VISIT_LOCATION_SECTION
  2 2
  3 3
  4 4
  5 5
  6 6
  7 7
  8 8
  9 9
  10 10
  11 11
  12 12
  13 13
  14 14
  15 15
  16 16
  17 17
  18 18
  19 19
  20 20
  21 21
  22 22
  23 23
  24 24
  25 25
  26 26
  27 27
  28 28
  29 29
  30 30
  31 31
  32 32
  33 33
  34 34
  35 35
  36 36
  37 37
  38 38
  39 39
  40 40
  41 41
  42 42
  43 43
  44 44
  45 45
  46 46
  47 47
  48 48
  49 49
  50 50
  51 51
  52 52
  53 53
  54 54
  55 55
  56 56
  57 57
  58 58
  59 59
  60 60
  61 61
  62 62
  63 63
  64 64
  65 65
  66 66
  67 67
  68 68
  69 69
  70 70
  71 71
  72 72
  73 73
  74 74
  75 75
  76 76
  77 77
  78 78
  79 79
  80 80
  81 81
  82 82
  83 83
  84 84
  85 85
  86 86
  87 87
  88 88
  89 89
  90 90
  91 91
  92 92
  93 93
  94 94
  95 95
  96 96
  97 97
  98 98
  99 99
  100 100
  101 101
  102 102
  103 103
  104 104
  105 105
  106 106
  107 107
  108 108
  109 109
  110 110
  111 111
  112 112
  113 113
  114 114
  115 115
  116 116
  117 117
  118 118
  119 119
  120 120
  121 121
  122 122
  123 123
  124 124
  125 125
  126 126
  127 127
  128 128
  129 129
  130 130
  131 131
  132 132
  133 133
  134 134
  135 135
  136 136
  137 137
  138 138
  139 139
  140 140
  141 141
  142 142
  143 143
  144 144
  145 145
  146 146
  147 147
  148 148
  149 149
  150 150
  151 151
  152 152
  153 153
  154 154
  155 155
  156 156
  157 157
  158 158
  159 159
  160 160
  161 161
  162 162
  163 163
  164 164
  165 165
  166 166
  167 167
  168 168
  169 169
  170 170
  171 171
  172 172
  173 173
  174 174
  175 175
  176 176
  177 177
  178 178
  179 179
  180 180
  181 181
  182 182
  183 183
  184 184
  185 185
  186 186
  187 187
  188 188
  189 189
  190 190
  191 191
  192 192
  193 193
  194 194
  195 195
  196 196
  197 197
  198 198
  199 199
  200 200
  201 201
  202 202
  203 203
  204 204
  205 205
  206 206
  207 207
  208 208
  209 209
  210 210
  211 211
  212 212
  213 213
  214 214
  215 215
  216 216
  217 217
  218 218
  219 219
  220 220
COMMENT: TIMESTEP: 1
ORDERS_SECTION
  1 2 3 4 5 6
  2 7 8 9 10 11 12 13 14
  3 15 16 17 18 19 20 21 22 23
  4 24 25 26 27 28 29 30 31
  5 32 33 34 35 36 37 38 39
  6 40 41
  7 42 43 44 45 46 47 48 49 50 51 52 53 54
  8 55 56 57
  9 58 59 60 61 62 63
  10 64 65 66 67 68 69 70 71 72 73 74 75 76
  11 77 78 79 80 81 82 83 84 85 86 87
  12 88 89 90
  13 91 92 93
  14 94 95 96 97 98
  15 99 100 101 102 103 104 105 106 107 108 109 110 111
  16 112 113 114 115 116
  17 117 118 119 120 121 122 123 124 125 126
  18 127 128
  19 129 130 131 132
  20 133 134 135 136 137 138 139 140 141
  21 142 143 144 145 146 147 148 149 150
  22 151 152 153 154
  23 155 156 157 158 159 160 161 162 163 164 165
  24 166 167 168 169
  25 170 171 172 173 174 175 176 177 178
  26 179 180
  27 181 182 183 184 185 186 187 188 189 190 191 192
  28 193 194 195 196 197 198 199 200 201 202 203 204 205
  29 206 207 208 209 210 211 212
  30 213 214 215 216 217 218 219 220
TIME_AVAIL_SECTION
  1 1
  2 1
  3 1
  4 1
  5 1
  6 1
  7 1
  8 1
  9 1
  10 1
  11 1
  12 1
  13 1
  14 1
  15 1
  16 1
  17 1
  18 1
  19 1
  20 1
  21 1
  22 1
  23 1
  24 1
  25 1
  26 1
  27 1
  28 1
  29 1
  30 1
EOF
