VRPTEST 1.0
COMMENT: descr: Modified tsplib for the OBP
COMMENT: Best known objective: 1022.0
COMMENT: Computational time (s): 0.148
NAME: c173_06bf
NUM_DEPOTS: 2
NUM_CAPACITIES: 1
NUM_VISITS: 173
NUM_LOCATIONS: 179
NUM_VEHICLES: 6
CAPACITIES: 4
DATA_SECTION
DEPOTS
  0
  1
LOCATION_COORD_SECTION
  0 5 20
  1 5 50
  2 48 40
  3 34 24
  4 44 38
  5 40 29
  6 23 35
  7 43 33
  8 27 40
  9 28 31
  10 28 38
  11 19 39
  12 40 18
  13 46 28
  14 40 26
  15 33 27
  16 41 23
  17 46 33
  18 36 22
  19 41 20
  20 40 33
  21 24 33
  22 47 25
  23 47 36
  24 42 37
  25 43 21
  26 39 26
  27 40 38
  28 42 39
  29 38 40
  30 44 41
  31 22 40
  32 38 20
  33 40 40
  34 46 23
  35 27 32
  36 31 37
  37 40 34
  38 35 27
  39 40 25
  40 42 29
  41 34 33
  42 31 40
  43 41 26
  44 75 41
  45 60 15
  46 70 23
  47 56 41
  48 73 42
  49 57 22
  50 58 32
  51 70 37
  52 76 41
  53 54 41
  54 69 29
  55 69 41
  56 66 33
  57 64 36
  58 55 20
  59 57 16
  60 67 32
  61 61 39
  62 64 32
  63 48 22
  64 74 33
  65 49 34
  66 49 26
  67 51 23
  68 66 31
  69 68 25
  70 72 29
  71 75 33
  72 63 18
  73 74 37
  74 74 31
  75 77 36
  76 66 37
  77 58 16
  78 49 35
  79 54 38
  80 58 13
  81 63 22
  82 55 28
  83 55 25
  84 75 28
  85 51 19
  86 63 38
  87 71 36
  88 48 24
  89 61 31
  90 59 32
  91 74 41
  92 56 19
  93 52 29
  94 70 26
  95 69 38
  96 78 33
  97 50 45
  98 47 52
  99 55 71
  100 62 70
  101 51 63
  102 68 47
  103 64 49
  104 62 54
  105 48 54
  106 65 44
  107 58 73
  108 51 65
  109 66 60
  110 58 56
  111 50 54
  112 67 64
  113 64 62
  114 63 64
  115 49 63
  116 53 53
  117 50 57
  118 52 56
  119 52 66
  120 64 65
  121 46 51
  122 55 56
  123 54 69
  124 47 49
  125 51 46
  126 52 60
  127 76 47
  128 55 44
  129 59 44
  130 28 42
  131 35 45
  132 33 42
  133 40 54
  134 31 57
  135 36 41
  136 29 54
  137 33 59
  138 33 53
  139 18 41
  140 21 41
  141 44 62
  142 25 46
  143 35 59
  144 22 48
  145 43 56
  146 44 48
  147 36 61
  148 44 56
  149 26 43
  150 32 44
  151 48 44
  152 39 46
  153 30 45
  154 37 43
  155 36 55
  156 51 42
  157 45 45
  158 40 46
  159 43 48
  160 40 47
  161 20 46
  162 39 47
  163 24 45
  164 47 42
  165 28 49
  166 21 43
  167 36 42
  168 33 56
  169 50 44
  170 42 48
  171 42 62
  172 42 55
  173 28 50
  174 23 41
  175 10 10
  176 10 60
  177 12 60
  178 12 10
VISIT_LOCATION_SECTION
  2 2
  3 3
  4 4
  5 5
  6 6
  7 7
  8 8
  9 9
  10 10
  11 11
  12 12
  13 13
  14 14
  15 15
  16 16
  17 17
  18 18
  19 19
  20 20
  21 21
  22 22
  23 23
  24 24
  25 25
  26 26
  27 27
  28 28
  29 29
  30 30
  31 31
  32 32
  33 33
  34 34
  35 35
  36 36
  37 37
  38 38
  39 39
  40 40
  41 41
  42 42
  43 43
  44 44
  45 45
  46 46
  47 47
  48 48
  49 49
  50 50
  51 51
  52 52
  53 53
  54 54
  55 55
  56 56
  57 57
  58 58
  59 59
  60 60
  61 61
  62 62
  63 63
  64 64
  65 65
  66 66
  67 67
  68 68
  69 69
  70 70
  71 71
  72 72
  73 73
  74 74
  75 75
  76 76
  77 77
  78 78
  79 79
  80 80
  81 81
  82 82
  83 83
  84 84
  85 85
  86 86
  87 87
  88 88
  89 89
  90 90
  91 91
  92 92
  93 93
  94 94
  95 95
  96 96
  97 97
  98 98
  99 99
  100 100
  101 101
  102 102
  103 103
  104 104
  105 105
  106 106
  107 107
  108 108
  109 109
  110 110
  111 111
  112 112
  113 113
  114 114
  115 115
  116 116
  117 117
  118 118
  119 119
  120 120
  121 121
  122 122
  123 123
  124 124
  125 125
  126 126
  127 127
  128 128
  129 129
  130 130
  131 131
  132 132
  133 133
  134 134
  135 135
  136 136
  137 137
  138 138
  139 139
  140 140
  141 141
  142 142
  143 143
  144 144
  145 145
  146 146
  147 147
  148 148
  149 149
  150 150
  151 151
  152 152
  153 153
  154 154
  155 155
  156 156
  157 157
  158 158
  159 159
  160 160
  161 161
  162 162
  163 163
  164 164
  165 165
  166 166
  167 167
  168 168
  169 169
  170 170
  171 171
  172 172
  173 173
  174 174
COMMENT: TIMESTEP: 1
ORDERS_SECTION
  1 2 3 4 5 6 7 8 9 10 11 12 13
  2 14 15 16
  3 17 18 19 20 21 22 23 24 25 26 27 28 29
  4 30 31 32 33 34 35 36 37 38 39
  5 40 41 42 43
  6 44 45 46 47 48 49 50 51 52 53 54 55
  7 56 57 58 59 60 61 62
  8 63 64 65 66 67 68 69 70 71 72 73
  9 74 75 76 77 78 79 80 81 82 83 84 85 86
  10 87 88 89 90 91 92 93 94 95 96
  11 97 98 99 100 101 102 103 104
  12 105 106 107 108 109
  13 110 111 112 113 114 115 116
  14 117 118 119 120 121 122 123 124 125 126 127
  15 128 129
  16 130 131 132 133 134 135 136 137 138 139 140 141 142 143 144
  17 145 146 147 148 149 150 151
  18 152 153 154 155 156 157 158
  19 159 160 161
  20 162 163 164 165 166 167 168 169 170 171 172 173 174
TIME_AVAIL_SECTION
  1 1
  2 1
  3 1
  4 1
  5 1
  6 1
  7 1
  8 1
  9 1
  10 1
  11 1
  12 1
  13 1
  14 1
  15 1
  16 1
  17 1
  18 1
  19 1
  20 1
OBSTACLES
  1 175 176 177 178
EOF
