VRPTEST 1.0
COMMENT: descr: Modified tsplib for the OBP
COMMENT: Best known objective: 1328.0
COMMENT: Computational time (s): 0.041
NAME: c78_21af
NUM_DEPOTS: 2
NUM_CAPACITIES: 1
NUM_VISITS: 78
NUM_LOCATIONS: 155
NUM_VEHICLES: 8
CAPACITIES: 2
DATA_SECTION
DEPOTS
  0
  1
LOCATION_COORD_SECTION
  0 32 5
  1 45 5
  2 27 56
  3 21 48
  4 25 16
  5 33 16
  6 21 40
  7 15 24
  8 37 52
  9 33 40
  10 19 28
  11 13 20
  12 33 48
  13 31 20
  14 15 28
  15 27 44
  16 21 28
  17 27 52
  18 57 56
  19 27 20
  20 25 20
  21 37 24
  22 31 52
  23 33 28
  24 39 20
  25 31 44
  26 25 44
  27 25 48
  28 19 20
  29 21 24
  30 25 24
  31 13 28
  32 13 40
  33 37 28
  34 21 44
  35 27 16
  36 51 52
  37 43 52
  38 51 24
  39 51 44
  40 57 40
  41 45 20
  42 57 44
  43 57 28
  44 45 28
  45 45 56
  46 63 24
  47 15 56
  48 67 28
  49 37 40
  50 43 48
  51 51 56
  52 49 28
  53 45 40
  54 55 24
  55 51 48
  56 51 40
  57 55 40
  58 63 40
  59 39 48
  60 39 52
  61 39 44
  62 45 48
  63 51 20
  64 49 48
  65 55 52
  66 49 56
  67 10 10
  68 10 30
  69 12 30
  70 12 10
  71 16 10
  72 16 30
  73 18 30
  74 18 10
  75 22 10
  76 22 30
  77 24 30
  78 24 10
  79 28 10
  80 28 30
  81 30 30
  82 30 10
  83 34 10
  84 34 30
  85 36 30
  86 36 10
  87 40 10
  88 40 30
  89 42 30
  90 42 10
  91 46 10
  92 46 30
  93 48 30
  94 48 10
  95 52 10
  96 52 30
  97 54 30
  98 54 10
  99 58 10
  100 58 30
  101 60 30
  102 60 10
  103 64 10
  104 64 30
  105 66 30
  106 66 10
  107 70 10
  108 70 30
  109 72 30
  110 72 10
  111 10 40
  112 10 60
  113 12 60
  114 12 40
  115 16 40
  116 16 60
  117 18 60
  118 18 40
  119 22 40
  120 22 60
  121 24 60
  122 24 40
  123 28 40
  124 28 60
  125 30 60
  126 30 40
  127 34 40
  128 34 60
  129 36 60
  130 36 40
  131 40 40
  132 40 60
  133 42 60
  134 42 40
  135 46 40
  136 46 60
  137 48 60
  138 48 40
  139 52 40
  140 52 60
  141 54 60
  142 54 40
  143 58 40
  144 58 60
  145 60 60
  146 60 40
  147 64 40
  148 64 60
  149 66 60
  150 66 40
  151 70 40
  152 70 60
  153 72 60
  154 72 40
VISIT_LOCATION_SECTION
  2 2
  3 3
  4 4
  5 5
  6 6
  7 7
  8 8
  9 9
  10 10
  11 11
  12 12
  13 13
  14 14
  15 15
  16 16
  17 17
  18 18
  19 19
  20 20
  21 21
  22 22
  23 23
  24 24
  25 25
  26 26
  27 27
  28 28
  29 29
  30 30
  31 31
  32 32
  33 33
  34 34
  35 35
  36 36
  37 37
  38 38
  39 39
  40 40
  41 41
  42 42
  43 43
  44 44
  45 45
  46 46
  47 47
  48 48
  49 49
  50 50
  51 51
  52 52
  53 53
  54 54
  55 55
  56 56
  57 57
  58 58
  59 59
  60 60
  61 61
  62 62
  63 63
  64 64
  65 65
  66 66
COMMENT: TIMESTEP: 1
ORDERS_SECTION
  1 2 3 4 5 6 7 23 2
  2 8 9 10 11
  3 12 13 14 15 16 53
  4 17 18 23
  5 19 20 21 22 44 26
  6 23 24 25
  7 26 27 28 29
  8 30 31 32 33
  9 34 35 36 37 38 20
  10 39 40 41 42 43
  11 44 45 46 47 48 45 23
  12 49 50 51 52 53 54
  13 55 56 57 58 59 23 46
  14 60 61 62
  15 63 64 65 66 24 47
TIME_AVAIL_SECTION
  1 1
  2 1
  3 1
  4 1
  5 1
  6 1
  7 1
  8 1
  9 1
  10 1
  11 1
  12 1
  13 1
  14 1
  15 1
OBSTACLES
  1 67 68 69 70
  2 71 72 73 74
  3 75 76 77 78
  4 79 80 81 82
  5 83 84 85 86
  6 87 88 89 90
  7 91 92 93 94
  8 95 96 97 98
  9 99 100 101 102
  10 103 104 105 106
  11 107 108 109 110
  12 111 112 113 114
  13 115 116 117 118
  14 119 120 121 122
  15 123 124 125 126
  16 127 128 129 130
  17 131 132 133 134
  18 135 136 137 138
  19 139 140 141 142
  20 143 144 145 146
  21 147 148 149 150
  22 151 152 153 154
EOF
