VRPTEST 1.0
COMMENT: descr: Modified tsplib for the OBP
COMMENT: Best known objective: 687.0
COMMENT: Computational time (s): 0.098
NAME: c149_2551
NUM_DEPOTS: 2
NUM_CAPACITIES: 1
NUM_VISITS: 149
NUM_LOCATIONS: 151
NUM_VEHICLES: 5
CAPACITIES: 5
DATA_SECTION
DEPOTS
  0
  1
LOCATION_COORD_SECTION
  0 5 30
  1 5 50
  2 28 55
  3 39 51
  4 28 57
  5 30 57
  6 13 54
  7 25 67
  8 19 70
  9 29 61
  10 6 53
  11 42 50
  12 22 70
  13 9 52
  14 28 61
  15 7 57
  16 28 65
  17 15 60
  18 42 49
  19 24 60
  20 15 51
  21 19 59
  22 22 54
  23 41 50
  24 23 69
  25 29 56
  26 24 66
  27 25 54
  28 11 57
  29 14 69
  30 25 64
  31 7 56
  32 22 50
  33 24 50
  34 7 51
  35 13 56
  36 16 65
  37 22 67
  38 8 56
  39 26 69
  40 43 50
  41 20 72
  42 21 49
  43 15 61
  44 16 68
  45 16 52
  46 51 72
  47 62 47
  48 58 70
  49 47 47
  50 63 41
  51 67 53
  52 44 57
  53 71 54
  54 52 68
  55 57 45
  56 62 41
  57 55 68
  58 61 68
  59 59 68
  60 50 51
  61 39 58
  62 51 59
  63 61 64
  64 37 61
  65 50 44
  66 75 54
  67 55 43
  68 64 74
  69 58 45
  70 58 60
  71 53 60
  72 61 40
  73 62 75
  74 55 45
  75 60 69
  76 49 69
  77 44 46
  78 12 48
  79 23 35
  80 12 47
  81 23 45
  82 39 45
  83 15 31
  84 8 43
  85 14 33
  86 22 36
  87 27 43
  88 13 33
  89 25 48
  90 20 46
  91 10 40
  92 27 48
  93 12 44
  94 28 45
  95 18 42
  96 6 42
  97 14 32
  98 23 47
  99 28 44
  100 33 44
  101 21 43
  102 13 36
  103 9 33
  104 5 41
  105 22 45
  106 21 41
  107 29 42
  108 17 45
  109 22 39
  110 18 32
  111 16 41
  112 19 40
  113 16 36
  114 15 42
  115 19 37
  116 27 42
  117 8 47
  118 6 38
  119 10 32
  120 14 38
  121 19 39
  122 32 45
  123 22 26
  124 49 36
  125 19 21
  126 29 19
  127 51 37
  128 50 36
  129 33 40
  130 25 22
  131 27 13
  132 50 26
  133 25 17
  134 48 26
  135 50 33
  136 28 22
  137 43 19
  138 34 9
  139 42 31
  140 54 31
  141 25 15
  142 40 12
  143 20 20
  144 44 43
  145 37 29
  146 44 32
  147 38 41
  148 34 17
  149 20 28
  150 40 17
VISIT_LOCATION_SECTION
  2 2
  3 3
  4 4
  5 5
  6 6
  7 7
  8 8
  9 9
  10 10
  11 11
  12 12
  13 13
  14 14
  15 15
  16 16
  17 17
  18 18
  19 19
  20 20
  21 21
  22 22
  23 23
  24 24
  25 25
  26 26
  27 27
  28 28
  29 29
  30 30
  31 31
  32 32
  33 33
  34 34
  35 35
  36 36
  37 37
  38 38
  39 39
  40 40
  41 41
  42 42
  43 43
  44 44
  45 45
  46 46
  47 47
  48 48
  49 49
  50 50
  51 51
  52 52
  53 53
  54 54
  55 55
  56 56
  57 57
  58 58
  59 59
  60 60
  61 61
  62 62
  63 63
  64 64
  65 65
  66 66
  67 67
  68 68
  69 69
  70 70
  71 71
  72 72
  73 73
  74 74
  75 75
  76 76
  77 77
  78 78
  79 79
  80 80
  81 81
  82 82
  83 83
  84 84
  85 85
  86 86
  87 87
  88 88
  89 89
  90 90
  91 91
  92 92
  93 93
  94 94
  95 95
  96 96
  97 97
  98 98
  99 99
  100 100
  101 101
  102 102
  103 103
  104 104
  105 105
  106 106
  107 107
  108 108
  109 109
  110 110
  111 111
  112 112
  113 113
  114 114
  115 115
  116 116
  117 117
  118 118
  119 119
  120 120
  121 121
  122 122
  123 123
  124 124
  125 125
  126 126
  127 127
  128 128
  129 129
  130 130
  131 131
  132 132
  133 133
  134 134
  135 135
  136 136
  137 137
  138 138
  139 139
  140 140
  141 141
  142 142
  143 143
  144 144
  145 145
  146 146
  147 147
  148 148
  149 149
  150 150
COMMENT: TIMESTEP: 1
ORDERS_SECTION
  1 2 3 4 5 6 7 8 9 10 11 12
  2 13 14 15 16 17 18
  3 19 20 21 22
  4 23 24 25 26 27 28 29 30 31 32
  5 33 34 35 36 37 38 39 40 41 42 43 44 45
  6 46 47 48 49
  7 50 51 52 53 54 55 56 57
  8 58 59
  9 60 61 62 63 64 65 66 67 68 69 70
  10 71 72 73 74 75 76
  11 77 78 79 80 81 82 83 84 85 86 87 88
  12 89 90 91 92 93 94 95 96 97 98 99 100 101
  13 102 103 104
  14 105 106 107 108 109
  15 110 111 112 113 114 115 116 117 118 119 120 121 122
  16 123 124 125 126 127 128 129 130
  17 131 132 133 134 135 136 137
  18 138 139 140 141 142
  19 143 144 145
  20 146 147 148 149 150
TIME_AVAIL_SECTION
  1 1
  2 1
  3 1
  4 1
  5 1
  6 1
  7 1
  8 1
  9 1
  10 1
  11 1
  12 1
  13 1
  14 1
  15 1
  16 1
  17 1
  18 1
  19 1
  20 1
EOF
