VRPTEST 1.0
COMMENT: descr: Modified tsplib for the OBP
COMMENT: Best known objective: 480.0
COMMENT: Computational time (s): 0.039
NAME: c45_0553
NUM_DEPOTS: 2
NUM_CAPACITIES: 1
NUM_VISITS: 45
NUM_LOCATIONS: 135
NUM_VEHICLES: 2
CAPACITIES: 8
DATA_SECTION
DEPOTS
  0
  1
LOCATION_COORD_SECTION
  0 5 30
  1 5 15
  2 20 24
  3 24 24
  4 18 20
  5 32 24
  6 26 12
  7 32 20
  8 30 24
  9 20 16
  10 18 24
  11 30 20
  12 54 28
  13 48 28
  14 60 28
  15 56 20
  16 68 28
  17 60 24
  18 50 28
  19 60 20
  20 56 16
  21 56 63
  22 52 57
  23 48 63
  24 56 61
  25 52 49
  26 44 55
  27 60 57
  28 56 51
  29 48 57
  30 52 67
  31 48 55
  32 48 45
  33 52 61
  34 52 51
  35 44 51
  36 48 51
  37 44 28
  38 44 24
  39 50 20
  40 50 16
  41 42 20
  42 48 16
  43 42 28
  44 42 24
  45 50 24
  46 42 12
  47 15 10
  48 15 30
  49 17 30
  50 17 10
  51 21 10
  52 21 30
  53 23 30
  54 23 10
  55 27 10
  56 27 30
  57 29 30
  58 29 10
  59 33 10
  60 33 30
  61 35 30
  62 35 10
  63 39 10
  64 39 30
  65 41 30
  66 41 10
  67 45 10
  68 45 30
  69 47 30
  70 47 10
  71 51 10
  72 51 30
  73 53 30
  74 53 10
  75 57 10
  76 57 30
  77 59 30
  78 59 10
  79 63 10
  80 63 30
  81 65 30
  82 65 10
  83 69 10
  84 69 30
  85 71 30
  86 71 10
  87 5 40
  88 5 42
  89 30 42
  90 30 40
  91 5 46
  92 5 48
  93 31 48
  94 31 46
  95 5 52
  96 5 54
  97 32 54
  98 32 52
  99 5 58
  100 5 60
  101 33 60
  102 33 58
  103 5 64
  104 5 66
  105 34 66
  106 34 64
  107 5 70
  108 5 72
  109 35 72
  110 35 70
  111 40 40
  112 40 42
  113 75 42
  114 75 40
  115 41 46
  116 41 48
  117 75 48
  118 75 46
  119 42 52
  120 42 54
  121 75 54
  122 75 52
  123 43 58
  124 43 60
  125 75 60
  126 75 58
  127 44 64
  128 44 66
  129 75 66
  130 75 64
  131 45 70
  132 45 72
  133 75 72
  134 75 70
VISIT_LOCATION_SECTION
  2 2
  3 3
  4 4
  5 5
  6 6
  7 7
  8 8
  9 9
  10 10
  11 11
  12 12
  13 13
  14 14
  15 15
  16 16
  17 17
  18 18
  19 19
  20 20
  21 21
  22 22
  23 23
  24 24
  25 25
  26 26
  27 27
  28 28
  29 29
  30 30
  31 31
  32 32
  33 33
  34 34
  35 35
  36 36
  37 37
  38 38
  39 39
  40 40
  41 41
  42 42
  43 43
  44 44
  45 45
  46 46
COMMENT: TIMESTEP: 1
ORDERS_SECTION
  1 2 3 4
  2 5 6
  3 7 8 9 10 11
  4 12 13 14 15
  5 16 17
  6 18 19 20
  7 21 22 23 24 25
  8 26 27 28 29 30
  9 31 32 33 34 35 36
  10 37 38 39 40
  11 41 42 43 44
  12 45 46
TIME_AVAIL_SECTION
  1 1
  2 1
  3 1
  4 1
  5 1
  6 1
  7 1
  8 1
  9 1
  10 1
  11 1
  12 1
OBSTACLES
  1 47 48 49 50
  2 51 52 53 54
  3 55 56 57 58
  4 59 60 61 62
  5 63 64 65 66
  6 67 68 69 70
  7 71 72 73 74
  8 75 76 77 78
  9 79 80 81 82
  10 83 84 85 86
  11 87 88 89 90
  12 91 92 93 94
  13 95 96 97 98
  14 99 100 101 102
  15 103 104 105 106
  16 107 108 109 110
  17 111 112 113 114
  18 115 116 117 118
  19 119 120 121 122
  20 123 124 125 126
  21 127 128 129 130
  22 131 132 133 134
EOF
