VRPTEST 1.0
COMMENT: descr: Modified tsplib for the OBP
COMMENT: Best known objective: 658.0
COMMENT: Computational time (s): 0.033
NAME: c62_20bd
NUM_DEPOTS: 2
NUM_CAPACITIES: 1
NUM_VISITS: 62
NUM_LOCATIONS: 112
NUM_VEHICLES: 6
CAPACITIES: 4
DATA_SECTION
DEPOTS
  0
  1
LOCATION_COORD_SECTION
  0 35 70
  1 50 70
  2 69 55
  3 59 62
  4 58 63
  5 65 56
  6 58 67
  7 58 56
  8 59 66
  9 65 61
  10 63 54
  11 64 56
  12 63 60
  13 64 62
  14 64 65
  15 59 30
  16 65 14
  17 59 10
  18 65 30
  19 58 23
  20 63 22
  21 58 13
  22 58 16
  23 64 32
  24 59 27
  25 63 18
  26 61 31
  27 66 31
  28 63 23
  29 67 32
  30 69 29
  31 63 15
  32 58 38
  33 70 44
  34 63 51
  35 59 42
  36 64 37
  37 69 41
  38 59 50
  39 65 44
  40 64 49
  41 58 45
  42 59 38
  43 65 50
  44 59 44
  45 70 47
  46 59 39
  47 22 31
  48 13 26
  49 19 14
  50 15 32
  51 13 24
  52 13 20
  53 21 20
  54 23 32
  55 25 28
  56 23 35
  57 19 36
  58 16 33
  59 15 25
  60 20 21
  61 19 31
  62 20 36
  63 19 19
  64 10 10
  65 10 30
  66 12 30
  67 12 10
  68 16 10
  69 16 30
  70 18 30
  71 18 10
  72 22 10
  73 22 30
  74 24 30
  75 24 10
  76 10 36
  77 10 56
  78 12 56
  79 12 36
  80 16 36
  81 16 56
  82 18 56
  83 18 36
  84 22 36
  85 22 56
  86 24 56
  87 24 36
  88 60 10
  89 60 30
  90 62 30
  91 62 10
  92 66 10
  93 66 30
  94 68 30
  95 68 10
  96 72 10
  97 72 30
  98 74 30
  99 74 10
  100 60 36
  101 60 56
  102 62 56
  103 62 36
  104 66 36
  105 66 56
  106 68 56
  107 68 36
  108 72 36
  109 72 56
  110 74 56
  111 74 36
VISIT_LOCATION_SECTION
  2 2
  3 3
  4 4
  5 5
  6 6
  7 7
  8 8
  9 9
  10 10
  11 11
  12 12
  13 13
  14 14
  15 15
  16 16
  17 17
  18 18
  19 19
  20 20
  21 21
  22 22
  23 23
  24 24
  25 25
  26 26
  27 27
  28 28
  29 29
  30 30
  31 31
  32 32
  33 33
  34 34
  35 35
  36 36
  37 37
  38 38
  39 39
  40 40
  41 41
  42 42
  43 43
  44 44
  45 45
  46 46
  47 47
  48 48
  49 49
  50 50
  51 51
  52 52
  53 53
  54 54
  55 55
  56 56
  57 57
  58 58
  59 59
  60 60
  61 61
  62 62
  63 63
COMMENT: TIMESTEP: 1
ORDERS_SECTION
  1 2 3 4
  2 5 6 7
  3 8 9 10
  4 11 12
  5 13 14
  6 15 16 17 18
  7 19 20 21
  8 22 23 24 25
  9 26 27 28 29
  10 30 31
  11 32 33 34
  12 35 36
  13 37 38 39 40
  14 41 42 43
  15 44 45 46
  16 47 48
  17 49 50 51 52
  18 53 54 55 56
  19 57 58 59 60
  20 61 62 63
TIME_AVAIL_SECTION
  1 1
  2 1
  3 1
  4 1
  5 1
  6 1
  7 1
  8 1
  9 1
  10 1
  11 1
  12 1
  13 1
  14 1
  15 1
  16 1
  17 1
  18 1
  19 1
  20 1
OBSTACLES
  1 64 65 66 67
  2 68 69 70 71
  3 72 73 74 75
  4 76 77 78 79
  5 80 81 82 83
  6 84 85 86 87
  7 88 89 90 91
  8 92 93 94 95
  9 96 97 98 99
  10 100 101 102 103
  11 104 105 106 107
  12 108 109 110 111
EOF
