VRPTEST 1.0
COMMENT: descr: Modified tsplib for the OBP
COMMENT: Best known objective: 786.0
COMMENT: Computational time (s): 0.071
NAME: c144_1d18
NUM_DEPOTS: 2
NUM_CAPACITIES: 1
NUM_VISITS: 144
NUM_LOCATIONS: 146
NUM_VEHICLES: 6
CAPACITIES: 4
DATA_SECTION
DEPOTS
  0
  1
LOCATION_COORD_SECTION
  0 5 30
  1 5 50
  2 37 73
  3 40 59
  4 58 53
  5 46 42
  6 30 69
  7 51 59
  8 61 56
  9 42 40
  10 32 71
  11 45 56
  12 28 56
  13 33 57
  14 51 72
  15 37 47
  16 52 53
  17 30 57
  18 39 52
  19 20 57
  20 38 48
  21 45 67
  22 50 44
  23 34 74
  24 52 56
  25 45 58
  26 52 59
  27 28 57
  28 50 72
  29 47 43
  30 36 34
  31 10 42
  32 17 34
  33 23 34
  34 21 49
  35 6 42
  36 31 35
  37 7 29
  38 31 32
  39 23 35
  40 24 50
  41 28 44
  42 16 48
  43 21 38
  44 6 38
  45 25 48
  46 35 33
  47 23 56
  48 22 50
  49 9 29
  50 11 37
  51 26 53
  52 22 36
  53 9 33
  54 17 45
  55 12 47
  56 34 35
  57 15 31
  58 25 32
  59 21 54
  60 14 38
  61 10 40
  62 21 40
  63 19 37
  64 44 6
  65 45 15
  66 46 32
  67 38 17
  68 40 17
  69 57 30
  70 36 14
  71 54 31
  72 42 9
  73 37 29
  74 49 15
  75 40 14
  76 61 23
  77 44 39
  78 39 15
  79 49 17
  80 45 33
  81 42 18
  82 43 35
  83 42 31
  84 62 21
  85 65 20
  86 62 27
  87 49 13
  88 38 23
  89 57 27
  90 44 13
  91 65 21
  92 48 25
  93 34 17
  94 53 19
  95 51 24
  96 45 18
  97 49 36
  98 41 29
  99 38 14
  100 53 25
  101 35 24
  102 21 21
  103 7 11
  104 22 18
  105 11 22
  106 23 6
  107 25 5
  108 13 9
  109 22 12
  110 10 22
  111 20 7
  112 19 11
  113 25 22
  114 11 12
  115 15 22
  116 15 28
  117 14 8
  118 23 22
  119 18 7
  120 25 23
  121 10 24
  122 30 25
  123 25 17
  124 26 5
  125 7 21
  126 21 11
  127 28 22
  128 18 18
  129 23 19
  130 6 18
  131 10 17
  132 21 14
  133 29 12
  134 16 21
  135 27 26
  136 6 19
  137 20 10
  138 18 19
  139 13 13
  140 29 23
  141 30 24
  142 14 23
  143 5 22
  144 20 18
  145 20 15
VISIT_LOCATION_SECTION
  2 2
  3 3
  4 4
  5 5
  6 6
  7 7
  8 8
  9 9
  10 10
  11 11
  12 12
  13 13
  14 14
  15 15
  16 16
  17 17
  18 18
  19 19
  20 20
  21 21
  22 22
  23 23
  24 24
  25 25
  26 26
  27 27
  28 28
  29 29
  30 30
  31 31
  32 32
  33 33
  34 34
  35 35
  36 36
  37 37
  38 38
  39 39
  40 40
  41 41
  42 42
  43 43
  44 44
  45 45
  46 46
  47 47
  48 48
  49 49
  50 50
  51 51
  52 52
  53 53
  54 54
  55 55
  56 56
  57 57
  58 58
  59 59
  60 60
  61 61
  62 62
  63 63
  64 64
  65 65
  66 66
  67 67
  68 68
  69 69
  70 70
  71 71
  72 72
  73 73
  74 74
  75 75
  76 76
  77 77
  78 78
  79 79
  80 80
  81 81
  82 82
  83 83
  84 84
  85 85
  86 86
  87 87
  88 88
  89 89
  90 90
  91 91
  92 92
  93 93
  94 94
  95 95
  96 96
  97 97
  98 98
  99 99
  100 100
  101 101
  102 102
  103 103
  104 104
  105 105
  106 106
  107 107
  108 108
  109 109
  110 110
  111 111
  112 112
  113 113
  114 114
  115 115
  116 116
  117 117
  118 118
  119 119
  120 120
  121 121
  122 122
  123 123
  124 124
  125 125
  126 126
  127 127
  128 128
  129 129
  130 130
  131 131
  132 132
  133 133
  134 134
  135 135
  136 136
  137 137
  138 138
  139 139
  140 140
  141 141
  142 142
  143 143
  144 144
  145 145
COMMENT: TIMESTEP: 1
ORDERS_SECTION
  1 2 3 4 5 6 7 8 9 10 11
  2 12 13
  3 14 15 16 17
  4 18 19 20 21 22 23 24 25 26 27
  5 28 29
  6 30 31 32 33 34 35 36 37 38
  7 39 40 41 42 43 44 45 46 47 48 49 50
  8 51 52 53
  9 54 55 56 57 58 59
  10 60 61 62 63
  11 64 65 66 67
  12 68 69 70 71 72 73 74 75
  13 76 77 78 79 80 81 82 83 84 85 86
  14 87 88 89 90 91 92 93 94 95
  15 96 97 98 99 100 101
  16 102 103 104 105 106 107 108 109 110 111 112 113
  17 114 115 116 117 118
  18 119 120 121 122 123 124 125 126 127 128
  19 129 130 131 132 133 134 135 136 137 138
  20 139 140 141 142 143 144 145
TIME_AVAIL_SECTION
  1 1
  2 1
  3 1
  4 1
  5 1
  6 1
  7 1
  8 1
  9 1
  10 1
  11 1
  12 1
  13 1
  14 1
  15 1
  16 1
  17 1
  18 1
  19 1
  20 1
EOF
