VRPTEST 1.0
COMMENT: descr: Modified tsplib for the OBP
COMMENT: Best known objective: 1276.0
COMMENT: Computational time (s): 0.176
NAME: c187_04e2
NUM_DEPOTS: 2
NUM_CAPACITIES: 1
NUM_VISITS: 187
NUM_LOCATIONS: 193
NUM_VEHICLES: 7
CAPACITIES: 6
DATA_SECTION
DEPOTS
  0
  1
LOCATION_COORD_SECTION
  0 5 20
  1 5 50
  2 33 70
  3 38 67
  4 41 56
  5 39 47
  6 33 53
  7 47 52
  8 31 69
  9 47 58
  10 40 70
  11 48 54
  12 40 54
  13 48 48
  14 42 55
  15 35 45
  16 48 57
  17 35 51
  18 32 68
  19 31 57
  20 44 48
  21 36 55
  22 39 46
  23 36 47
  24 36 61
  25 50 54
  26 40 46
  27 52 51
  28 37 57
  29 38 68
  30 43 65
  31 31 68
  32 46 51
  33 44 62
  34 52 56
  35 33 59
  36 43 50
  37 47 49
  38 36 64
  39 40 71
  40 40 53
  41 50 57
  42 39 56
  43 37 59
  44 45 45
  45 40 47
  46 33 56
  47 36 73
  48 49 62
  49 43 56
  50 48 60
  51 43 47
  52 32 50
  53 36 63
  54 44 56
  55 42 62
  56 59 39
  57 42 37
  58 52 29
  59 68 28
  60 54 35
  61 64 55
  62 50 45
  63 56 19
  64 61 49
  65 70 44
  66 64 36
  67 76 42
  68 44 30
  69 58 32
  70 47 36
  71 55 56
  72 76 44
  73 56 17
  74 52 22
  75 60 40
  76 57 22
  77 69 38
  78 62 54
  79 56 41
  80 59 38
  81 44 41
  82 59 32
  83 66 26
  84 70 37
  85 63 51
  86 57 20
  87 55 20
  88 46 38
  89 58 45
  90 61 39
  91 54 48
  92 49 34
  93 57 57
  94 51 46
  95 66 33
  96 61 40
  97 66 37
  98 65 49
  99 52 25
  100 59 46
  101 14 42
  102 26 26
  103 28 31
  104 21 41
  105 31 40
  106 31 38
  107 40 40
  108 18 41
  109 22 40
  110 38 40
  111 37 43
  112 40 33
  113 28 42
  114 27 32
  115 28 26
  116 24 33
  117 17 36
  118 33 42
  119 31 37
  120 27 40
  121 14 39
  122 13 37
  123 23 35
  124 43 43
  125 22 31
  126 19 39
  127 25 24
  128 29 30
  129 19 31
  130 40 34
  131 34 24
  132 45 43
  133 21 43
  134 20 34
  135 15 43
  136 16 35
  137 31 47
  138 32 22
  139 36 41
  140 23 41
  141 28 38
  142 33 27
  143 34 33
  144 7 43
  145 36 42
  146 40 38
  147 13 44
  148 22 51
  149 23 51
  150 24 63
  151 16 64
  152 20 46
  153 29 54
  154 24 67
  155 23 53
  156 18 70
  157 14 66
  158 13 58
  159 17 55
  160 23 65
  161 15 52
  162 17 52
  163 25 53
  164 27 70
  165 17 61
  166 25 76
  167 19 51
  168 23 62
  169 23 54
  170 17 60
  171 20 49
  172 22 48
  173 20 55
  174 16 50
  175 6 54
  176 7 47
  177 24 75
  178 27 59
  179 22 71
  180 20 65
  181 14 67
  182 9 60
  183 28 65
  184 25 56
  185 13 49
  186 7 57
  187 19 59
  188 19 48
  189 10 10
  190 10 60
  191 12 60
  192 12 10
VISIT_LOCATION_SECTION
  2 2
  3 3
  4 4
  5 5
  6 6
  7 7
  8 8
  9 9
  10 10
  11 11
  12 12
  13 13
  14 14
  15 15
  16 16
  17 17
  18 18
  19 19
  20 20
  21 21
  22 22
  23 23
  24 24
  25 25
  26 26
  27 27
  28 28
  29 29
  30 30
  31 31
  32 32
  33 33
  34 34
  35 35
  36 36
  37 37
  38 38
  39 39
  40 40
  41 41
  42 42
  43 43
  44 44
  45 45
  46 46
  47 47
  48 48
  49 49
  50 50
  51 51
  52 52
  53 53
  54 54
  55 55
  56 56
  57 57
  58 58
  59 59
  60 60
  61 61
  62 62
  63 63
  64 64
  65 65
  66 66
  67 67
  68 68
  69 69
  70 70
  71 71
  72 72
  73 73
  74 74
  75 75
  76 76
  77 77
  78 78
  79 79
  80 80
  81 81
  82 82
  83 83
  84 84
  85 85
  86 86
  87 87
  88 88
  89 89
  90 90
  91 91
  92 92
  93 93
  94 94
  95 95
  96 96
  97 97
  98 98
  99 99
  100 100
  101 101
  102 102
  103 103
  104 104
  105 105
  106 106
  107 107
  108 108
  109 109
  110 110
  111 111
  112 112
  113 113
  114 114
  115 115
  116 116
  117 117
  118 118
  119 119
  120 120
  121 121
  122 122
  123 123
  124 124
  125 125
  126 126
  127 127
  128 128
  129 129
  130 130
  131 131
  132 132
  133 133
  134 134
  135 135
  136 136
  137 137
  138 138
  139 139
  140 140
  141 141
  142 142
  143 143
  144 144
  145 145
  146 146
  147 147
  148 148
  149 149
  150 150
  151 151
  152 152
  153 153
  154 154
  155 155
  156 156
  157 157
  158 158
  159 159
  160 160
  161 161
  162 162
  163 163
  164 164
  165 165
  166 166
  167 167
  168 168
  169 169
  170 170
  171 171
  172 172
  173 173
  174 174
  175 175
  176 176
  177 177
  178 178
  179 179
  180 180
  181 181
  182 182
  183 183
  184 184
  185 185
  186 186
  187 187
  188 188
COMMENT: TIMESTEP: 1
ORDERS_SECTION
  1 2 3 4
  2 5 6 7 8 9
  3 10 11 12 13 14 15 16
  4 17 18 19
  5 20 21 22 23
  6 24 25 26 27
  7 28 29 30 31
  8 32 33 34 35 36 37 38 39
  9 40 41 42 43 44 45 46 47
  10 48 49 50 51 52 53 54 55
  11 56 57 58 59
  12 60 61 62 63 64 65 66
  13 67 68 69 70 71
  14 72 73 74 75 76 77 78 79
  15 80 81
  16 82 83 84 85 86 87
  17 88 89 90
  18 91 92
  19 93 94 95 96 97 98
  20 99 100
  21 101 102 103 104 105 106 107 108
  22 109 110 111 112 113
  23 114 115 116 117 118 119
  24 120 121 122 123 124
  25 125 126 127 128 129 130 131
  26 132 133 134 135
  27 136 137 138 139
  28 140 141
  29 142 143
  30 144 145 146 147
  31 148 149 150
  32 151 152 153 154 155
  33 156 157 158 159
  34 160 161 162
  35 163 164 165 166
  36 167 168 169 170
  37 171 172
  38 173 174 175 176 177
  39 178 179 180 181 182 183 184
  40 185 186 187 188
TIME_AVAIL_SECTION
  1 1
  2 1
  3 1
  4 1
  5 1
  6 1
  7 1
  8 1
  9 1
  10 1
  11 1
  12 1
  13 1
  14 1
  15 1
  16 1
  17 1
  18 1
  19 1
  20 1
  21 1
  22 1
  23 1
  24 1
  25 1
  26 1
  27 1
  28 1
  29 1
  30 1
  31 1
  32 1
  33 1
  34 1
  35 1
  36 1
  37 1
  38 1
  39 1
  40 1
OBSTACLES
  1 189 190 191 192
EOF
