VRPTEST 1.0
COMMENT: descr: Modified tsplib for the OBP
COMMENT: Best known objective: 1112.0
COMMENT: Computational time (s): 0.179145
NAME: c75_f43d
NUM_CAPACITIES: 1
NUM_VISITS: 75
NUM_VEHICLES: 7
CAPACITIES: 3
DATA_SECTION
DEPOTS
  0
  1
VISIT_LOCATION_SECTION
  2 78
  3 53
  4 101
  5 90
  6 84
  7 217
  8 111
  9 10
  10 13
  11 14
  12 16
  13 109
  14 106
  15 12
  16 62
  17 145
  18 21
  19 25
  20 43
  21 206
  22 213
  23 86
  24 104
  25 88
  26 99
  27 65
  28 39
  29 64
  30 27
  31 67
  32 156
  33 197
  34 98
  35 49
  36 8
  37 28
  38 154
  39 208
  40 87
  41 34
  42 50
  43 95
  44 214
  45 132
  46 163
  47 3
  48 107
  49 81
  50 5
  51 68
  52 76
  53 9
  54 75
  55 69
  56 79
  57 85
  58 192
  59 105
  60 83
  61 207
  62 31
  63 133
  64 60
  65 162
  66 135
  67 103
  68 218
  69 24
  70 74
  71 77
  72 47
  73 185
  74 193
  75 94
  76 212
COMMENT: TIMESTEP: 1
ORDERS_SECTION
  1 2 3
  2 4 5 6 7 8
  3 9 10 11 12
  4 13 14
  5 15 16 17 18 19 20
  6 21 22 23 24 25 26
  7 27 28 29 30 31 32
  8 33 34
  9 35 36 37 38
  10 39 40
  11 41 42
  12 43 44
  13 45 46 47
  14 48 49
  15 50 51 52 53 54 55
  16 56 57 58 59 60 61
  17 62 63 64 65 66
  18 67 68
  19 69 70 71 72
  20 73 74 75 76
TIME_AVAIL_SECTION
  1 1
  2 1
  3 1
  4 1
  5 1
  6 1
  7 1
  8 1
  9 1
  10 1
  11 1
  12 1
  13 1
  14 1
  15 1
  16 1
  17 1
  18 1
  19 1
  20 1
EOF
