VRPTEST 1.0
COMMENT: descr: Modified tsplib for the OBP
COMMENT: Best known objective: 1221.0
COMMENT: Computational time (s): 0.24230700000000002
NAME: c93_cf7b
NUM_CAPACITIES: 1
NUM_VISITS: 93
NUM_VEHICLES: 8
CAPACITIES: 3
DATA_SECTION
DEPOTS
  0
  1
VISIT_LOCATION_SECTION
  2 48
  3 69
  4 3
  5 17
  6 76
  7 8
  8 84
  9 79
  10 94
  11 98
  12 212
  13 53
  14 145
  15 19
  16 14
  17 217
  18 96
  19 109
  20 182
  21 106
  22 92
  23 45
  24 4
  25 152
  26 215
  27 90
  28 93
  29 91
  30 218
  31 21
  32 142
  33 87
  34 86
  35 101
  36 209
  37 220
  38 135
  39 52
  40 155
  41 11
  42 42
  43 195
  44 110
  45 103
  46 204
  47 74
  48 24
  49 46
  50 57
  51 60
  52 95
  53 104
  54 219
  55 192
  56 89
  57 203
  58 51
  59 10
  60 12
  61 197
  62 99
  63 81
  64 108
  65 80
  66 15
  67 68
  68 40
  69 65
  70 18
  71 132
  72 193
  73 71
  74 194
  75 208
  76 28
  77 34
  78 133
  79 23
  80 41
  81 213
  82 206
  83 100
  84 183
  85 26
  86 27
  87 75
  88 49
  89 154
  90 207
  91 97
  92 25
  93 59
  94 164
COMMENT: TIMESTEP: 1
ORDERS_SECTION
  1 2 3 4 5 6 7
  2 8 9 10 11 12
  3 13 14 15 16
  4 17 18 19 20 21 22
  5 23 24 25
  6 26 27 28 29 30
  7 31 32
  8 33 34 35 36 37
  9 38 39 40 41 42
  10 43 44 45 46
  11 47 48 49 50 51
  12 52 53 54 55 56 57
  13 58 59 60
  14 61 62 63 64 65
  15 66 67 68 69 70 71
  16 72 73 74 75
  17 76 77 78 79 80
  18 81 82 83 84
  19 85 86 87 88 89
  20 90 91
  21 92 93 94
TIME_AVAIL_SECTION
  1 1
  2 1
  3 1
  4 1
  5 1
  6 1
  7 1
  8 1
  9 1
  10 1
  11 1
  12 1
  13 1
  14 1
  15 1
  16 1
  17 1
  18 1
  19 1
  20 1
  21 1
EOF
