VRPTEST 1.0
COMMENT: descr: Modified tsplib for the OBP
COMMENT: Best known objective: 1773.0
COMMENT: Computational time (s): 0.194
NAME: c169_067e
NUM_DEPOTS: 2
NUM_CAPACITIES: 1
NUM_VISITS: 169
NUM_LOCATIONS: 259
NUM_VEHICLES: 8
CAPACITIES: 4
DATA_SECTION
DEPOTS
  0
  1
LOCATION_COORD_SECTION
  0 5 30
  1 5 15
  2 50 16
  3 68 20
  4 60 20
  5 48 20
  6 48 24
  7 68 43
  8 66 28
  9 60 24
  10 72 16
  11 62 16
  12 48 16
  13 68 16
  14 54 12
  15 66 16
  16 62 28
  17 48 28
  18 68 24
  19 54 16
  20 50 28
  21 68 12
  22 72 39
  23 56 20
  24 54 20
  25 60 12
  26 66 24
  27 56 28
  28 42 24
  29 62 24
  30 62 12
  31 44 28
  32 50 20
  33 60 16
  34 72 28
  35 54 28
  36 50 24
  37 68 28
  38 66 12
  39 72 24
  40 60 39
  41 68 39
  42 56 16
  43 64 39
  44 64 43
  45 72 20
  46 42 28
  47 60 28
  48 62 20
  49 54 24
  50 44 20
  51 20 55
  52 20 49
  53 28 43
  54 28 57
  55 20 45
  56 24 43
  57 16 49
  58 28 51
  59 24 63
  60 20 51
  61 20 39
  62 28 39
  63 16 51
  64 12 39
  65 16 55
  66 12 43
  67 8 39
  68 8 49
  69 8 45
  70 24 61
  71 24 49
  72 20 61
  73 20 57
  74 28 45
  75 24 57
  76 24 39
  77 16 45
  78 28 49
  79 12 45
  80 12 51
  81 8 43
  82 32 57
  83 16 57
  84 28 61
  85 20 43
  86 24 55
  87 12 49
  88 14 12
  89 30 16
  90 20 24
  91 24 20
  92 32 20
  93 26 24
  94 18 28
  95 18 24
  96 18 12
  97 24 24
  98 24 16
  99 24 28
  100 36 24
  101 36 28
  102 18 16
  103 14 28
  104 20 12
  105 32 24
  106 38 24
  107 14 16
  108 20 20
  109 20 16
  110 26 28
  111 30 28
  112 20 28
  113 26 20
  114 38 28
  115 14 20
  116 32 28
  117 30 20
  118 26 16
  119 18 20
  120 14 24
  121 30 24
  122 24 12
  123 26 12
  124 32 16
  125 48 43
  126 60 49
  127 52 51
  128 64 51
  129 52 61
  130 44 63
  131 44 57
  132 52 55
  133 60 55
  134 52 39
  135 52 49
  136 56 61
  137 64 49
  138 60 57
  139 44 51
  140 56 51
  141 44 61
  142 48 45
  143 44 67
  144 52 43
  145 48 55
  146 56 43
  147 68 51
  148 56 49
  149 64 55
  150 52 63
  151 44 49
  152 64 45
  153 48 61
  154 60 45
  155 56 45
  156 52 67
  157 56 55
  158 44 45
  159 60 51
  160 56 57
  161 40 39
  162 48 51
  163 44 39
  164 48 63
  165 40 43
  166 52 57
  167 56 63
  168 48 69
  169 48 49
  170 44 43
  171 15 10
  172 15 30
  173 17 30
  174 17 10
  175 21 10
  176 21 30
  177 23 30
  178 23 10
  179 27 10
  180 27 30
  181 29 30
  182 29 10
  183 33 10
  184 33 30
  185 35 30
  186 35 10
  187 39 10
  188 39 30
  189 41 30
  190 41 10
  191 45 10
  192 45 30
  193 47 30
  194 47 10
  195 51 10
  196 51 30
  197 53 30
  198 53 10
  199 57 10
  200 57 30
  201 59 30
  202 59 10
  203 63 10
  204 63 30
  205 65 30
  206 65 10
  207 69 10
  208 69 30
  209 71 30
  210 71 10
  211 5 40
  212 5 42
  213 30 42
  214 30 40
  215 5 46
  216 5 48
  217 31 48
  218 31 46
  219 5 52
  220 5 54
  221 32 54
  222 32 52
  223 5 58
  224 5 60
  225 33 60
  226 33 58
  227 5 64
  228 5 66
  229 34 66
  230 34 64
  231 5 70
  232 5 72
  233 35 72
  234 35 70
  235 40 40
  236 40 42
  237 75 42
  238 75 40
  239 41 46
  240 41 48
  241 75 48
  242 75 46
  243 42 52
  244 42 54
  245 75 54
  246 75 52
  247 43 58
  248 43 60
  249 75 60
  250 75 58
  251 44 64
  252 44 66
  253 75 66
  254 75 64
  255 45 70
  256 45 72
  257 75 72
  258 75 70
VISIT_LOCATION_SECTION
  2 2
  3 3
  4 4
  5 5
  6 6
  7 7
  8 8
  9 9
  10 10
  11 11
  12 12
  13 13
  14 14
  15 15
  16 16
  17 17
  18 18
  19 19
  20 20
  21 21
  22 22
  23 23
  24 24
  25 25
  26 26
  27 27
  28 28
  29 29
  30 30
  31 31
  32 32
  33 33
  34 34
  35 35
  36 36
  37 37
  38 38
  39 39
  40 40
  41 41
  42 42
  43 43
  44 44
  45 45
  46 46
  47 47
  48 48
  49 49
  50 50
  51 51
  52 52
  53 53
  54 54
  55 55
  56 56
  57 57
  58 58
  59 59
  60 60
  61 61
  62 62
  63 63
  64 64
  65 65
  66 66
  67 67
  68 68
  69 69
  70 70
  71 71
  72 72
  73 73
  74 74
  75 75
  76 76
  77 77
  78 78
  79 79
  80 80
  81 81
  82 82
  83 83
  84 84
  85 85
  86 86
  87 87
  88 88
  89 89
  90 90
  91 91
  92 92
  93 93
  94 94
  95 95
  96 96
  97 97
  98 98
  99 99
  100 100
  101 101
  102 102
  103 103
  104 104
  105 105
  106 106
  107 107
  108 108
  109 109
  110 110
  111 111
  112 112
  113 113
  114 114
  115 115
  116 116
  117 117
  118 118
  119 119
  120 120
  121 121
  122 122
  123 123
  124 124
  125 125
  126 126
  127 127
  128 128
  129 129
  130 130
  131 131
  132 132
  133 133
  134 134
  135 135
  136 136
  137 137
  138 138
  139 139
  140 140
  141 141
  142 142
  143 143
  144 144
  145 145
  146 146
  147 147
  148 148
  149 149
  150 150
  151 151
  152 152
  153 153
  154 154
  155 155
  156 156
  157 157
  158 158
  159 159
  160 160
  161 161
  162 162
  163 163
  164 164
  165 165
  166 166
  167 167
  168 168
  169 169
  170 170
COMMENT: TIMESTEP: 1
ORDERS_SECTION
  1 2 3 4 5 6 7 8
  2 9 10 11 12 13 14 15 16
  3 17 18 19 20
  4 21 22 23 24 25 26
  5 27 28 29 30 31 32 33 34
  6 35 36 37 38 39 40 41 42
  7 43 44 45 46
  8 47 48 49 50
  9 51 52 53 54 55
  10 56 57 58 59 60
  11 61 62
  12 63 64
  13 65 66 67 68 69 70 71
  14 72 73 74 75 76 77 78
  15 79 80 81 82 83 84 85
  16 86 87
  17 88 89 90 91 92 93 94 95
  18 96 97 98
  19 99 100 101 102 103 104 105 106
  20 107 108
  21 109 110 111 112 113
  22 114 115 116 117 118 119 120
  23 121 122 123 124
  24 125 126 127 128 129 130 131 132
  25 133 134 135 136 137
  26 138 139 140 141 142 143 144
  27 145 146 147 148 149 150 151 152
  28 153 154 155 156 157
  29 158 159 160 161 162 163
  30 164 165 166 167 168 169 170
TIME_AVAIL_SECTION
  1 1
  2 1
  3 1
  4 1
  5 1
  6 1
  7 1
  8 1
  9 1
  10 1
  11 1
  12 1
  13 1
  14 1
  15 1
  16 1
  17 1
  18 1
  19 1
  20 1
  21 1
  22 1
  23 1
  24 1
  25 1
  26 1
  27 1
  28 1
  29 1
  30 1
OBSTACLES
  1 171 172 173 174
  2 175 176 177 178
  3 179 180 181 182
  4 183 184 185 186
  5 187 188 189 190
  6 191 192 193 194
  7 195 196 197 198
  8 199 200 201 202
  9 203 204 205 206
  10 207 208 209 210
  11 211 212 213 214
  12 215 216 217 218
  13 219 220 221 222
  14 223 224 225 226
  15 227 228 229 230
  16 231 232 233 234
  17 235 236 237 238
  18 239 240 241 242
  19 243 244 245 246
  20 247 248 249 250
  21 251 252 253 254
  22 255 256 257 258
EOF
