VRPTEST 1.0
COMMENT: descr: Modified tsplib for the OBP
COMMENT: Best known objective: 2192.0
COMMENT: Computational time (s): 0.149
NAME: c195_1746
NUM_DEPOTS: 2
NUM_CAPACITIES: 1
NUM_VISITS: 195
NUM_LOCATIONS: 285
NUM_VEHICLES: 9
CAPACITIES: 4
DATA_SECTION
DEPOTS
  0
  1
LOCATION_COORD_SECTION
  0 5 30
  1 5 15
  2 44 28
  3 40 39
  4 52 57
  5 48 55
  6 56 57
  7 60 39
  8 56 45
  9 44 39
  10 40 43
  11 56 49
  12 44 57
  13 52 61
  14 52 49
  15 56 51
  16 48 51
  17 52 43
  18 48 61
  19 44 49
  20 64 51
  21 44 61
  22 48 45
  23 48 43
  24 48 63
  25 68 45
  26 56 43
  27 52 63
  28 60 51
  29 60 43
  30 56 55
  31 60 55
  32 52 45
  33 52 39
  34 42 28
  35 64 45
  36 56 39
  37 44 55
  38 64 49
  39 44 45
  40 48 57
  41 52 55
  42 52 51
  43 48 39
  44 60 45
  45 44 43
  46 60 49
  47 64 43
  48 72 43
  49 64 39
  50 48 28
  51 68 39
  52 48 49
  53 68 24
  54 50 12
  55 68 12
  56 56 12
  57 48 20
  58 56 20
  59 60 16
  60 54 20
  61 72 12
  62 68 20
  63 48 16
  64 50 20
  65 54 28
  66 72 24
  67 48 24
  68 42 20
  69 66 16
  70 62 12
  71 42 12
  72 68 16
  73 50 28
  74 60 12
  75 60 28
  76 68 28
  77 54 16
  78 42 16
  79 48 12
  80 38 20
  81 42 24
  82 62 16
  83 62 28
  84 50 24
  85 60 24
  86 66 24
  87 72 28
  88 66 20
  89 54 12
  90 62 24
  91 44 12
  92 56 16
  93 62 20
  94 56 28
  95 66 12
  96 66 28
  97 54 24
  98 44 20
  99 44 24
  100 60 20
  101 50 16
  102 56 24
  103 72 16
  104 24 69
  105 16 69
  106 16 49
  107 28 73
  108 12 43
  109 24 39
  110 28 57
  111 16 63
  112 16 45
  113 16 51
  114 16 61
  115 8 61
  116 24 57
  117 12 49
  118 12 63
  119 16 67
  120 24 55
  121 28 61
  122 12 45
  123 28 43
  124 28 51
  125 32 61
  126 12 57
  127 32 67
  128 20 63
  129 16 43
  130 28 49
  131 20 69
  132 20 51
  133 24 63
  134 16 57
  135 20 43
  136 24 73
  137 20 55
  138 28 63
  139 12 51
  140 8 51
  141 28 55
  142 8 57
  143 28 39
  144 20 61
  145 12 61
  146 28 67
  147 24 43
  148 8 49
  149 24 51
  150 24 61
  151 24 45
  152 20 57
  153 20 49
  154 20 73
  155 8 55
  156 16 55
  157 30 16
  158 36 24
  159 30 28
  160 26 12
  161 24 28
  162 26 28
  163 26 20
  164 20 39
  165 38 28
  166 20 24
  167 18 12
  168 24 20
  169 18 20
  170 32 28
  171 14 16
  172 36 16
  173 24 24
  174 30 12
  175 30 20
  176 30 24
  177 14 12
  178 24 12
  179 14 28
  180 32 16
  181 20 12
  182 20 16
  183 24 16
  184 12 39
  185 36 20
  186 20 20
  187 14 24
  188 36 28
  189 20 28
  190 32 12
  191 38 24
  192 18 16
  193 26 16
  194 18 24
  195 32 24
  196 14 20
  197 15 10
  198 15 30
  199 17 30
  200 17 10
  201 21 10
  202 21 30
  203 23 30
  204 23 10
  205 27 10
  206 27 30
  207 29 30
  208 29 10
  209 33 10
  210 33 30
  211 35 30
  212 35 10
  213 39 10
  214 39 30
  215 41 30
  216 41 10
  217 45 10
  218 45 30
  219 47 30
  220 47 10
  221 51 10
  222 51 30
  223 53 30
  224 53 10
  225 57 10
  226 57 30
  227 59 30
  228 59 10
  229 63 10
  230 63 30
  231 65 30
  232 65 10
  233 69 10
  234 69 30
  235 71 30
  236 71 10
  237 5 40
  238 5 42
  239 30 42
  240 30 40
  241 5 46
  242 5 48
  243 31 48
  244 31 46
  245 5 52
  246 5 54
  247 32 54
  248 32 52
  249 5 58
  250 5 60
  251 33 60
  252 33 58
  253 5 64
  254 5 66
  255 34 66
  256 34 64
  257 5 70
  258 5 72
  259 35 72
  260 35 70
  261 40 40
  262 40 42
  263 75 42
  264 75 40
  265 41 46
  266 41 48
  267 75 48
  268 75 46
  269 42 52
  270 42 54
  271 75 54
  272 75 52
  273 43 58
  274 43 60
  275 75 60
  276 75 58
  277 44 64
  278 44 66
  279 75 66
  280 75 64
  281 45 70
  282 45 72
  283 75 72
  284 75 70
VISIT_LOCATION_SECTION
  2 2
  3 3
  4 4
  5 5
  6 6
  7 7
  8 8
  9 9
  10 10
  11 11
  12 12
  13 13
  14 14
  15 15
  16 16
  17 17
  18 18
  19 19
  20 20
  21 21
  22 22
  23 23
  24 24
  25 25
  26 26
  27 27
  28 28
  29 29
  30 30
  31 31
  32 32
  33 33
  34 34
  35 35
  36 36
  37 37
  38 38
  39 39
  40 40
  41 41
  42 42
  43 43
  44 44
  45 45
  46 46
  47 47
  48 48
  49 49
  50 50
  51 51
  52 52
  53 53
  54 54
  55 55
  56 56
  57 57
  58 58
  59 59
  60 60
  61 61
  62 62
  63 63
  64 64
  65 65
  66 66
  67 67
  68 68
  69 69
  70 70
  71 71
  72 72
  73 73
  74 74
  75 75
  76 76
  77 77
  78 78
  79 79
  80 80
  81 81
  82 82
  83 83
  84 84
  85 85
  86 86
  87 87
  88 88
  89 89
  90 90
  91 91
  92 92
  93 93
  94 94
  95 95
  96 96
  97 97
  98 98
  99 99
  100 100
  101 101
  102 102
  103 103
  104 104
  105 105
  106 106
  107 107
  108 108
  109 109
  110 110
  111 111
  112 112
  113 113
  114 114
  115 115
  116 116
  117 117
  118 118
  119 119
  120 120
  121 121
  122 122
  123 123
  124 124
  125 125
  126 126
  127 127
  128 128
  129 129
  130 130
  131 131
  132 132
  133 133
  134 134
  135 135
  136 136
  137 137
  138 138
  139 139
  140 140
  141 141
  142 142
  143 143
  144 144
  145 145
  146 146
  147 147
  148 148
  149 149
  150 150
  151 151
  152 152
  153 153
  154 154
  155 155
  156 156
  157 157
  158 158
  159 159
  160 160
  161 161
  162 162
  163 163
  164 164
  165 165
  166 166
  167 167
  168 168
  169 169
  170 170
  171 171
  172 172
  173 173
  174 174
  175 175
  176 176
  177 177
  178 178
  179 179
  180 180
  181 181
  182 182
  183 183
  184 184
  185 185
  186 186
  187 187
  188 188
  189 189
  190 190
  191 191
  192 192
  193 193
  194 194
  195 195
  196 196
COMMENT: TIMESTEP: 1
ORDERS_SECTION
  1 2 3 4 5 6 7 8
  2 9 10 11 12 13 14 15 16
  3 17 18 19 20 21 22 23 24
  4 25 26
  5 27 28 29 30 31 32
  6 33 34 35 36
  7 37 38 39 40 41 42
  8 43 44 45 46 47 48 49
  9 50 51 52
  10 53 54 55 56 57 58 59
  11 60 61 62 63 64 65 66 67
  12 68 69
  13 70 71 72 73 74 75 76
  14 77 78 79 80 81 82
  15 83 84 85 86 87 88 89 90
  16 91 92 93 94 95
  17 96 97 98 99 100 101
  18 102 103
  19 104 105 106
  20 107 108 109 110 111 112
  21 113 114 115 116 117 118 119
  22 120 121 122 123 124 125
  23 126 127 128 129 130 131 132
  24 133 134 135 136 137 138 139
  25 140 141 142 143 144 145 146 147
  26 148 149
  27 150 151 152 153 154 155 156
  28 157 158 159 160 161
  29 162 163 164 165 166
  30 167 168 169 170 171 172 173
  31 174 175 176
  32 177 178 179 180 181 182 183 184
  33 185 186 187 188 189 190 191 192
  34 193 194
  35 195 196
TIME_AVAIL_SECTION
  1 1
  2 1
  3 1
  4 1
  5 1
  6 1
  7 1
  8 1
  9 1
  10 1
  11 1
  12 1
  13 1
  14 1
  15 1
  16 1
  17 1
  18 1
  19 1
  20 1
  21 1
  22 1
  23 1
  24 1
  25 1
  26 1
  27 1
  28 1
  29 1
  30 1
  31 1
  32 1
  33 1
  34 1
  35 1
OBSTACLES
  1 197 198 199 200
  2 201 202 203 204
  3 205 206 207 208
  4 209 210 211 212
  5 213 214 215 216
  6 217 218 219 220
  7 221 222 223 224
  8 225 226 227 228
  9 229 230 231 232
  10 233 234 235 236
  11 237 238 239 240
  12 241 242 243 244
  13 245 246 247 248
  14 249 250 251 252
  15 253 254 255 256
  16 257 258 259 260
  17 261 262 263 264
  18 265 266 267 268
  19 269 270 271 272
  20 273 274 275 276
  21 277 278 279 280
  22 281 282 283 284
EOF
