VRPTEST 1.0
COMMENT: descr: Modified tsplib for the OBP
COMMENT: Best known objective: 1222.0
COMMENT: Computational time (s): 0.230281
NAME: c87_a539
NUM_CAPACITIES: 1
NUM_VISITS: 87
NUM_VEHICLES: 9
CAPACITIES: 3
DATA_SECTION
DEPOTS
  0
  1
VISIT_LOCATION_SECTION
  2 61
  3 19
  4 9
  5 12
  6 162
  7 101
  8 214
  9 20
  10 14
  11 37
  12 132
  13 106
  14 99
  15 42
  16 62
  17 211
  18 213
  19 185
  20 44
  21 10
  22 145
  23 43
  24 89
  25 98
  26 27
  27 46
  28 57
  29 22
  30 28
  31 107
  32 93
  33 192
  34 202
  35 219
  36 142
  37 51
  38 53
  39 83
  40 195
  41 108
  42 153
  43 59
  44 33
  45 36
  46 215
  47 207
  48 182
  49 110
  50 97
  51 58
  52 13
  53 65
  54 217
  55 71
  56 100
  57 81
  58 49
  59 4
  60 152
  61 95
  62 90
  63 96
  64 203
  65 193
  66 143
  67 15
  68 7
  69 76
  70 84
  71 194
  72 79
  73 216
  74 64
  75 68
  76 50
  77 18
  78 94
  79 209
  80 206
  81 109
  82 63
  83 31
  84 26
  85 32
  86 218
  87 102
  88 208
COMMENT: TIMESTEP: 1
ORDERS_SECTION
  1 2 3 4 5 6
  2 7 8
  3 9 10 11 12
  4 13 14
  5 15 16
  6 17 18 19
  7 20 21 22 23
  8 24 25
  9 26 27 28 29 30
  10 31 32 33 34 35
  11 36 37 38
  12 39 40 41
  13 42 43 44 45
  14 46 47 48 49 50
  15 51 52 53
  16 54 55 56 57
  17 58 59 60
  18 61 62 63 64 65
  19 66 67 68 69
  20 70 71 72 73
  21 74 75 76 77
  22 78 79 80 81
  23 82 83 84 85
  24 86 87 88
TIME_AVAIL_SECTION
  1 1
  2 1
  3 1
  4 1
  5 1
  6 1
  7 1
  8 1
  9 1
  10 1
  11 1
  12 1
  13 1
  14 1
  15 1
  16 1
  17 1
  18 1
  19 1
  20 1
  21 1
  22 1
  23 1
  24 1
EOF
