VRPTEST 1.0
COMMENT: descr: Modified tsplib for the OBP
COMMENT: Best known objective: 1104.0
COMMENT: Computational time (s): 0.18
NAME: c190_2523
NUM_DEPOTS: 2
NUM_CAPACITIES: 1
NUM_VISITS: 190
NUM_LOCATIONS: 196
NUM_VEHICLES: 6
CAPACITIES: 4
DATA_SECTION
DEPOTS
  0
  1
LOCATION_COORD_SECTION
  0 5 20
  1 5 50
  2 43 65
  3 55 44
  4 40 47
  5 39 56
  6 49 62
  7 44 56
  8 39 47
  9 43 48
  10 48 60
  11 48 48
  12 43 43
  13 51 42
  14 58 59
  15 47 58
  16 46 38
  17 43 50
  18 53 53
  19 50 57
  20 47 49
  21 44 62
  22 50 44
  23 36 55
  24 51 65
  25 39 46
  26 55 56
  27 49 61
  28 46 51
  29 50 48
  30 40 53
  31 48 44
  32 49 64
  33 52 51
  34 43 56
  35 47 52
  36 37 57
  37 57 57
  38 40 46
  39 47 67
  40 58 56
  41 40 54
  42 35 51
  43 50 45
  44 45 45
  45 48 40
  46 36 47
  47 52 66
  48 52 56
  49 47 36
  50 42 48
  51 49 34
  52 53 49
  53 48 57
  54 50 67
  55 48 54
  56 41 56
  57 42 55
  58 45 43
  59 47 65
  60 51 63
  61 49 63
  62 49 48
  63 55 10
  64 72 29
  65 42 18
  66 58 23
  67 69 29
  68 55 11
  69 46 23
  70 60 15
  71 48 13
  72 74 25
  73 74 22
  74 57 7
  75 55 25
  76 49 26
  77 68 28
  78 55 28
  79 70 23
  80 54 14
  81 75 29
  82 58 16
  83 59 30
  84 74 18
  85 51 17
  86 63 19
  87 54 32
  88 57 16
  89 76 20
  90 46 28
  91 52 25
  92 51 19
  93 43 21
  94 52 29
  95 50 11
  96 61 31
  97 54 10
  98 67 21
  99 76 25
  100 68 14
  101 49 22
  102 58 13
  103 70 26
  104 56 22
  105 66 26
  106 68 12
  107 53 15
  108 59 10
  109 48 19
  110 74 31
  111 77 25
  112 46 14
  113 15 32
  114 20 34
  115 34 24
  116 31 13
  117 14 34
  118 36 41
  119 36 18
  120 33 53
  121 35 27
  122 32 44
  123 20 24
  124 22 31
  125 27 17
  126 33 42
  127 34 33
  128 28 22
  129 24 45
  130 23 30
  131 23 32
  132 42 39
  133 41 20
  134 16 35
  135 33 19
  136 28 17
  137 28 26
  138 40 33
  139 28 46
  140 25 46
  141 28 32
  142 19 31
  143 23 24
  144 32 50
  145 24 20
  146 38 40
  147 35 45
  148 40 34
  149 23 21
  150 40 40
  151 37 38
  152 36 42
  153 42 29
  154 20 31
  155 20 23
  156 21 41
  157 33 56
  158 40 38
  159 31 45
  160 74 44
  161 59 46
  162 61 49
  163 59 39
  164 64 36
  165 59 44
  166 66 39
  167 56 41
  168 59 62
  169 55 43
  170 64 55
  171 59 50
  172 66 33
  173 61 40
  174 59 42
  175 74 43
  176 74 37
  177 60 43
  178 68 40
  179 61 39
  180 73 36
  181 76 44
  182 75 33
  183 60 55
  184 67 32
  185 67 37
  186 71 32
  187 69 41
  188 64 49
  189 54 35
  190 75 41
  191 58 45
  192 10 10
  193 10 60
  194 12 60
  195 12 10
VISIT_LOCATION_SECTION
  2 2
  3 3
  4 4
  5 5
  6 6
  7 7
  8 8
  9 9
  10 10
  11 11
  12 12
  13 13
  14 14
  15 15
  16 16
  17 17
  18 18
  19 19
  20 20
  21 21
  22 22
  23 23
  24 24
  25 25
  26 26
  27 27
  28 28
  29 29
  30 30
  31 31
  32 32
  33 33
  34 34
  35 35
  36 36
  37 37
  38 38
  39 39
  40 40
  41 41
  42 42
  43 43
  44 44
  45 45
  46 46
  47 47
  48 48
  49 49
  50 50
  51 51
  52 52
  53 53
  54 54
  55 55
  56 56
  57 57
  58 58
  59 59
  60 60
  61 61
  62 62
  63 63
  64 64
  65 65
  66 66
  67 67
  68 68
  69 69
  70 70
  71 71
  72 72
  73 73
  74 74
  75 75
  76 76
  77 77
  78 78
  79 79
  80 80
  81 81
  82 82
  83 83
  84 84
  85 85
  86 86
  87 87
  88 88
  89 89
  90 90
  91 91
  92 92
  93 93
  94 94
  95 95
  96 96
  97 97
  98 98
  99 99
  100 100
  101 101
  102 102
  103 103
  104 104
  105 105
  106 106
  107 107
  108 108
  109 109
  110 110
  111 111
  112 112
  113 113
  114 114
  115 115
  116 116
  117 117
  118 118
  119 119
  120 120
  121 121
  122 122
  123 123
  124 124
  125 125
  126 126
  127 127
  128 128
  129 129
  130 130
  131 131
  132 132
  133 133
  134 134
  135 135
  136 136
  137 137
  138 138
  139 139
  140 140
  141 141
  142 142
  143 143
  144 144
  145 145
  146 146
  147 147
  148 148
  149 149
  150 150
  151 151
  152 152
  153 153
  154 154
  155 155
  156 156
  157 157
  158 158
  159 159
  160 160
  161 161
  162 162
  163 163
  164 164
  165 165
  166 166
  167 167
  168 168
  169 169
  170 170
  171 171
  172 172
  173 173
  174 174
  175 175
  176 176
  177 177
  178 178
  179 179
  180 180
  181 181
  182 182
  183 183
  184 184
  185 185
  186 186
  187 187
  188 188
  189 189
  190 190
  191 191
COMMENT: TIMESTEP: 1
ORDERS_SECTION
  1 2 3 4 5 6 7
  2 8 9 10 11 12 13 14 15 16 17 18 19 20 21 22
  3 23 24 25 26 27 28 29 30 31 32 33 34 35
  4 36 37 38 39 40 41 42 43 44 45 46 47
  5 48 49 50 51 52 53 54 55 56 57 58 59 60 61 62
  6 63 64 65 66 67 68 69 70 71 72 73 74 75
  7 76 77 78 79 80 81 82
  8 83 84 85 86 87 88 89 90 91 92 93 94 95 96 97
  9 98 99 100 101 102 103
  10 104 105 106 107 108 109 110 111 112
  11 113 114 115 116 117 118 119
  12 120 121 122 123 124 125 126 127 128 129
  13 130 131 132 133 134 135 136 137 138 139 140 141
  14 142 143 144
  15 145 146 147 148 149 150 151 152 153 154 155 156 157 158 159
  16 160 161 162 163 164 165 166 167 168 169 170 171
  17 172 173 174 175
  18 176 177 178 179 180 181 182 183 184
  19 185 186 187
  20 188 189 190 191
TIME_AVAIL_SECTION
  1 1
  2 1
  3 1
  4 1
  5 1
  6 1
  7 1
  8 1
  9 1
  10 1
  11 1
  12 1
  13 1
  14 1
  15 1
  16 1
  17 1
  18 1
  19 1
  20 1
OBSTACLES
  1 192 193 194 195
EOF
