VRPTEST 1.0
COMMENT: descr: Modified tsplib for the OBP
COMMENT: Best known objective: 642.771
COMMENT: Computational time (s): 0.07989399999999999
NAME: c69_ebbe
NUM_CAPACITIES: 1
NUM_VISITS: 69
NUM_VEHICLES: 4
CAPACITIES: 4
DATA_SECTION
DEPOTS
  0
  1
VISIT_LOCATION_SECTION
  2 15
  3 385
  4 112
  5 261
  6 380
  7 335
  8 213
  9 108
  10 301
  11 319
  12 419
  13 331
  14 48
  15 106
  16 133
  17 456
  18 119
  19 459
  20 248
  21 278
  22 289
  23 78
  24 277
  25 403
  26 398
  27 458
  28 400
  29 30
  30 444
  31 161
  32 86
  33 167
  34 322
  35 61
  36 308
  37 128
  38 214
  39 58
  40 296
  41 297
  42 155
  43 206
  44 442
  45 276
  46 219
  47 328
  48 414
  49 132
  50 139
  51 79
  52 241
  53 420
  54 304
  55 7
  56 409
  57 254
  58 295
  59 329
  60 408
  61 95
  62 82
  63 27
  64 198
  65 16
  66 345
  67 157
  68 176
  69 98
  70 411
COMMENT: TIMESTEP: 1
ORDERS_SECTION
  1 2 3 4 5 6 7 8 9 10
  2 11 12
  3 13 14 15 16 17 18 19 20 21
  4 22 23 24 25 26 27 28 29 30 31
  5 32 33 34 35 36
  6 37 38 39 40 41 42 43
  7 44 45
  8 46
  9 47 48 49 50 51 52
  10 53 54 55 56
  11 57 58 59 60 61 62 63
  12 64 65 66 67 68 69 70
TIME_AVAIL_SECTION
  1 1
  2 1
  3 1
  4 1
  5 1
  6 1
  7 1
  8 1
  9 1
  10 1
  11 1
  12 1
EOF
