VRPTEST 1.0
COMMENT: descr: Modified tsplib for the OBP
COMMENT: Best known objective: 1407.0
COMMENT: Computational time (s): 0.035
NAME: c70_2219
NUM_DEPOTS: 2
NUM_CAPACITIES: 1
NUM_VISITS: 70
NUM_LOCATIONS: 148
NUM_VEHICLES: 8
CAPACITIES: 2
DATA_SECTION
DEPOTS
  0
  1
LOCATION_COORD_SECTION
  0 32 5
  1 45 5
  2 61 52
  3 57 48
  4 55 56
  5 61 48
  6 57 56
  7 55 40
  8 61 40
  9 61 56
  10 9 52
  11 13 56
  12 51 52
  13 67 44
  14 63 52
  15 55 48
  16 51 44
  17 45 48
  18 37 40
  19 67 56
  20 51 48
  21 43 52
  22 73 24
  23 49 40
  24 43 44
  25 43 56
  26 49 56
  27 45 56
  28 45 52
  29 45 44
  30 73 52
  31 39 44
  32 31 40
  33 37 48
  34 33 48
  35 31 44
  36 25 48
  37 31 52
  38 39 48
  39 27 52
  40 31 48
  41 27 48
  42 49 48
  43 33 56
  44 37 44
  45 33 44
  46 37 56
  47 33 52
  48 21 48
  49 37 24
  50 43 20
  51 31 28
  52 39 28
  53 45 28
  54 45 40
  55 45 24
  56 39 24
  57 43 40
  58 33 28
  59 51 28
  60 10 10
  61 10 30
  62 12 30
  63 12 10
  64 16 10
  65 16 30
  66 18 30
  67 18 10
  68 22 10
  69 22 30
  70 24 30
  71 24 10
  72 28 10
  73 28 30
  74 30 30
  75 30 10
  76 34 10
  77 34 30
  78 36 30
  79 36 10
  80 40 10
  81 40 30
  82 42 30
  83 42 10
  84 46 10
  85 46 30
  86 48 30
  87 48 10
  88 52 10
  89 52 30
  90 54 30
  91 54 10
  92 58 10
  93 58 30
  94 60 30
  95 60 10
  96 64 10
  97 64 30
  98 66 30
  99 66 10
  100 70 10
  101 70 30
  102 72 30
  103 72 10
  104 10 40
  105 10 60
  106 12 60
  107 12 40
  108 16 40
  109 16 60
  110 18 60
  111 18 40
  112 22 40
  113 22 60
  114 24 60
  115 24 40
  116 28 40
  117 28 60
  118 30 60
  119 30 40
  120 34 40
  121 34 60
  122 36 60
  123 36 40
  124 40 40
  125 40 60
  126 42 60
  127 42 40
  128 46 40
  129 46 60
  130 48 60
  131 48 40
  132 52 40
  133 52 60
  134 54 60
  135 54 40
  136 58 40
  137 58 60
  138 60 60
  139 60 40
  140 64 40
  141 64 60
  142 66 60
  143 66 40
  144 70 40
  145 70 60
  146 72 60
  147 72 40
VISIT_LOCATION_SECTION
  2 2
  3 3
  4 4
  5 5
  6 6
  7 7
  8 8
  9 9
  10 10
  11 11
  12 12
  13 13
  14 14
  15 15
  16 16
  17 17
  18 18
  19 19
  20 20
  21 21
  22 22
  23 23
  24 24
  25 25
  26 26
  27 27
  28 28
  29 29
  30 30
  31 31
  32 32
  33 33
  34 34
  35 35
  36 36
  37 37
  38 38
  39 39
  40 40
  41 41
  42 42
  43 43
  44 44
  45 45
  46 46
  47 47
  48 48
  49 49
  50 50
  51 51
  52 52
  53 53
  54 54
  55 55
  56 56
  57 57
  58 58
  59 59
COMMENT: TIMESTEP: 1
ORDERS_SECTION
  1 2 3 4 5 6 7 9
  2 8 9 10
  3 11 12
  4 13 14 15 10 10
  5 16 17 18
  6 19 20 18
  7 21 22 23 11
  8 24 25 26 27 28 29 19 31
  9 30 31 32 33
  10 34 35 36 37 38 39
  11 40 41 52
  12 42 43 44 45 46 47 19 13
  13 48 49 50 51 52 53 11
  14 54 55 56 57 22
  15 58 59
TIME_AVAIL_SECTION
  1 1
  2 1
  3 1
  4 1
  5 1
  6 1
  7 1
  8 1
  9 1
  10 1
  11 1
  12 1
  13 1
  14 1
  15 1
OBSTACLES
  1 60 61 62 63
  2 64 65 66 67
  3 68 69 70 71
  4 72 73 74 75
  5 76 77 78 79
  6 80 81 82 83
  7 84 85 86 87
  8 88 89 90 91
  9 92 93 94 95
  10 96 97 98 99
  11 100 101 102 103
  12 104 105 106 107
  13 108 109 110 111
  14 112 113 114 115
  15 116 117 118 119
  16 120 121 122 123
  17 124 125 126 127
  18 128 129 130 131
  19 132 133 134 135
  20 136 137 138 139
  21 140 141 142 143
  22 144 145 146 147
EOF
