VRPTEST 1.0
COMMENT: descr: Modified tsplib for the OBP
COMMENT: Best known objective: 838.0
COMMENT: Computational time (s): 0.057
NAME: c87_1956
NUM_DEPOTS: 2
NUM_CAPACITIES: 1
NUM_VISITS: 87
NUM_LOCATIONS: 157
NUM_VEHICLES: 4
CAPACITIES: 4
DATA_SECTION
DEPOTS
  0
  1
LOCATION_COORD_SECTION
  0 70 40
  1 65 60
  2 40 55
  3 40 57
  4 44 63
  5 36 69
  6 48 61
  7 40 73
  8 48 63
  9 44 61
  10 44 55
  11 44 51
  12 48 67
  13 44 49
  14 44 43
  15 44 45
  16 44 57
  17 40 51
  18 40 61
  19 40 63
  20 48 57
  21 36 57
  22 19 16
  23 31 24
  24 13 28
  25 15 24
  26 20 39
  27 25 20
  28 9 28
  29 33 28
  30 25 28
  31 21 28
  32 19 12
  33 27 28
  34 37 28
  35 15 28
  36 15 16
  37 25 16
  38 16 39
  39 21 16
  40 19 20
  41 12 39
  42 9 24
  43 24 39
  44 16 43
  45 28 61
  46 32 39
  47 28 45
  48 24 45
  49 28 43
  50 36 43
  51 32 55
  52 32 49
  53 32 57
  54 28 39
  55 24 55
  56 20 57
  57 20 45
  58 36 45
  59 28 49
  60 28 57
  61 24 51
  62 36 39
  63 20 49
  64 24 43
  65 24 57
  66 40 49
  67 16 45
  68 32 43
  69 28 51
  70 24 61
  71 12 49
  72 40 45
  73 20 51
  74 69 20
  75 55 12
  76 63 12
  77 49 20
  78 45 20
  79 51 24
  80 63 28
  81 63 24
  82 69 28
  83 67 28
  84 51 16
  85 67 20
  86 49 16
  87 73 20
  88 57 12
  89 10 10
  90 10 30
  91 12 30
  92 12 10
  93 16 10
  94 16 30
  95 18 30
  96 18 10
  97 22 10
  98 22 30
  99 24 30
  100 24 10
  101 28 10
  102 28 30
  103 30 30
  104 30 10
  105 34 10
  106 34 30
  107 36 30
  108 36 10
  109 40 10
  110 40 30
  111 42 30
  112 42 10
  113 46 10
  114 46 30
  115 48 30
  116 48 10
  117 52 10
  118 52 30
  119 54 30
  120 54 10
  121 58 10
  122 58 30
  123 60 30
  124 60 10
  125 64 10
  126 64 30
  127 66 30
  128 66 10
  129 70 10
  130 70 30
  131 72 30
  132 72 10
  133 10 40
  134 10 42
  135 50 42
  136 50 40
  137 10 46
  138 10 48
  139 50 48
  140 50 46
  141 10 52
  142 10 54
  143 50 54
  144 50 52
  145 10 58
  146 10 60
  147 50 60
  148 50 58
  149 10 64
  150 10 66
  151 50 66
  152 50 64
  153 10 70
  154 10 72
  155 50 72
  156 50 70
VISIT_LOCATION_SECTION
  2 2
  3 3
  4 4
  5 5
  6 6
  7 7
  8 8
  9 9
  10 10
  11 11
  12 12
  13 13
  14 14
  15 15
  16 16
  17 17
  18 18
  19 19
  20 20
  21 21
  22 22
  23 23
  24 24
  25 25
  26 26
  27 27
  28 28
  29 29
  30 30
  31 31
  32 32
  33 33
  34 34
  35 35
  36 36
  37 37
  38 38
  39 39
  40 40
  41 41
  42 42
  43 43
  44 44
  45 45
  46 46
  47 47
  48 48
  49 49
  50 50
  51 51
  52 52
  53 53
  54 54
  55 55
  56 56
  57 57
  58 58
  59 59
  60 60
  61 61
  62 62
  63 63
  64 64
  65 65
  66 66
  67 67
  68 68
  69 69
  70 70
  71 71
  72 72
  73 73
  74 74
  75 75
  76 76
  77 77
  78 78
  79 79
  80 80
  81 81
  82 82
  83 83
  84 84
  85 85
  86 86
  87 87
  88 88
COMMENT: TIMESTEP: 1
ORDERS_SECTION
  1 2 3
  2 4 5
  3 6 7 8 9 10 11 12 13
  4 14 15 16 17 18 19 20 21
  5 22 23 24 25 26 27
  6 28 29 30 31 32 33 34 35
  7 36 37 38
  8 39 40 41 42 43 44
  9 45 46 47 48 49 50 51 52
  10 53 54 55 56 57 58 59
  11 60 61 62 63 64 65
  12 66 67 68 69 70 71 72 73
  13 74 75 76 77 78 79 80
  14 81 82 83 84 85 86
  15 87 88
TIME_AVAIL_SECTION
  1 1
  2 1
  3 1
  4 1
  5 1
  6 1
  7 1
  8 1
  9 1
  10 1
  11 1
  12 1
  13 1
  14 1
  15 1
OBSTACLES
  1 89 90 91 92
  2 93 94 95 96
  3 97 98 99 100
  4 101 102 103 104
  5 105 106 107 108
  6 109 110 111 112
  7 113 114 115 116
  8 117 118 119 120
  9 121 122 123 124
  10 125 126 127 128
  11 129 130 131 132
  12 133 134 135 136
  13 137 138 139 140
  14 141 142 143 144
  15 145 146 147 148
  16 149 150 151 152
  17 153 154 155 156
EOF
