VRPTEST 1.0
COMMENT: descr: Modified tsplib for the OBP
COMMENT: Best known objective: 1556.704
COMMENT: Computational time (s): 0.506885
NAME: c98_753a
NUM_CAPACITIES: 1
NUM_VISITS: 98
NUM_VEHICLES: 11
CAPACITIES: 4
DATA_SECTION
DEPOTS
  0
  1
VISIT_LOCATION_SECTION
  2 385
  3 249
  4 65
  5 421
  6 141
  7 392
  8 39
  9 41
  10 429
  11 274
  12 95
  13 298
  14 158
  15 399
  16 296
  17 14
  18 263
  19 427
  20 295
  21 281
  22 216
  23 277
  24 13
  25 179
  26 113
  27 242
  28 260
  29 322
  30 202
  31 212
  32 336
  33 9
  34 127
  35 31
  36 366
  37 256
  38 470
  39 475
  40 102
  41 214
  42 396
  43 279
  44 140
  45 30
  46 35
  47 32
  48 471
  49 331
  50 80
  51 169
  52 175
  53 406
  54 79
  55 255
  56 423
  57 293
  58 161
  59 454
  60 162
  61 98
  62 369
  63 210
  64 20
  65 289
  66 327
  67 19
  68 3
  69 397
  70 26
  71 278
  72 6
  73 394
  74 63
  75 218
  76 388
  77 292
  78 217
  79 283
  80 155
  81 124
  82 222
  83 99
  84 408
  85 465
  86 417
  87 74
  88 54
  89 442
  90 203
  91 473
  92 300
  93 419
  94 207
  95 380
  96 463
  97 115
  98 400
  99 146
COMMENT: TIMESTEP: 1
ORDERS_SECTION
  1 2
  2 3 4 5 6
  3 7 8
  4 9 10 11 12
  5 13
  6 14
  7 15 16
  8 17 18 19
  9 20 21 22
  10 23
  11 24 25
  12 26
  13 27 28
  14 29
  15 30 31 32 33
  16 34 35
  17 36
  18 37
  19 38 39 40 41
  20 42 43
  21 44 45
  22 46 47 48
  23 49 50 51 52
  24 53
  25 54 55 56 57
  26 58 59 60
  27 61 62
  28 63 64
  29 65 66
  30 67 68
  31 69 70 71 72
  32 73 74 75
  33 76 77
  34 78 79 80 81
  35 82 83 84
  36 85 86 87 88
  37 89 90 91
  38 92
  39 93 94 95
  40 96 97 98 99
TIME_AVAIL_SECTION
  1 1
  2 1
  3 1
  4 1
  5 1
  6 1
  7 1
  8 1
  9 1
  10 1
  11 1
  12 1
  13 1
  14 1
  15 1
  16 1
  17 1
  18 1
  19 1
  20 1
  21 1
  22 1
  23 1
  24 1
  25 1
  26 1
  27 1
  28 1
  29 1
  30 1
  31 1
  32 1
  33 1
  34 1
  35 1
  36 1
  37 1
  38 1
  39 1
  40 1
EOF
