VRPTEST 1.0
COMMENT: descr: Modified tsplib for the OBP
COMMENT: Best known objective: 2759.0
COMMENT: Computational time (s): 0.115
NAME: c166_22bb
NUM_DEPOTS: 2
NUM_CAPACITIES: 1
NUM_VISITS: 166
NUM_LOCATIONS: 228
NUM_VEHICLES: 16
CAPACITIES: 2
DATA_SECTION
DEPOTS
  0
  1
LOCATION_COORD_SECTION
  0 32 5
  1 45 5
  2 69 12
  3 13 48
  4 55 24
  5 49 24
  6 61 40
  7 9 44
  8 55 40
  9 67 12
  10 45 16
  11 49 48
  12 63 28
  13 63 12
  14 57 48
  15 45 12
  16 63 16
  17 57 16
  18 67 16
  19 33 56
  20 21 56
  21 43 20
  22 45 24
  23 69 24
  24 51 16
  25 61 56
  26 43 24
  27 57 24
  28 63 48
  29 63 24
  30 49 28
  31 55 16
  32 25 56
  33 67 24
  34 61 12
  35 63 40
  36 67 20
  37 49 20
  38 73 28
  39 63 20
  40 57 28
  41 37 48
  42 13 52
  43 45 20
  44 73 16
  45 51 48
  46 63 52
  47 57 56
  48 45 40
  49 39 52
  50 61 52
  51 61 44
  52 39 44
  53 55 44
  54 25 48
  55 55 52
  56 45 56
  57 43 48
  58 51 40
  59 49 52
  60 51 44
  61 37 56
  62 57 44
  63 33 48
  64 51 52
  65 43 40
  66 55 56
  67 39 56
  68 25 44
  69 43 56
  70 45 52
  71 45 44
  72 67 48
  73 57 52
  74 39 48
  75 51 56
  76 49 44
  77 49 40
  78 37 52
  79 43 52
  80 21 40
  81 21 48
  82 19 52
  83 27 40
  84 19 48
  85 19 40
  86 31 44
  87 33 52
  88 27 48
  89 15 52
  90 15 40
  91 67 28
  92 27 52
  93 25 52
  94 9 48
  95 13 40
  96 13 56
  97 15 56
  98 31 48
  99 31 56
  100 13 44
  101 15 48
  102 9 56
  103 25 40
  104 21 52
  105 15 44
  106 31 52
  107 9 52
  108 19 44
  109 69 20
  110 63 44
  111 39 20
  112 45 28
  113 33 28
  114 39 24
  115 61 48
  116 37 20
  117 37 40
  118 25 24
  119 39 16
  120 31 40
  121 31 16
  122 39 40
  123 27 24
  124 33 12
  125 27 28
  126 33 40
  127 19 28
  128 33 24
  129 31 24
  130 39 12
  131 37 28
  132 21 28
  133 33 44
  134 25 28
  135 39 28
  136 43 28
  137 21 24
  138 37 44
  139 27 20
  140 10 10
  141 10 30
  142 12 30
  143 12 10
  144 16 10
  145 16 30
  146 18 30
  147 18 10
  148 22 10
  149 22 30
  150 24 30
  151 24 10
  152 28 10
  153 28 30
  154 30 30
  155 30 10
  156 34 10
  157 34 30
  158 36 30
  159 36 10
  160 40 10
  161 40 30
  162 42 30
  163 42 10
  164 46 10
  165 46 30
  166 48 30
  167 48 10
  168 52 10
  169 52 30
  170 54 30
  171 54 10
  172 58 10
  173 58 30
  174 60 30
  175 60 10
  176 64 10
  177 64 30
  178 66 30
  179 66 10
  180 70 10
  181 70 30
  182 72 30
  183 72 10
  184 10 40
  185 10 60
  186 12 60
  187 12 40
  188 16 40
  189 16 60
  190 18 60
  191 18 40
  192 22 40
  193 22 60
  194 24 60
  195 24 40
  196 28 40
  197 28 60
  198 30 60
  199 30 40
  200 34 40
  201 34 60
  202 36 60
  203 36 40
  204 40 40
  205 40 60
  206 42 60
  207 42 40
  208 46 40
  209 46 60
  210 48 60
  211 48 40
  212 52 40
  213 52 60
  214 54 60
  215 54 40
  216 58 40
  217 58 60
  218 60 60
  219 60 40
  220 64 40
  221 64 60
  222 66 60
  223 66 40
  224 70 40
  225 70 60
  226 72 60
  227 72 40
VISIT_LOCATION_SECTION
  2 2
  3 3
  4 4
  5 5
  6 6
  7 7
  8 8
  9 9
  10 10
  11 11
  12 12
  13 13
  14 14
  15 15
  16 16
  17 17
  18 18
  19 19
  20 20
  21 21
  22 22
  23 23
  24 24
  25 25
  26 26
  27 27
  28 28
  29 29
  30 30
  31 31
  32 32
  33 33
  34 34
  35 35
  36 36
  37 37
  38 38
  39 39
  40 40
  41 41
  42 42
  43 43
  44 44
  45 45
  46 46
  47 47
  48 48
  49 49
  50 50
  51 51
  52 52
  53 53
  54 54
  55 55
  56 56
  57 57
  58 58
  59 59
  60 60
  61 61
  62 62
  63 63
  64 64
  65 65
  66 66
  67 67
  68 68
  69 69
  70 70
  71 71
  72 72
  73 73
  74 74
  75 75
  76 76
  77 77
  78 78
  79 79
  80 80
  81 81
  82 82
  83 83
  84 84
  85 85
  86 86
  87 87
  88 88
  89 89
  90 90
  91 91
  92 92
  93 93
  94 94
  95 95
  96 96
  97 97
  98 98
  99 99
  100 100
  101 101
  102 102
  103 103
  104 104
  105 105
  106 106
  107 107
  108 108
  109 109
  110 110
  111 111
  112 112
  113 113
  114 114
  115 115
  116 116
  117 117
  118 118
  119 119
  120 120
  121 121
  122 122
  123 123
  124 124
  125 125
  126 126
  127 127
  128 128
  129 129
  130 130
  131 131
  132 132
  133 133
  134 134
  135 135
  136 136
  137 137
  138 138
  139 139
COMMENT: TIMESTEP: 1
ORDERS_SECTION
  1 2 3 4 5 6 3 26
  2 7 8 9 10 11 12 103
  3 13 14 15 16 17 71
  4 18 19 20 21 69 69
  5 22 23 24 10 10
  6 25 26 27 28 133
  7 29 30 31 32 33 34
  8 35 36 37 38 39 40 38
  9 41 42 43
  10 44 45 46 47 48 49 90 45
  11 50 51 52 116
  12 53 54 55 56 111 37
  13 57 58 59 60 110
  14 61 62 63 64 65 66 14
  15 67 68 69
  16 70 71 72 73
  17 74 75 76 77
  18 78 79 80 81 82 111
  19 83 84 85 86 132 17
  20 87 88 89 90 91 92 24
  21 93 94
  22 95 96 97 98 99 100
  23 101 102 103 104 105
  24 106 107 108 109 110 111
  25 112 113 114 112
  26 115 116 117 118
  27 119 120 121
  28 122 123 124 125 126 127 105 94 104
  29 128 129 130 131 132 133 94 133
  30 134 135 136 137 138 139 85
TIME_AVAIL_SECTION
  1 1
  2 1
  3 1
  4 1
  5 1
  6 1
  7 1
  8 1
  9 1
  10 1
  11 1
  12 1
  13 1
  14 1
  15 1
  16 1
  17 1
  18 1
  19 1
  20 1
  21 1
  22 1
  23 1
  24 1
  25 1
  26 1
  27 1
  28 1
  29 1
  30 1
OBSTACLES
  1 140 141 142 143
  2 144 145 146 147
  3 148 149 150 151
  4 152 153 154 155
  5 156 157 158 159
  6 160 161 162 163
  7 164 165 166 167
  8 168 169 170 171
  9 172 173 174 175
  10 176 177 178 179
  11 180 181 182 183
  12 184 185 186 187
  13 188 189 190 191
  14 192 193 194 195
  15 196 197 198 199
  16 200 201 202 203
  17 204 205 206 207
  18 208 209 210 211
  19 212 213 214 215
  20 216 217 218 219
  21 220 221 222 223
  22 224 225 226 227
EOF
