VRPTEST 1.0
COMMENT: descr: Modified tsplib for the OBP
COMMENT: Best known objective: 1624.0
COMMENT: Computational time (s): 0.165
NAME: c201_1283
NUM_DEPOTS: 2
NUM_CAPACITIES: 1
NUM_VISITS: 201
NUM_LOCATIONS: 207
NUM_VEHICLES: 7
CAPACITIES: 6
DATA_SECTION
DEPOTS
  0
  1
LOCATION_COORD_SECTION
  0 5 20
  1 5 50
  2 14 42
  3 20 46
  4 9 28
  5 28 50
  6 19 36
  7 32 44
  8 23 20
  9 30 21
  10 40 38
  11 15 32
  12 33 10
  13 36 14
  14 40 18
  15 31 13
  16 28 22
  17 28 49
  18 47 36
  19 39 26
  20 17 19
  21 31 40
  22 18 41
  23 37 12
  24 23 41
  25 38 10
  26 22 40
  27 35 45
  28 58 32
  29 22 31
  30 43 43
  31 33 19
  32 8 30
  33 23 30
  34 51 23
  35 28 38
  36 20 31
  37 23 13
  38 40 26
  39 23 21
  40 13 26
  41 33 27
  42 31 38
  43 14 39
  44 54 31
  45 27 17
  46 49 34
  47 22 48
  48 26 20
  49 40 13
  50 29 54
  51 36 22
  52 31 10
  53 45 43
  54 28 46
  55 46 33
  56 16 20
  57 42 39
  58 25 11
  59 9 35
  60 41 26
  61 17 36
  62 17 47
  63 27 40
  64 44 38
  65 40 34
  66 37 38
  67 33 42
  68 13 37
  69 24 45
  70 40 25
  71 46 28
  72 55 29
  73 27 32
  74 30 11
  75 34 51
  76 33 53
  77 13 29
  78 43 23
  79 55 34
  80 30 8
  81 16 25
  82 23 53
  83 23 51
  84 25 53
  85 28 32
  86 16 35
  87 32 22
  88 47 25
  89 32 4
  90 25 46
  91 5 31
  92 37 43
  93 54 32
  94 22 51
  95 48 24
  96 52 29
  97 40 47
  98 49 22
  99 43 21
  100 23 32
  101 20 47
  102 23 24
  103 17 20
  104 46 38
  105 28 42
  106 30 45
  107 36 47
  108 32 50
  109 16 43
  110 20 26
  111 24 33
  112 40 33
  113 28 31
  114 19 39
  115 36 42
  116 31 47
  117 69 63
  118 53 49
  119 55 73
  120 64 49
  121 59 66
  122 71 56
  123 42 55
  124 67 71
  125 64 55
  126 53 42
  127 65 68
  128 63 54
  129 60 77
  130 49 72
  131 68 68
  132 53 71
  133 64 62
  134 58 63
  135 50 57
  136 67 72
  137 48 57
  138 34 67
  139 64 65
  140 71 53
  141 57 75
  142 72 54
  143 40 75
  144 40 53
  145 49 64
  146 63 76
  147 67 74
  148 77 59
  149 71 62
  150 70 47
  151 48 44
  152 69 52
  153 36 55
  154 69 55
  155 64 77
  156 62 72
  157 38 67
  158 66 47
  159 52 69
  160 66 63
  161 46 51
  162 72 51
  163 53 53
  164 41 56
  165 58 77
  166 49 48
  167 47 65
  168 44 62
  169 48 60
  170 40 73
  171 47 58
  172 50 44
  173 43 56
  174 48 48
  175 73 52
  176 43 65
  177 59 62
  178 43 74
  179 55 44
  180 45 45
  181 51 46
  182 50 54
  183 72 65
  184 72 69
  185 58 70
  186 54 41
  187 47 44
  188 69 70
  189 60 43
  190 43 48
  191 42 48
  192 59 42
  193 54 38
  194 39 56
  195 65 44
  196 58 59
  197 47 67
  198 59 39
  199 49 57
  200 64 68
  201 55 71
  202 36 61
  203 10 10
  204 10 60
  205 12 60
  206 12 10
VISIT_LOCATION_SECTION
  2 2
  3 3
  4 4
  5 5
  6 6
  7 7
  8 8
  9 9
  10 10
  11 11
  12 12
  13 13
  14 14
  15 15
  16 16
  17 17
  18 18
  19 19
  20 20
  21 21
  22 22
  23 23
  24 24
  25 25
  26 26
  27 27
  28 28
  29 29
  30 30
  31 31
  32 32
  33 33
  34 34
  35 35
  36 36
  37 37
  38 38
  39 39
  40 40
  41 41
  42 42
  43 43
  44 44
  45 45
  46 46
  47 47
  48 48
  49 49
  50 50
  51 51
  52 52
  53 53
  54 54
  55 55
  56 56
  57 57
  58 58
  59 59
  60 60
  61 61
  62 62
  63 63
  64 64
  65 65
  66 66
  67 67
  68 68
  69 69
  70 70
  71 71
  72 72
  73 73
  74 74
  75 75
  76 76
  77 77
  78 78
  79 79
  80 80
  81 81
  82 82
  83 83
  84 84
  85 85
  86 86
  87 87
  88 88
  89 89
  90 90
  91 91
  92 92
  93 93
  94 94
  95 95
  96 96
  97 97
  98 98
  99 99
  100 100
  101 101
  102 102
  103 103
  104 104
  105 105
  106 106
  107 107
  108 108
  109 109
  110 110
  111 111
  112 112
  113 113
  114 114
  115 115
  116 116
  117 117
  118 118
  119 119
  120 120
  121 121
  122 122
  123 123
  124 124
  125 125
  126 126
  127 127
  128 128
  129 129
  130 130
  131 131
  132 132
  133 133
  134 134
  135 135
  136 136
  137 137
  138 138
  139 139
  140 140
  141 141
  142 142
  143 143
  144 144
  145 145
  146 146
  147 147
  148 148
  149 149
  150 150
  151 151
  152 152
  153 153
  154 154
  155 155
  156 156
  157 157
  158 158
  159 159
  160 160
  161 161
  162 162
  163 163
  164 164
  165 165
  166 166
  167 167
  168 168
  169 169
  170 170
  171 171
  172 172
  173 173
  174 174
  175 175
  176 176
  177 177
  178 178
  179 179
  180 180
  181 181
  182 182
  183 183
  184 184
  185 185
  186 186
  187 187
  188 188
  189 189
  190 190
  191 191
  192 192
  193 193
  194 194
  195 195
  196 196
  197 197
  198 198
  199 199
  200 200
  201 201
  202 202
COMMENT: TIMESTEP: 1
ORDERS_SECTION
  1 2 3 4
  2 5 6 7 8
  3 9 10 11 12 13 14 15
  4 16 17 18 19 20 21 22 23
  5 24 25 26
  6 27 28 29 30 31
  7 32 33 34 35 36 37 38 39
  8 40 41 42 43 44 45 46
  9 47 48 49 50 51
  10 52 53 54 55 56
  11 57 58 59 60 61
  12 62 63 64 65 66 67
  13 68 69 70 71 72 73 74 75
  14 76 77 78 79 80
  15 81 82 83 84 85 86 87 88
  16 89 90 91 92 93 94
  17 95 96 97 98 99 100
  18 101 102 103 104 105 106 107 108
  19 109 110 111 112 113 114
  20 115 116
  21 117 118 119 120 121 122 123
  22 124 125
  23 126 127 128 129 130 131 132 133
  24 134 135 136
  25 137 138 139 140
  26 141 142 143 144 145 146 147
  27 148 149 150
  28 151 152
  29 153 154 155 156 157
  30 158 159 160 161 162 163 164 165
  31 166 167 168
  32 169 170 171 172
  33 173 174 175
  34 176 177
  35 178 179 180
  36 181 182 183 184 185 186 187 188
  37 189 190 191 192
  38 193 194
  39 195 196 197 198 199
  40 200 201 202
TIME_AVAIL_SECTION
  1 1
  2 1
  3 1
  4 1
  5 1
  6 1
  7 1
  8 1
  9 1
  10 1
  11 1
  12 1
  13 1
  14 1
  15 1
  16 1
  17 1
  18 1
  19 1
  20 1
  21 1
  22 1
  23 1
  24 1
  25 1
  26 1
  27 1
  28 1
  29 1
  30 1
  31 1
  32 1
  33 1
  34 1
  35 1
  36 1
  37 1
  38 1
  39 1
  40 1
OBSTACLES
  1 203 204 205 206
EOF
