VRPTEST 1.0
COMMENT: descr: Modified tsplib for the OBP
COMMENT: Best known objective: 1221.0
COMMENT: Computational time (s): 0.099
NAME: c128_1a2d
NUM_DEPOTS: 2
NUM_CAPACITIES: 1
NUM_VISITS: 128
NUM_LOCATIONS: 178
NUM_VEHICLES: 8
CAPACITIES: 4
DATA_SECTION
DEPOTS
  0
  1
LOCATION_COORD_SECTION
  0 35 70
  1 50 70
  2 59 42
  3 68 33
  4 63 15
  5 71 36
  6 58 45
  7 75 33
  8 58 13
  9 66 33
  10 59 44
  11 59 50
  12 75 28
  13 59 8
  14 70 23
  15 58 38
  16 74 31
  17 67 32
  18 75 21
  19 70 37
  20 64 37
  21 65 14
  22 58 11
  23 59 27
  24 78 33
  25 59 32
  26 58 16
  27 59 10
  28 74 33
  29 69 32
  30 59 38
  31 71 32
  32 69 35
  33 69 38
  34 76 27
  35 20 49
  36 4 41
  37 21 45
  38 5 43
  39 14 50
  40 19 48
  41 25 46
  42 6 44
  43 20 36
  44 3 44
  45 19 39
  46 19 36
  47 9 44
  48 14 46
  49 20 46
  50 5 37
  51 14 39
  52 7 45
  53 7 43
  54 21 41
  55 15 43
  56 7 47
  57 5 39
  58 6 39
  59 21 43
  60 7 44
  61 20 40
  62 13 49
  63 20 47
  64 9 67
  65 13 63
  66 16 62
  67 18 61
  68 24 63
  69 20 55
  70 5 55
  71 14 56
  72 5 54
  73 21 67
  74 12 71
  75 11 65
  76 21 77
  77 17 68
  78 19 59
  79 11 69
  80 25 53
  81 15 71
  82 14 66
  83 8 66
  84 18 70
  85 16 64
  86 15 68
  87 22 60
  88 18 58
  89 20 59
  90 17 57
  91 13 58
  92 25 76
  93 20 60
  94 13 51
  95 6 54
  96 24 75
  97 19 73
  98 13 24
  99 6 23
  100 9 17
  101 11 34
  102 13 15
  103 12 34
  104 14 34
  105 20 7
  106 19 14
  107 8 30
  108 25 11
  109 8 20
  110 15 11
  111 13 16
  112 3 34
  113 8 22
  114 16 33
  115 9 28
  116 25 24
  117 20 26
  118 20 31
  119 23 3
  120 13 29
  121 4 32
  122 5 30
  123 24 33
  124 20 23
  125 23 32
  126 7 31
  127 13 20
  128 12 32
  129 6 28
  130 10 10
  131 10 30
  132 12 30
  133 12 10
  134 16 10
  135 16 30
  136 18 30
  137 18 10
  138 22 10
  139 22 30
  140 24 30
  141 24 10
  142 10 36
  143 10 56
  144 12 56
  145 12 36
  146 16 36
  147 16 56
  148 18 56
  149 18 36
  150 22 36
  151 22 56
  152 24 56
  153 24 36
  154 60 10
  155 60 30
  156 62 30
  157 62 10
  158 66 10
  159 66 30
  160 68 30
  161 68 10
  162 72 10
  163 72 30
  164 74 30
  165 74 10
  166 60 36
  167 60 56
  168 62 56
  169 62 36
  170 66 36
  171 66 56
  172 68 56
  173 68 36
  174 72 36
  175 72 56
  176 74 56
  177 74 36
VISIT_LOCATION_SECTION
  2 2
  3 3
  4 4
  5 5
  6 6
  7 7
  8 8
  9 9
  10 10
  11 11
  12 12
  13 13
  14 14
  15 15
  16 16
  17 17
  18 18
  19 19
  20 20
  21 21
  22 22
  23 23
  24 24
  25 25
  26 26
  27 27
  28 28
  29 29
  30 30
  31 31
  32 32
  33 33
  34 34
  35 35
  36 36
  37 37
  38 38
  39 39
  40 40
  41 41
  42 42
  43 43
  44 44
  45 45
  46 46
  47 47
  48 48
  49 49
  50 50
  51 51
  52 52
  53 53
  54 54
  55 55
  56 56
  57 57
  58 58
  59 59
  60 60
  61 61
  62 62
  63 63
  64 64
  65 65
  66 66
  67 67
  68 68
  69 69
  70 70
  71 71
  72 72
  73 73
  74 74
  75 75
  76 76
  77 77
  78 78
  79 79
  80 80
  81 81
  82 82
  83 83
  84 84
  85 85
  86 86
  87 87
  88 88
  89 89
  90 90
  91 91
  92 92
  93 93
  94 94
  95 95
  96 96
  97 97
  98 98
  99 99
  100 100
  101 101
  102 102
  103 103
  104 104
  105 105
  106 106
  107 107
  108 108
  109 109
  110 110
  111 111
  112 112
  113 113
  114 114
  115 115
  116 116
  117 117
  118 118
  119 119
  120 120
  121 121
  122 122
  123 123
  124 124
  125 125
  126 126
  127 127
  128 128
  129 129
COMMENT: TIMESTEP: 1
ORDERS_SECTION
  1 2 3
  2 4 5 6 7 8 9
  3 10 11 12 13 14
  4 15 16 17 18 19 20
  5 21 22 23
  6 24 25 26
  7 27 28
  8 29 30 31 32 33 34
  9 35 36 37 38 39
  10 40 41
  11 42 43 44
  12 45 46
  13 47 48 49 50 51
  14 52 53 54 55 56
  15 57 58
  16 59 60 61 62 63
  17 64 65 66 67 68 69
  18 70 71 72 73 74
  19 75 76 77 78 79
  20 80 81 82 83
  21 84 85 86 87
  22 88 89 90 91
  23 92 93 94 95 96 97
  24 98 99 100
  25 101 102 103 104 105 106
  26 107 108 109 110 111 112
  27 113 114
  28 115 116 117 118 119
  29 120 121 122 123
  30 124 125 126 127 128 129
TIME_AVAIL_SECTION
  1 1
  2 1
  3 1
  4 1
  5 1
  6 1
  7 1
  8 1
  9 1
  10 1
  11 1
  12 1
  13 1
  14 1
  15 1
  16 1
  17 1
  18 1
  19 1
  20 1
  21 1
  22 1
  23 1
  24 1
  25 1
  26 1
  27 1
  28 1
  29 1
  30 1
OBSTACLES
  1 130 131 132 133
  2 134 135 136 137
  3 138 139 140 141
  4 142 143 144 145
  5 146 147 148 149
  6 150 151 152 153
  7 154 155 156 157
  8 158 159 160 161
  9 162 163 164 165
  10 166 167 168 169
  11 170 171 172 173
  12 174 175 176 177
EOF
