VRPTEST 1.0
COMMENT: descr: Modified tsplib for the OBP
COMMENT: Best known objective: 1399.0
COMMENT: Computational time (s): 0.139
NAME: c189_1ddf
NUM_DEPOTS: 2
NUM_CAPACITIES: 1
NUM_VISITS: 189
NUM_LOCATIONS: 195
NUM_VEHICLES: 7
CAPACITIES: 6
DATA_SECTION
DEPOTS
  0
  1
LOCATION_COORD_SECTION
  0 5 20
  1 5 50
  2 46 51
  3 37 12
  4 64 32
  5 42 8
  6 37 4
  7 50 45
  8 45 45
  9 49 35
  10 42 4
  11 44 48
  12 38 6
  13 38 20
  14 50 48
  15 49 14
  16 70 23
  17 54 14
  18 49 48
  19 52 29
  20 48 22
  21 54 35
  22 50 44
  23 54 31
  24 74 23
  25 43 21
  26 37 17
  27 61 31
  28 46 38
  29 68 28
  30 59 38
  31 43 13
  32 51 19
  33 55 11
  34 49 3
  35 51 23
  36 58 32
  37 51 17
  38 58 23
  39 40 25
  40 36 22
  41 50 7
  42 40 18
  43 66 16
  44 40 29
  45 47 44
  46 44 30
  47 44 38
  48 55 29
  49 68 25
  50 65 32
  51 46 23
  52 46 28
  53 55 28
  54 34 12
  55 67 21
  56 61 36
  57 56 6
  58 54 4
  59 52 22
  60 60 19
  61 63 19
  62 63 18
  63 43 43
  64 39 9
  65 44 41
  66 55 10
  67 70 26
  68 46 33
  69 36 14
  70 39 26
  71 66 31
  72 55 20
  73 55 25
  74 43 33
  75 57 17
  76 57 22
  77 56 17
  78 51 4
  79 58 11
  80 46 14
  81 54 38
  82 67 17
  83 59 27
  84 54 10
  85 52 14
  86 51 42
  87 74 22
  88 42 48
  89 47 49
  90 41 26
  91 40 34
  92 28 17
  93 29 7
  94 25 56
  95 23 35
  96 28 32
  97 18 16
  98 15 25
  99 30 8
  100 35 51
  101 6 28
  102 22 11
  103 31 10
  104 28 46
  105 25 46
  106 22 31
  107 40 46
  108 15 43
  109 17 36
  110 23 11
  111 13 44
  112 23 20
  113 22 48
  114 13 16
  115 28 5
  116 33 53
  117 18 13
  118 31 45
  119 27 17
  120 31 13
  121 30 21
  122 19 36
  123 39 46
  124 33 27
  125 23 18
  126 20 10
  127 34 24
  128 13 20
  129 16 16
  130 37 38
  131 35 45
  132 32 10
  133 33 42
  134 28 4
  135 17 24
  136 20 26
  137 20 46
  138 31 47
  139 40 40
  140 23 13
  141 36 47
  142 29 54
  143 21 41
  144 20 49
  145 32 22
  146 25 53
  147 28 42
  148 17 16
  149 22 51
  150 21 17
  151 17 19
  152 3 34
  153 25 11
  154 26 26
  155 28 49
  156 33 10
  157 36 41
  158 32 50
  159 26 9
  160 23 30
  161 24 33
  162 20 31
  163 14 34
  164 31 40
  165 20 23
  166 38 40
  167 22 40
  168 30 9
  169 13 29
  170 20 21
  171 14 39
  172 27 8
  173 28 31
  174 34 33
  175 23 53
  176 40 33
  177 36 42
  178 16 28
  179 23 41
  180 16 35
  181 23 51
  182 19 19
  183 34 51
  184 6 23
  185 20 47
  186 5 27
  187 23 21
  188 9 35
  189 5 30
  190 19 31
  191 10 10
  192 10 60
  193 12 60
  194 12 10
VISIT_LOCATION_SECTION
  2 2
  3 3
  4 4
  5 5
  6 6
  7 7
  8 8
  9 9
  10 10
  11 11
  12 12
  13 13
  14 14
  15 15
  16 16
  17 17
  18 18
  19 19
  20 20
  21 21
  22 22
  23 23
  24 24
  25 25
  26 26
  27 27
  28 28
  29 29
  30 30
  31 31
  32 32
  33 33
  34 34
  35 35
  36 36
  37 37
  38 38
  39 39
  40 40
  41 41
  42 42
  43 43
  44 44
  45 45
  46 46
  47 47
  48 48
  49 49
  50 50
  51 51
  52 52
  53 53
  54 54
  55 55
  56 56
  57 57
  58 58
  59 59
  60 60
  61 61
  62 62
  63 63
  64 64
  65 65
  66 66
  67 67
  68 68
  69 69
  70 70
  71 71
  72 72
  73 73
  74 74
  75 75
  76 76
  77 77
  78 78
  79 79
  80 80
  81 81
  82 82
  83 83
  84 84
  85 85
  86 86
  87 87
  88 88
  89 89
  90 90
  91 91
  92 92
  93 93
  94 94
  95 95
  96 96
  97 97
  98 98
  99 99
  100 100
  101 101
  102 102
  103 103
  104 104
  105 105
  106 106
  107 107
  108 108
  109 109
  110 110
  111 111
  112 112
  113 113
  114 114
  115 115
  116 116
  117 117
  118 118
  119 119
  120 120
  121 121
  122 122
  123 123
  124 124
  125 125
  126 126
  127 127
  128 128
  129 129
  130 130
  131 131
  132 132
  133 133
  134 134
  135 135
  136 136
  137 137
  138 138
  139 139
  140 140
  141 141
  142 142
  143 143
  144 144
  145 145
  146 146
  147 147
  148 148
  149 149
  150 150
  151 151
  152 152
  153 153
  154 154
  155 155
  156 156
  157 157
  158 158
  159 159
  160 160
  161 161
  162 162
  163 163
  164 164
  165 165
  166 166
  167 167
  168 168
  169 169
  170 170
  171 171
  172 172
  173 173
  174 174
  175 175
  176 176
  177 177
  178 178
  179 179
  180 180
  181 181
  182 182
  183 183
  184 184
  185 185
  186 186
  187 187
  188 188
  189 189
  190 190
COMMENT: TIMESTEP: 1
ORDERS_SECTION
  1 2 3
  2 4 5 6 7
  3 8 9 10
  4 11 12 13 14 15 16 17
  5 18 19 20 21 22 23 24 25
  6 26 27 28 29 30 31 32
  7 33 34 35 36 37
  8 38 39 40 41
  9 42 43
  10 44 45 46 47
  11 48 49 50 51 52 53 54 55
  12 56 57 58 59 60 61 62
  13 63 64
  14 65 66 67
  15 68 69
  16 70 71 72 73 74 75
  17 76 77 78
  18 79 80 81 82 83 84 85 86
  19 87 88
  20 89 90
  21 91 92 93 94 95 96 97
  22 98 99
  23 100 101 102
  24 103 104 105
  25 106 107 108 109 110 111 112 113
  26 114 115 116 117 118 119 120 121
  27 122 123
  28 124 125 126 127
  29 128 129 130 131 132 133 134
  30 135 136 137
  31 138 139 140 141 142
  32 143 144
  33 145 146 147 148 149 150 151 152
  34 153 154 155 156 157 158
  35 159 160 161 162 163
  36 164 165 166 167 168 169 170 171
  37 172 173 174 175 176 177 178 179
  38 180 181
  39 182 183
  40 184 185 186 187 188 189 190
TIME_AVAIL_SECTION
  1 1
  2 1
  3 1
  4 1
  5 1
  6 1
  7 1
  8 1
  9 1
  10 1
  11 1
  12 1
  13 1
  14 1
  15 1
  16 1
  17 1
  18 1
  19 1
  20 1
  21 1
  22 1
  23 1
  24 1
  25 1
  26 1
  27 1
  28 1
  29 1
  30 1
  31 1
  32 1
  33 1
  34 1
  35 1
  36 1
  37 1
  38 1
  39 1
  40 1
OBSTACLES
  1 191 192 193 194
EOF
