VRPTEST 1.0
COMMENT: descr: Modified tsplib for the OBP
COMMENT: Best known objective: 1694.311
COMMENT: Computational time (s): 0.83928
NAME: c232_47f6
NUM_CAPACITIES: 1
NUM_VISITS: 232
NUM_VEHICLES: 8
CAPACITIES: 4
DATA_SECTION
DEPOTS
  0
  1
VISIT_LOCATION_SECTION
  2 201
  3 429
  4 475
  5 71
  6 203
  7 370
  8 223
  9 10
  10 260
  11 114
  12 46
  13 360
  14 326
  15 427
  16 263
  17 322
  18 169
  19 327
  20 180
  21 413
  22 218
  23 48
  24 456
  25 206
  26 216
  27 85
  28 140
  29 310
  30 72
  31 281
  32 368
  33 431
  34 382
  35 37
  36 248
  37 183
  38 347
  39 61
  40 471
  41 26
  42 255
  43 117
  44 352
  45 6
  46 138
  47 156
  48 279
  49 222
  50 474
  51 308
  52 15
  53 245
  54 175
  55 331
  56 350
  57 268
  58 99
  59 432
  60 295
  61 78
  62 196
  63 73
  64 438
  65 417
  66 399
  67 136
  68 210
  69 440
  70 220
  71 119
  72 21
  73 430
  74 320
  75 324
  76 197
  77 32
  78 8
  79 18
  80 357
  81 42
  82 130
  83 239
  84 110
  85 472
  86 51
  87 257
  88 113
  89 351
  90 337
  91 388
  92 462
  93 213
  94 270
  95 173
  96 433
  97 316
  98 359
  99 234
  100 229
  101 418
  102 344
  103 406
  104 328
  105 242
  106 473
  107 102
  108 345
  109 137
  110 298
  111 65
  112 96
  113 168
  114 379
  115 27
  116 389
  117 215
  118 477
  119 336
  120 412
  121 36
  122 247
  123 188
  124 190
  125 232
  126 100
  127 53
  128 321
  129 224
  130 165
  131 304
  132 98
  133 67
  134 349
  135 195
  136 464
  137 82
  138 121
  139 106
  140 299
  141 403
  142 422
  143 470
  144 75
  145 280
  146 200
  147 89
  148 400
  149 41
  150 454
  151 305
  152 421
  153 63
  154 179
  155 185
  156 40
  157 256
  158 122
  159 60
  160 397
  161 463
  162 227
  163 259
  164 384
  165 182
  166 394
  167 59
  168 24
  169 335
  170 94
  171 116
  172 297
  173 115
  174 58
  175 141
  176 126
  177 408
  178 49
  179 80
  180 13
  181 77
  182 238
  183 145
  184 192
  185 272
  186 202
  187 243
  188 19
  189 273
  190 123
  191 47
  192 207
  193 265
  194 211
  195 465
  196 262
  197 266
  198 393
  199 81
  200 309
  201 25
  202 425
  203 277
  204 386
  205 97
  206 14
  207 104
  208 161
  209 441
  210 34
  211 437
  212 289
  213 376
  214 396
  215 7
  216 377
  217 300
  218 43
  219 83
  220 221
  221 147
  222 74
  223 142
  224 387
  225 44
  226 20
  227 252
  228 131
  229 112
  230 293
  231 128
  232 258
  233 33
COMMENT: TIMESTEP: 1
ORDERS_SECTION
  1 2 3 4 5 6 7 8 9 10 11 12 13
  2 14 15 16 17 18 19 20 21 22 23 24
  3 25 26 27 28 29 30 31 32 33 34 35
  4 36 37 38 39 40 41 42 43 44 45
  5 46 47 48 49 50 51 52 53 54 55 56 57 58
  6 59 60 61 62 63 64 65
  7 66 67 68 69 70 71 72 73 74 75 76 77 78 79
  8 80 81 82 83 84 85
  9 86 87 88 89 90 91 92 93
  10 94 95
  11 96 97 98 99
  12 100 101 102 103 104
  13 105 106 107
  14 108 109 110 111 112 113 114 115 116
  15 117 118 119 120
  16 121 122
  17 123 124 125 126 127 128 129 130
  18 131 132 133 134 135 136
  19 137 138 139 140 141 142 143 144 145 146 147 148 149
  20 150 151 152 153 154 155
  21 156 157 158 159
  22 160 161 162
  23 163 164 165 166 167 168
  24 169 170
  25 171 172 173 174
  26 175 176 177 178 179 180 181
  27 182 183 184 185 186 187 188 189 190 191 192 193 194 195
  28 196 197 198 199 200 201 202 203 204
  29 205 206 207 208 209 210 211 212 213 214 215 216 217
  30 218 219 220 221 222
  31 223 224 225 226 227 228 229 230 231 232 233
TIME_AVAIL_SECTION
  1 1
  2 1
  3 1
  4 1
  5 1
  6 1
  7 1
  8 1
  9 1
  10 1
  11 1
  12 1
  13 1
  14 1
  15 1
  16 1
  17 1
  18 1
  19 1
  20 1
  21 1
  22 1
  23 1
  24 1
  25 1
  26 1
  27 1
  28 1
  29 1
  30 1
  31 1
EOF
