VRPTEST 1.0
COMMENT: descr: Modified tsplib for the OBP
COMMENT: Best known objective: 521.0
COMMENT: Computational time (s): 0.049
NAME: c97_0be2
NUM_DEPOTS: 2
NUM_CAPACITIES: 1
NUM_VISITS: 97
NUM_LOCATIONS: 99
NUM_VEHICLES: 3
CAPACITIES: 4
DATA_SECTION
DEPOTS
  0
  1
LOCATION_COORD_SECTION
  0 5 30
  1 5 50
  2 51 50
  3 62 49
  4 61 48
  5 72 54
  6 47 43
  7 50 36
  8 48 40
  9 55 45
  10 50 51
  11 55 43
  12 49 40
  13 70 53
  14 66 53
  15 61 41
  16 55 44
  17 70 44
  18 58 53
  19 73 52
  20 51 49
  21 48 33
  22 67 53
  23 69 45
  24 59 37
  25 51 72
  26 65 58
  27 52 68
  28 56 71
  29 72 58
  30 53 71
  31 61 64
  32 41 65
  33 75 57
  34 62 57
  35 48 69
  36 65 61
  37 38 63
  38 69 59
  39 49 60
  40 60 65
  41 70 58
  42 68 62
  43 61 56
  44 62 71
  45 72 56
  46 49 59
  47 55 59
  48 46 64
  49 61 68
  50 54 72
  51 60 61
  52 49 69
  53 42 56
  54 42 55
  55 39 61
  56 44 57
  57 25 54
  58 38 43
  59 36 53
  60 24 60
  61 28 57
  62 28 61
  63 35 66
  64 42 40
  65 33 56
  66 30 67
  67 31 56
  68 28 56
  69 28 65
  70 37 61
  71 42 49
  72 32 71
  73 28 67
  74 36 51
  75 38 49
  76 21 53
  77 28 35
  78 30 25
  79 8 47
  80 18 32
  81 26 22
  82 9 47
  83 13 36
  84 25 22
  85 10 52
  86 10 32
  87 8 41
  88 15 51
  89 19 59
  90 22 45
  91 18 42
  92 5 46
  93 25 23
  94 17 27
  95 28 22
  96 22 36
  97 15 31
  98 22 50
VISIT_LOCATION_SECTION
  2 2
  3 3
  4 4
  5 5
  6 6
  7 7
  8 8
  9 9
  10 10
  11 11
  12 12
  13 13
  14 14
  15 15
  16 16
  17 17
  18 18
  19 19
  20 20
  21 21
  22 22
  23 23
  24 24
  25 25
  26 26
  27 27
  28 28
  29 29
  30 30
  31 31
  32 32
  33 33
  34 34
  35 35
  36 36
  37 37
  38 38
  39 39
  40 40
  41 41
  42 42
  43 43
  44 44
  45 45
  46 46
  47 47
  48 48
  49 49
  50 50
  51 51
  52 52
  53 53
  54 54
  55 55
  56 56
  57 57
  58 58
  59 59
  60 60
  61 61
  62 62
  63 63
  64 64
  65 65
  66 66
  67 67
  68 68
  69 69
  70 70
  71 71
  72 72
  73 73
  74 74
  75 75
  76 76
  77 77
  78 78
  79 79
  80 80
  81 81
  82 82
  83 83
  84 84
  85 85
  86 86
  87 87
  88 88
  89 89
  90 90
  91 91
  92 92
  93 93
  94 94
  95 95
  96 96
  97 97
  98 98
COMMENT: TIMESTEP: 1
ORDERS_SECTION
  1 2 3 4 5 6 7 8 9 10
  2 11 12 13 14 15
  3 16 17 18 19 20 21 22 23 24
  4 25 26 27 28 29 30 31 32 33 34 35 36 37
  5 38 39 40 41 42 43 44
  6 45 46 47 48 49 50 51 52 53 54 55 56
  7 57 58 59 60 61 62 63 64 65 66
  8 67 68 69 70 71 72 73 74 75
  9 76 77 78 79 80 81 82 83 84 85 86 87 88
  10 89 90 91 92 93 94 95 96 97 98
TIME_AVAIL_SECTION
  1 1
  2 1
  3 1
  4 1
  5 1
  6 1
  7 1
  8 1
  9 1
  10 1
EOF
