VRPTEST 1.0
COMMENT: descr: Modified tsplib for the OBP
COMMENT: Best known objective: 554.0
COMMENT: Computational time (s): 0.033
NAME: c80_1065
NUM_DEPOTS: 2
NUM_CAPACITIES: 1
NUM_VISITS: 80
NUM_LOCATIONS: 82
NUM_VEHICLES: 3
CAPACITIES: 4
DATA_SECTION
DEPOTS
  0
  1
LOCATION_COORD_SECTION
  0 5 30
  1 5 50
  2 34 46
  3 47 29
  4 41 29
  5 40 24
  6 55 43
  7 30 33
  8 47 47
  9 39 22
  10 33 56
  11 38 24
  12 50 44
  13 50 35
  14 41 38
  15 34 56
  16 39 31
  17 49 43
  18 46 42
  19 42 32
  20 39 45
  21 43 50
  22 33 44
  23 44 43
  24 47 45
  25 35 33
  26 32 45
  27 46 35
  28 52 44
  29 49 44
  30 48 40
  31 34 52
  32 42 40
  33 69 69
  34 65 40
  35 71 59
  36 62 45
  37 62 41
  38 65 61
  39 61 40
  40 58 70
  41 74 53
  42 60 61
  43 55 55
  44 58 45
  45 63 41
  46 55 51
  47 70 56
  48 63 42
  49 59 68
  50 61 52
  51 67 48
  52 55 68
  53 72 58
  54 61 68
  55 55 45
  56 52 67
  57 46 51
  58 45 58
  59 42 72
  60 46 50
  61 52 66
  62 51 66
  63 49 59
  64 50 68
  65 47 73
  66 15 31
  67 26 53
  68 18 36
  69 24 42
  70 26 47
  71 22 57
  72 17 35
  73 13 41
  74 7 51
  75 22 67
  76 30 57
  77 27 55
  78 13 54
  79 5 42
  80 17 34
  81 15 51
VISIT_LOCATION_SECTION
  2 2
  3 3
  4 4
  5 5
  6 6
  7 7
  8 8
  9 9
  10 10
  11 11
  12 12
  13 13
  14 14
  15 15
  16 16
  17 17
  18 18
  19 19
  20 20
  21 21
  22 22
  23 23
  24 24
  25 25
  26 26
  27 27
  28 28
  29 29
  30 30
  31 31
  32 32
  33 33
  34 34
  35 35
  36 36
  37 37
  38 38
  39 39
  40 40
  41 41
  42 42
  43 43
  44 44
  45 45
  46 46
  47 47
  48 48
  49 49
  50 50
  51 51
  52 52
  53 53
  54 54
  55 55
  56 56
  57 57
  58 58
  59 59
  60 60
  61 61
  62 62
  63 63
  64 64
  65 65
  66 66
  67 67
  68 68
  69 69
  70 70
  71 71
  72 72
  73 73
  74 74
  75 75
  76 76
  77 77
  78 78
  79 79
  80 80
  81 81
COMMENT: TIMESTEP: 1
ORDERS_SECTION
  1 2 3 4 5 6 7
  2 8 9 10 11 12 13 14 15 16 17 18 19 20
  3 21 22 23 24 25 26 27 28 29 30 31 32
  4 33 34 35 36 37
  5 38 39 40 41 42 43 44 45 46 47 48 49
  6 50 51 52 53 54 55
  7 56 57 58 59 60 61 62 63
  8 64 65
  9 66 67 68 69 70 71 72 73 74 75
  10 76 77 78 79 80 81
TIME_AVAIL_SECTION
  1 1
  2 1
  3 1
  4 1
  5 1
  6 1
  7 1
  8 1
  9 1
  10 1
EOF
