VRPTEST 1.0
COMMENT: descr: Modified tsplib for the OBP
COMMENT: Best known objective: 1479.076
COMMENT: Computational time (s): 0.49116200000000004
NAME: c119_65c2
NUM_CAPACITIES: 1
NUM_VISITS: 119
NUM_VEHICLES: 9
CAPACITIES: 4
DATA_SECTION
DEPOTS
  0
  1
VISIT_LOCATION_SECTION
  2 446
  3 297
  4 420
  5 251
  6 258
  7 200
  8 96
  9 138
  10 43
  11 129
  12 337
  13 12
  14 340
  15 266
  16 173
  17 167
  18 407
  19 437
  20 245
  21 389
  22 369
  23 202
  24 392
  25 333
  26 194
  27 35
  28 384
  29 65
  30 366
  31 234
  32 218
  33 408
  34 310
  35 40
  36 450
  37 227
  38 309
  39 82
  40 165
  41 465
  42 60
  43 85
  44 21
  45 270
  46 361
  47 327
  48 182
  49 48
  50 456
  51 330
  52 418
  53 295
  54 304
  55 302
  56 355
  57 31
  58 14
  59 268
  60 316
  61 259
  62 321
  63 162
  64 181
  65 51
  66 9
  67 196
  68 192
  69 67
  70 237
  71 356
  72 168
  73 289
  74 70
  75 238
  76 336
  77 18
  78 398
  79 452
  80 423
  81 135
  82 421
  83 83
  84 207
  85 125
  86 273
  87 381
  88 58
  89 220
  90 81
  91 271
  92 110
  93 396
  94 375
  95 49
  96 15
  97 94
  98 246
  99 155
  100 320
  101 393
  102 104
  103 59
  104 345
  105 99
  106 222
  107 19
  108 380
  109 158
  110 335
  111 324
  112 127
  113 50
  114 27
  115 257
  116 212
  117 464
  118 445
  119 344
  120 221
COMMENT: TIMESTEP: 1
ORDERS_SECTION
  1 2 3 4 5 6 7
  2 8 9
  3 10 11 12 13
  4 14 15 16 17 18
  5 19 20 21
  6 22 23 24 25
  7 26 27
  8 28 29 30 31 32 33
  9 34 35
  10 36 37 38 39
  11 40
  12 41 42 43
  13 44 45
  14 46 47 48 49 50
  15 51 52 53 54 55
  16 56 57
  17 58 59 60 61 62 63
  18 64 65 66 67 68 69
  19 70
  20 71 72 73 74
  21 75 76
  22 77 78 79 80 81
  23 82
  24 83 84 85 86
  25 87 88 89 90
  26 91 92 93 94 95 96
  27 97
  28 98 99 100 101
  29 102 103 104 105 106
  30 107 108 109 110
  31 111 112 113
  32 114
  33 115 116 117 118 119 120
TIME_AVAIL_SECTION
  1 1
  2 1
  3 1
  4 1
  5 1
  6 1
  7 1
  8 1
  9 1
  10 1
  11 1
  12 1
  13 1
  14 1
  15 1
  16 1
  17 1
  18 1
  19 1
  20 1
  21 1
  22 1
  23 1
  24 1
  25 1
  26 1
  27 1
  28 1
  29 1
  30 1
  31 1
  32 1
  33 1
EOF
