VRPTEST 1.0
COMMENT: descr: Modified tsplib for the OBP
COMMENT: Best known objective: 1372.296
COMMENT: Computational time (s): 0.589759
NAME: c88_d81c
NUM_CAPACITIES: 1
NUM_VISITS: 88
NUM_VEHICLES: 9
CAPACITIES: 4
DATA_SECTION
DEPOTS
  0
  1
VISIT_LOCATION_SECTION
  2 20
  3 348
  4 450
  5 245
  6 76
  7 292
  8 444
  9 116
  10 84
  11 110
  12 234
  13 421
  14 276
  15 412
  16 134
  17 297
  18 425
  19 53
  20 232
  21 215
  22 281
  23 367
  24 22
  25 61
  26 49
  27 222
  28 184
  29 60
  30 238
  31 149
  32 131
  33 79
  34 168
  35 14
  36 356
  37 344
  38 51
  39 129
  40 155
  41 446
  42 141
  43 77
  44 279
  45 432
  46 243
  47 342
  48 89
  49 361
  50 137
  51 298
  52 108
  53 457
  54 50
  55 458
  56 322
  57 394
  58 433
  59 363
  60 86
  61 306
  62 381
  63 146
  64 171
  65 408
  66 70
  67 375
  68 382
  69 47
  70 142
  71 255
  72 400
  73 437
  74 63
  75 72
  76 54
  77 102
  78 252
  79 470
  80 218
  81 169
  82 162
  83 431
  84 330
  85 85
  86 237
  87 424
  88 13
  89 357
COMMENT: TIMESTEP: 1
ORDERS_SECTION
  1 2 3 4
  2 5 6
  3 7 8
  4 9 10
  5 11 12 13
  6 14 15 16
  7 17 18
  8 19 20
  9 21 22
  10 23 24 25
  11 26 27 28
  12 29 30
  13 31 32 33
  14 34 35 36
  15 37 38 39
  16 40 41
  17 42 43 44
  18 45 46
  19 47 48
  20 49 50 51
  21 52 53
  22 54 55
  23 56 57 58
  24 59 60 61
  25 62 63 64
  26 65 66 67
  27 68 69
  28 70 71 72
  29 73 74
  30 75 76
  31 77 78 79
  32 80 81 82
  33 83 84 85
  34 86 87
  35 88 89
TIME_AVAIL_SECTION
  1 1
  2 1
  3 1
  4 1
  5 1
  6 1
  7 1
  8 1
  9 1
  10 1
  11 1
  12 1
  13 1
  14 1
  15 1
  16 1
  17 1
  18 1
  19 1
  20 1
  21 1
  22 1
  23 1
  24 1
  25 1
  26 1
  27 1
  28 1
  29 1
  30 1
  31 1
  32 1
  33 1
  34 1
  35 1
EOF
