VRPTEST 1.0
COMMENT: descr: Modified tsplib for the OBP
COMMENT: Best known objective: 1768.676
COMMENT: Computational time (s): 0.467533
NAME: c155_bd85
NUM_CAPACITIES: 1
NUM_VISITS: 155
NUM_VEHICLES: 6
CAPACITIES: 5
DATA_SECTION
DEPOTS
  0
  1
VISIT_LOCATION_SECTION
  2 2
  3 196
  4 219
  5 187
  6 184
  7 225
  8 182
  9 211
  10 261
  11 96
  12 90
  13 112
  14 253
  15 163
  16 180
  17 236
  18 179
  19 158
  20 133
  21 151
  22 132
  23 32
  24 47
  25 50
  26 111
  27 55
  28 33
  29 21
  30 203
  31 213
  32 191
  33 183
  34 116
  35 156
  36 157
  37 172
  38 235
  39 230
  40 110
  41 129
  42 20
  43 19
  44 38
  45 224
  46 91
  47 100
  48 227
  49 171
  50 251
  51 214
  52 144
  53 159
  54 177
  55 237
  56 146
  57 231
  58 155
  59 160
  60 49
  61 93
  62 205
  63 223
  64 101
  65 95
  66 221
  67 121
  68 108
  69 57
  70 39
  71 189
  72 195
  73 258
  74 175
  75 217
  76 215
  77 140
  78 137
  79 120
  80 135
  81 164
  82 24
  83 59
  84 18
  85 51
  86 16
  87 66
  88 68
  89 4
  90 42
  91 70
  92 43
  93 71
  94 240
  95 226
  96 81
  97 247
  98 198
  99 148
  100 44
  101 209
  102 188
  103 244
  104 257
  105 192
  106 228
  107 207
  108 197
  109 229
  110 80
  111 134
  112 125
  113 169
  114 145
  115 150
  116 249
  117 152
  118 31
  119 22
  120 35
  121 34
  122 181
  123 52
  124 64
  125 220
  126 210
  127 92
  128 190
  129 212
  130 119
  131 149
  132 60
  133 40
  134 53
  135 27
  136 37
  137 69
  138 10
  139 11
  140 113
  141 56
  142 78
  143 259
  144 243
  145 193
  146 232
  147 248
  148 218
  149 200
  150 130
  151 233
  152 138
  153 143
  154 128
  155 131
  156 178
COMMENT: TIMESTEP: 1
ORDERS_SECTION
  1 2
  2 3 4 5 6 7 8 9 10 11 12
  3 13 14 15 16 17 18 19 20 21 22
  4 23 24 25 26 27 28 29
  5 30 31 32 33
  6 34 35 36 37 38 39 40 41
  7 42 43 44
  8 45 46 47 48
  9 49 50 51 52 53 54 55 56 57 58 59
  10 60
  11 61 62 63 64 65 66
  12 67 68
  13 69 70
  14 71 72 73
  15 74 75 76 77 78 79 80 81
  16 82 83 84 85 86 87 88 89 90 91 92
  17 93 94 95 96
  18 97 98 99
  19 100
  20 101 102 103 104 105 106 107 108 109 110
  21 111 112 113 114 115 116 117
  22 118 119 120 121 122 123 124
  23 125 126 127 128 129
  24 130 131
  25 132 133 134 135 136 137 138 139 140 141 142
  26 143 144 145
  27 146 147 148 149 150 151 152 153 154 155 156
TIME_AVAIL_SECTION
  1 1
  2 1
  3 1
  4 1
  5 1
  6 1
  7 1
  8 1
  9 1
  10 1
  11 1
  12 1
  13 1
  14 1
  15 1
  16 1
  17 1
  18 1
  19 1
  20 1
  21 1
  22 1
  23 1
  24 1
  25 1
  26 1
  27 1
EOF
