VRPTEST 1.0
COMMENT: descr: Modified tsplib for the OBP
COMMENT: Best known objective: 970.0
COMMENT: Computational time (s): 0.139
NAME: c154_2667
NUM_DEPOTS: 2
NUM_CAPACITIES: 1
NUM_VISITS: 154
NUM_LOCATIONS: 160
NUM_VEHICLES: 4
CAPACITIES: 8
DATA_SECTION
DEPOTS
  0
  1
LOCATION_COORD_SECTION
  0 5 20
  1 5 50
  2 63 60
  3 34 67
  4 25 56
  5 45 69
  6 18 58
  7 36 73
  8 54 60
  9 36 64
  10 23 53
  11 53 49
  12 43 74
  13 51 63
  14 49 61
  15 43 77
  16 40 53
  17 37 74
  18 52 66
  19 35 59
  20 43 50
  21 40 70
  22 42 48
  23 24 63
  24 35 51
  25 39 56
  26 20 59
  27 57 65
  28 49 63
  29 37 57
  30 63 54
  31 50 48
  32 31 68
  33 42 62
  34 17 57
  35 19 57
  36 15 52
  37 44 56
  38 31 57
  39 40 73
  40 64 49
  41 16 49
  42 68 51
  43 36 41
  44 53 42
  45 40 38
  46 44 38
  47 51 42
  48 23 41
  49 14 42
  50 28 42
  51 35 45
  52 32 44
  53 24 45
  54 62 45
  55 22 40
  56 31 40
  57 43 43
  58 50 44
  59 48 40
  60 59 42
  61 50 45
  62 25 46
  63 42 39
  64 56 41
  65 48 44
  66 37 38
  67 42 37
  68 44 41
  69 36 42
  70 54 41
  71 59 46
  72 60 43
  73 30 45
  74 43 34
  75 26 43
  76 51 46
  77 47 42
  78 21 43
  79 38 40
  80 46 38
  81 21 41
  82 61 40
  83 45 43
  84 55 43
  85 58 45
  86 20 46
  87 18 41
  88 29 30
  89 33 19
  90 20 31
  91 34 24
  92 41 20
  93 36 14
  94 38 10
  95 13 26
  96 28 31
  97 28 32
  98 13 37
  99 40 26
  100 28 26
  101 43 33
  102 28 22
  103 20 26
  104 27 17
  105 40 18
  106 38 20
  107 41 26
  108 22 31
  109 17 36
  110 30 11
  111 31 37
  112 24 20
  113 28 38
  114 23 24
  115 15 25
  116 31 13
  117 27 32
  118 31 38
  119 35 27
  120 20 34
  121 37 17
  122 23 21
  123 44 30
  124 46 28
  125 54 32
  126 75 28
  127 49 14
  128 59 30
  129 46 33
  130 46 14
  131 54 14
  132 48 22
  133 57 20
  134 75 29
  135 69 32
  136 73 36
  137 55 28
  138 56 22
  139 53 15
  140 63 38
  141 60 19
  142 55 20
  143 58 32
  144 66 29
  145 60 15
  146 51 17
  147 59 39
  148 46 11
  149 64 32
  150 56 17
  151 66 37
  152 75 33
  153 68 33
  154 70 23
  155 46 23
  156 10 10
  157 10 60
  158 12 60
  159 12 10
VISIT_LOCATION_SECTION
  2 2
  3 3
  4 4
  5 5
  6 6
  7 7
  8 8
  9 9
  10 10
  11 11
  12 12
  13 13
  14 14
  15 15
  16 16
  17 17
  18 18
  19 19
  20 20
  21 21
  22 22
  23 23
  24 24
  25 25
  26 26
  27 27
  28 28
  29 29
  30 30
  31 31
  32 32
  33 33
  34 34
  35 35
  36 36
  37 37
  38 38
  39 39
  40 40
  41 41
  42 42
  43 43
  44 44
  45 45
  46 46
  47 47
  48 48
  49 49
  50 50
  51 51
  52 52
  53 53
  54 54
  55 55
  56 56
  57 57
  58 58
  59 59
  60 60
  61 61
  62 62
  63 63
  64 64
  65 65
  66 66
  67 67
  68 68
  69 69
  70 70
  71 71
  72 72
  73 73
  74 74
  75 75
  76 76
  77 77
  78 78
  79 79
  80 80
  81 81
  82 82
  83 83
  84 84
  85 85
  86 86
  87 87
  88 88
  89 89
  90 90
  91 91
  92 92
  93 93
  94 94
  95 95
  96 96
  97 97
  98 98
  99 99
  100 100
  101 101
  102 102
  103 103
  104 104
  105 105
  106 106
  107 107
  108 108
  109 109
  110 110
  111 111
  112 112
  113 113
  114 114
  115 115
  116 116
  117 117
  118 118
  119 119
  120 120
  121 121
  122 122
  123 123
  124 124
  125 125
  126 126
  127 127
  128 128
  129 129
  130 130
  131 131
  132 132
  133 133
  134 134
  135 135
  136 136
  137 137
  138 138
  139 139
  140 140
  141 141
  142 142
  143 143
  144 144
  145 145
  146 146
  147 147
  148 148
  149 149
  150 150
  151 151
  152 152
  153 153
  154 154
  155 155
COMMENT: TIMESTEP: 1
ORDERS_SECTION
  1 2 3
  2 4 5 6 7 8 9 10
  3 11 12 13 14 15 16
  4 17 18 19 20 21 22 23
  5 24 25 26 27
  6 28 29 30
  7 31 32 33 34 35 36
  8 37 38 39 40 41 42
  9 43 44 45 46 47 48 49 50
  10 51 52 53 54 55 56 57
  11 58 59 60 61 62 63 64
  12 65 66 67 68 69 70 71 72
  13 73 74 75
  14 76 77 78
  15 79 80 81 82 83 84
  16 85 86 87
  17 88 89 90 91 92 93 94 95
  18 96 97 98 99 100 101 102 103
  19 104 105 106
  20 107 108 109 110
  21 111 112 113 114 115 116 117 118
  22 119 120
  23 121 122
  24 123 124 125 126 127 128
  25 129 130 131
  26 132 133 134
  27 135 136 137 138 139 140 141
  28 142 143 144
  29 145 146 147 148 149 150 151
  30 152 153 154 155
TIME_AVAIL_SECTION
  1 1
  2 1
  3 1
  4 1
  5 1
  6 1
  7 1
  8 1
  9 1
  10 1
  11 1
  12 1
  13 1
  14 1
  15 1
  16 1
  17 1
  18 1
  19 1
  20 1
  21 1
  22 1
  23 1
  24 1
  25 1
  26 1
  27 1
  28 1
  29 1
  30 1
OBSTACLES
  1 156 157 158 159
EOF
