VRPTEST 1.0
COMMENT: descr: Modified tsplib for the OBP
COMMENT: Best known objective: 406.0
COMMENT: Computational time (s): 0.034
NAME: c50_1d54
NUM_DEPOTS: 2
NUM_CAPACITIES: 1
NUM_VISITS: 50
NUM_LOCATIONS: 140
NUM_VEHICLES: 2
CAPACITIES: 8
DATA_SECTION
DEPOTS
  0
  1
LOCATION_COORD_SECTION
  0 5 30
  1 5 15
  2 26 24
  3 30 28
  4 30 20
  5 26 20
  6 32 20
  7 30 24
  8 32 16
  9 30 12
  10 26 16
  11 32 24
  12 26 12
  13 36 20
  14 32 28
  15 18 20
  16 24 24
  17 18 16
  18 14 24
  19 18 12
  20 14 28
  21 20 28
  22 20 24
  23 20 12
  24 18 28
  25 24 28
  26 18 24
  27 14 20
  28 20 20
  29 14 16
  30 54 16
  31 56 12
  32 54 12
  33 60 12
  34 48 16
  35 68 20
  36 54 20
  37 62 20
  38 66 24
  39 50 16
  40 68 28
  41 60 28
  42 60 43
  43 60 39
  44 56 28
  45 66 28
  46 54 28
  47 64 39
  48 56 39
  49 50 28
  50 48 28
  51 62 28
  52 15 10
  53 15 30
  54 17 30
  55 17 10
  56 21 10
  57 21 30
  58 23 30
  59 23 10
  60 27 10
  61 27 30
  62 29 30
  63 29 10
  64 33 10
  65 33 30
  66 35 30
  67 35 10
  68 39 10
  69 39 30
  70 41 30
  71 41 10
  72 45 10
  73 45 30
  74 47 30
  75 47 10
  76 51 10
  77 51 30
  78 53 30
  79 53 10
  80 57 10
  81 57 30
  82 59 30
  83 59 10
  84 63 10
  85 63 30
  86 65 30
  87 65 10
  88 69 10
  89 69 30
  90 71 30
  91 71 10
  92 5 40
  93 5 42
  94 30 42
  95 30 40
  96 5 46
  97 5 48
  98 31 48
  99 31 46
  100 5 52
  101 5 54
  102 32 54
  103 32 52
  104 5 58
  105 5 60
  106 33 60
  107 33 58
  108 5 64
  109 5 66
  110 34 66
  111 34 64
  112 5 70
  113 5 72
  114 35 72
  115 35 70
  116 40 40
  117 40 42
  118 75 42
  119 75 40
  120 41 46
  121 41 48
  122 75 48
  123 75 46
  124 42 52
  125 42 54
  126 75 54
  127 75 52
  128 43 58
  129 43 60
  130 75 60
  131 75 58
  132 44 64
  133 44 66
  134 75 66
  135 75 64
  136 45 70
  137 45 72
  138 75 72
  139 75 70
VISIT_LOCATION_SECTION
  2 2
  3 3
  4 4
  5 5
  6 6
  7 7
  8 8
  9 9
  10 10
  11 11
  12 12
  13 13
  14 14
  15 15
  16 16
  17 17
  18 18
  19 19
  20 20
  21 21
  22 22
  23 23
  24 24
  25 25
  26 26
  27 27
  28 28
  29 29
  30 30
  31 31
  32 32
  33 33
  34 34
  35 35
  36 36
  37 37
  38 38
  39 39
  40 40
  41 41
  42 42
  43 43
  44 44
  45 45
  46 46
  47 47
  48 48
  49 49
  50 50
  51 51
COMMENT: TIMESTEP: 1
ORDERS_SECTION
  1 2 3 4 5
  2 6 7 8
  3 9 10 11 12 13 14
  4 15 16 17 18
  5 19 20 21 22 23 24
  6 25 26 27 28 29
  7 30 31 32
  8 33 34 35 36 37
  9 38 39
  10 40 41
  11 42 43 44 45 46 47
  12 48 49 50 51
TIME_AVAIL_SECTION
  1 1
  2 1
  3 1
  4 1
  5 1
  6 1
  7 1
  8 1
  9 1
  10 1
  11 1
  12 1
OBSTACLES
  1 52 53 54 55
  2 56 57 58 59
  3 60 61 62 63
  4 64 65 66 67
  5 68 69 70 71
  6 72 73 74 75
  7 76 77 78 79
  8 80 81 82 83
  9 84 85 86 87
  10 88 89 90 91
  11 92 93 94 95
  12 96 97 98 99
  13 100 101 102 103
  14 104 105 106 107
  15 108 109 110 111
  16 112 113 114 115
  17 116 117 118 119
  18 120 121 122 123
  19 124 125 126 127
  20 128 129 130 131
  21 132 133 134 135
  22 136 137 138 139
EOF
