VRPTEST 1.0
COMMENT: descr: Modified tsplib for the OBP
COMMENT: Best known objective: 764.0
COMMENT: Computational time (s): 0.064
NAME: c84_2598
NUM_DEPOTS: 2
NUM_CAPACITIES: 1
NUM_VISITS: 84
NUM_LOCATIONS: 154
NUM_VEHICLES: 4
CAPACITIES: 4
DATA_SECTION
DEPOTS
  0
  1
LOCATION_COORD_SECTION
  0 70 40
  1 65 60
  2 15 28
  3 25 28
  4 25 16
  5 19 24
  6 25 20
  7 9 28
  8 33 28
  9 15 24
  10 33 24
  11 27 28
  12 25 24
  13 27 20
  14 21 28
  15 27 24
  16 21 20
  17 19 20
  18 21 16
  19 31 28
  20 19 28
  21 43 24
  22 43 28
  23 39 24
  24 40 49
  25 36 39
  26 39 28
  27 40 39
  28 45 28
  29 49 28
  30 49 24
  31 48 51
  32 48 49
  33 45 24
  34 44 45
  35 51 28
  36 48 39
  37 40 45
  38 36 45
  39 36 43
  40 37 24
  41 48 43
  42 44 43
  43 40 43
  44 16 39
  45 20 39
  46 16 43
  47 16 45
  48 12 39
  49 12 43
  50 20 49
  51 24 39
  52 20 51
  53 32 43
  54 24 45
  55 20 43
  56 20 45
  57 28 45
  58 32 39
  59 12 49
  60 24 49
  61 28 43
  62 16 49
  63 12 45
  64 16 51
  65 24 51
  66 24 43
  67 28 39
  68 32 45
  69 24 55
  70 28 49
  71 24 61
  72 32 51
  73 32 49
  74 28 67
  75 28 63
  76 40 57
  77 44 55
  78 32 69
  79 40 61
  80 28 51
  81 24 69
  82 20 67
  83 44 63
  84 20 63
  85 32 73
  86 10 10
  87 10 30
  88 12 30
  89 12 10
  90 16 10
  91 16 30
  92 18 30
  93 18 10
  94 22 10
  95 22 30
  96 24 30
  97 24 10
  98 28 10
  99 28 30
  100 30 30
  101 30 10
  102 34 10
  103 34 30
  104 36 30
  105 36 10
  106 40 10
  107 40 30
  108 42 30
  109 42 10
  110 46 10
  111 46 30
  112 48 30
  113 48 10
  114 52 10
  115 52 30
  116 54 30
  117 54 10
  118 58 10
  119 58 30
  120 60 30
  121 60 10
  122 64 10
  123 64 30
  124 66 30
  125 66 10
  126 70 10
  127 70 30
  128 72 30
  129 72 10
  130 10 40
  131 10 42
  132 50 42
  133 50 40
  134 10 46
  135 10 48
  136 50 48
  137 50 46
  138 10 52
  139 10 54
  140 50 54
  141 50 52
  142 10 58
  143 10 60
  144 50 60
  145 50 58
  146 10 64
  147 10 66
  148 50 66
  149 50 64
  150 10 70
  151 10 72
  152 50 72
  153 50 70
VISIT_LOCATION_SECTION
  2 2
  3 3
  4 4
  5 5
  6 6
  7 7
  8 8
  9 9
  10 10
  11 11
  12 12
  13 13
  14 14
  15 15
  16 16
  17 17
  18 18
  19 19
  20 20
  21 21
  22 22
  23 23
  24 24
  25 25
  26 26
  27 27
  28 28
  29 29
  30 30
  31 31
  32 32
  33 33
  34 34
  35 35
  36 36
  37 37
  38 38
  39 39
  40 40
  41 41
  42 42
  43 43
  44 44
  45 45
  46 46
  47 47
  48 48
  49 49
  50 50
  51 51
  52 52
  53 53
  54 54
  55 55
  56 56
  57 57
  58 58
  59 59
  60 60
  61 61
  62 62
  63 63
  64 64
  65 65
  66 66
  67 67
  68 68
  69 69
  70 70
  71 71
  72 72
  73 73
  74 74
  75 75
  76 76
  77 77
  78 78
  79 79
  80 80
  81 81
  82 82
  83 83
  84 84
  85 85
COMMENT: TIMESTEP: 1
ORDERS_SECTION
  1 2 3 4 5 6
  2 7 8 9 10 11 12
  3 13 14 15 16
  4 17 18 19 20
  5 21 22 23 24
  6 25 26 27 28 29 30
  7 31 32 33 34 35 36 37
  8 38 39 40 41 42 43
  9 44 45 46 47 48 49 50 51
  10 52 53 54 55 56
  11 57 58 59 60 61
  12 62 63 64 65 66 67 68
  13 69 70 71 72 73 74 75 76
  14 77 78
  15 79 80 81 82 83 84 85
TIME_AVAIL_SECTION
  1 1
  2 1
  3 1
  4 1
  5 1
  6 1
  7 1
  8 1
  9 1
  10 1
  11 1
  12 1
  13 1
  14 1
  15 1
OBSTACLES
  1 86 87 88 89
  2 90 91 92 93
  3 94 95 96 97
  4 98 99 100 101
  5 102 103 104 105
  6 106 107 108 109
  7 110 111 112 113
  8 114 115 116 117
  9 118 119 120 121
  10 122 123 124 125
  11 126 127 128 129
  12 130 131 132 133
  13 134 135 136 137
  14 138 139 140 141
  15 142 143 144 145
  16 146 147 148 149
  17 150 151 152 153
EOF
