VRPTEST 1.0
COMMENT: descr: Modified tsplib for the OBP
COMMENT: Best known objective: 480.0
COMMENT: Computational time (s): 0.05
NAME: c82_1032
NUM_DEPOTS: 2
NUM_CAPACITIES: 1
NUM_VISITS: 82
NUM_LOCATIONS: 84
NUM_VEHICLES: 3
CAPACITIES: 4
DATA_SECTION
DEPOTS
  0
  1
LOCATION_COORD_SECTION
  0 5 30
  1 5 50
  2 25 48
  3 21 49
  4 27 26
  5 13 36
  6 30 34
  7 17 35
  8 34 35
  9 23 35
  10 17 27
  11 18 36
  12 22 26
  13 8 43
  14 6 42
  15 10 40
  16 16 36
  17 12 43
  18 28 35
  19 27 42
  20 10 42
  21 15 28
  22 24 33
  23 31 44
  24 21 43
  25 13 49
  26 28 43
  27 25 34
  28 44 39
  29 36 38
  30 49 40
  31 58 49
  32 32 47
  33 50 51
  34 41 38
  35 43 49
  36 55 43
  37 44 57
  38 36 51
  39 39 58
  40 40 57
  41 44 43
  42 57 45
  43 36 53
  44 38 48
  45 52 44
  46 38 41
  47 36 36
  48 55 44
  49 46 42
  50 38 42
  51 58 45
  52 50 44
  53 53 46
  54 46 56
  55 8 64
  56 14 54
  57 14 70
  58 17 71
  59 11 62
  60 27 72
  61 20 72
  62 7 61
  63 13 70
  64 20 70
  65 16 52
  66 15 51
  67 33 56
  68 28 61
  69 20 59
  70 44 10
  71 50 33
  72 45 33
  73 25 17
  74 28 16
  75 28 13
  76 17 21
  77 44 24
  78 40 24
  79 45 25
  80 44 13
  81 51 11
  82 53 18
  83 50 15
VISIT_LOCATION_SECTION
  2 2
  3 3
  4 4
  5 5
  6 6
  7 7
  8 8
  9 9
  10 10
  11 11
  12 12
  13 13
  14 14
  15 15
  16 16
  17 17
  18 18
  19 19
  20 20
  21 21
  22 22
  23 23
  24 24
  25 25
  26 26
  27 27
  28 28
  29 29
  30 30
  31 31
  32 32
  33 33
  34 34
  35 35
  36 36
  37 37
  38 38
  39 39
  40 40
  41 41
  42 42
  43 43
  44 44
  45 45
  46 46
  47 47
  48 48
  49 49
  50 50
  51 51
  52 52
  53 53
  54 54
  55 55
  56 56
  57 57
  58 58
  59 59
  60 60
  61 61
  62 62
  63 63
  64 64
  65 65
  66 66
  67 67
  68 68
  69 69
  70 70
  71 71
  72 72
  73 73
  74 74
  75 75
  76 76
  77 77
  78 78
  79 79
  80 80
  81 81
  82 82
  83 83
COMMENT: TIMESTEP: 1
ORDERS_SECTION
  1 2 3 4 5 6 7 8 9 10 11 12 13 14
  2 15 16 17 18 19 20 21
  3 22 23 24 25 26 27
  4 28 29 30 31 32 33 34 35 36 37 38
  5 39 40 41 42
  6 43 44 45 46 47 48 49 50 51 52 53 54
  7 55 56 57 58 59 60 61 62 63
  8 64 65 66 67 68 69
  9 70 71 72 73 74 75 76 77 78
  10 79 80 81 82 83
TIME_AVAIL_SECTION
  1 1
  2 1
  3 1
  4 1
  5 1
  6 1
  7 1
  8 1
  9 1
  10 1
EOF
