VRPTEST 1.0
COMMENT: descr: Modified tsplib for the OBP
COMMENT: Best known objective: 1456.0
COMMENT: Computational time (s): 0.195
NAME: c224_1d6f
NUM_DEPOTS: 2
NUM_CAPACITIES: 1
NUM_VISITS: 224
NUM_LOCATIONS: 230
NUM_VEHICLES: 7
CAPACITIES: 6
DATA_SECTION
DEPOTS
  0
  1
LOCATION_COORD_SECTION
  0 5 20
  1 5 50
  2 55 29
  3 54 35
  4 75 33
  5 60 40
  6 55 34
  7 61 39
  8 63 18
  9 63 22
  10 58 32
  11 66 33
  12 59 27
  13 68 40
  14 66 37
  15 74 25
  16 65 32
  17 63 19
  18 67 37
  19 69 29
  20 60 19
  21 70 26
  22 68 28
  23 66 22
  24 67 21
  25 59 32
  26 75 29
  27 61 40
  28 68 33
  29 63 38
  30 73 36
  31 77 36
  32 59 10
  33 66 29
  34 54 38
  35 57 20
  36 57 16
  37 58 16
  38 73 26
  39 71 32
  40 55 28
  41 63 15
  42 75 28
  43 61 36
  44 66 39
  45 60 25
  46 66 31
  47 69 38
  48 68 25
  49 64 32
  50 60 15
  51 74 37
  52 69 32
  53 70 23
  54 59 39
  55 72 29
  56 73 52
  57 56 68
  58 47 58
  59 74 44
  60 49 62
  61 54 48
  62 53 53
  63 62 54
  64 51 63
  65 65 44
  66 51 65
  67 65 50
  68 69 41
  69 73 42
  70 58 45
  71 53 49
  72 58 59
  73 58 63
  74 62 45
  75 59 44
  76 50 45
  77 46 51
  78 63 54
  79 49 48
  80 44 48
  81 56 41
  82 64 56
  83 48 44
  84 50 44
  85 70 44
  86 64 49
  87 49 61
  88 59 66
  89 44 56
  90 57 65
  91 48 54
  92 52 56
  93 47 52
  94 71 53
  95 59 50
  96 69 52
  97 47 49
  98 70 47
  99 67 57
  100 49 63
  101 50 48
  102 53 42
  103 64 55
  104 66 47
  105 32 50
  106 22 40
  107 23 53
  108 18 41
  109 36 42
  110 20 46
  111 20 49
  112 27 59
  113 36 64
  114 25 53
  115 42 39
  116 25 56
  117 37 59
  118 23 32
  119 34 51
  120 36 41
  121 31 38
  122 40 33
  123 38 40
  124 20 47
  125 16 49
  126 40 38
  127 43 48
  128 36 61
  129 35 59
  130 35 45
  131 25 46
  132 21 41
  133 33 27
  134 29 30
  135 19 39
  136 39 46
  137 32 44
  138 42 55
  139 19 48
  140 40 46
  141 28 38
  142 40 40
  143 31 47
  144 39 56
  145 31 37
  146 40 34
  147 13 44
  148 35 51
  149 22 48
  150 31 40
  151 45 45
  152 16 50
  153 33 59
  154 28 42
  155 33 56
  156 41 56
  157 28 31
  158 40 53
  159 42 48
  160 27 32
  161 31 45
  162 43 43
  163 16 43
  164 28 46
  165 34 67
  166 23 51
  167 48 24
  168 45 8
  169 49 14
  170 40 26
  171 40 13
  172 34 24
  173 30 21
  174 43 13
  175 28 26
  176 49 22
  177 28 22
  178 46 38
  179 42 18
  180 49 34
  181 52 29
  182 36 18
  183 55 10
  184 35 27
  185 40 29
  186 33 19
  187 53 15
  188 51 17
  189 40 25
  190 36 22
  191 43 23
  192 46 28
  193 55 25
  194 32 22
  195 38 15
  196 47 36
  197 52 25
  198 42 8
  199 39 26
  200 56 19
  201 26 26
  202 44 30
  203 54 14
  204 36 14
  205 49 35
  206 41 20
  207 47 25
  208 43 21
  209 50 7
  210 41 23
  211 55 20
  212 50 11
  213 46 14
  214 51 23
  215 46 33
  216 46 23
  217 50 8
  218 38 20
  219 51 19
  220 52 14
  221 51 6
  222 42 29
  223 46 11
  224 56 22
  225 40 18
  226 10 10
  227 10 60
  228 12 60
  229 12 10
VISIT_LOCATION_SECTION
  2 2
  3 3
  4 4
  5 5
  6 6
  7 7
  8 8
  9 9
  10 10
  11 11
  12 12
  13 13
  14 14
  15 15
  16 16
  17 17
  18 18
  19 19
  20 20
  21 21
  22 22
  23 23
  24 24
  25 25
  26 26
  27 27
  28 28
  29 29
  30 30
  31 31
  32 32
  33 33
  34 34
  35 35
  36 36
  37 37
  38 38
  39 39
  40 40
  41 41
  42 42
  43 43
  44 44
  45 45
  46 46
  47 47
  48 48
  49 49
  50 50
  51 51
  52 52
  53 53
  54 54
  55 55
  56 56
  57 57
  58 58
  59 59
  60 60
  61 61
  62 62
  63 63
  64 64
  65 65
  66 66
  67 67
  68 68
  69 69
  70 70
  71 71
  72 72
  73 73
  74 74
  75 75
  76 76
  77 77
  78 78
  79 79
  80 80
  81 81
  82 82
  83 83
  84 84
  85 85
  86 86
  87 87
  88 88
  89 89
  90 90
  91 91
  92 92
  93 93
  94 94
  95 95
  96 96
  97 97
  98 98
  99 99
  100 100
  101 101
  102 102
  103 103
  104 104
  105 105
  106 106
  107 107
  108 108
  109 109
  110 110
  111 111
  112 112
  113 113
  114 114
  115 115
  116 116
  117 117
  118 118
  119 119
  120 120
  121 121
  122 122
  123 123
  124 124
  125 125
  126 126
  127 127
  128 128
  129 129
  130 130
  131 131
  132 132
  133 133
  134 134
  135 135
  136 136
  137 137
  138 138
  139 139
  140 140
  141 141
  142 142
  143 143
  144 144
  145 145
  146 146
  147 147
  148 148
  149 149
  150 150
  151 151
  152 152
  153 153
  154 154
  155 155
  156 156
  157 157
  158 158
  159 159
  160 160
  161 161
  162 162
  163 163
  164 164
  165 165
  166 166
  167 167
  168 168
  169 169
  170 170
  171 171
  172 172
  173 173
  174 174
  175 175
  176 176
  177 177
  178 178
  179 179
  180 180
  181 181
  182 182
  183 183
  184 184
  185 185
  186 186
  187 187
  188 188
  189 189
  190 190
  191 191
  192 192
  193 193
  194 194
  195 195
  196 196
  197 197
  198 198
  199 199
  200 200
  201 201
  202 202
  203 203
  204 204
  205 205
  206 206
  207 207
  208 208
  209 209
  210 210
  211 211
  212 212
  213 213
  214 214
  215 215
  216 216
  217 217
  218 218
  219 219
  220 220
  221 221
  222 222
  223 223
  224 224
  225 225
COMMENT: TIMESTEP: 1
ORDERS_SECTION
  1 2 3 4 5 6 7 8
  2 9 10 11 12 13 14
  3 15 16 17 18 19 20 21
  4 22 23 24
  5 25 26 27 28
  6 29 30 31 32 33 34 35 36
  7 37 38
  8 39 40 41 42 43 44 45
  9 46 47 48 49 50 51 52 53
  10 54 55
  11 56 57
  12 58 59 60 61 62 63 64
  13 65 66 67 68 69 70
  14 71 72
  15 73 74 75 76 77 78 79 80
  16 81 82 83 84
  17 85 86 87 88
  18 89 90 91
  19 92 93 94 95 96
  20 97 98 99 100 101 102 103 104
  21 105 106 107 108 109 110 111 112
  22 113 114 115 116 117 118 119 120
  23 121 122 123 124 125 126 127 128
  24 129 130 131 132 133 134 135 136
  25 137 138 139 140 141
  26 142 143 144 145 146 147 148
  27 149 150 151 152 153 154 155
  28 156 157 158 159
  29 160 161
  30 162 163 164 165 166
  31 167 168 169 170
  32 171 172 173 174 175 176 177 178
  33 179 180 181 182 183 184 185
  34 186 187 188 189 190
  35 191 192 193 194 195 196
  36 197 198 199 200 201 202 203 204
  37 205 206 207 208 209
  38 210 211 212 213 214 215
  39 216 217 218 219 220
  40 221 222 223 224 225
TIME_AVAIL_SECTION
  1 1
  2 1
  3 1
  4 1
  5 1
  6 1
  7 1
  8 1
  9 1
  10 1
  11 1
  12 1
  13 1
  14 1
  15 1
  16 1
  17 1
  18 1
  19 1
  20 1
  21 1
  22 1
  23 1
  24 1
  25 1
  26 1
  27 1
  28 1
  29 1
  30 1
  31 1
  32 1
  33 1
  34 1
  35 1
  36 1
  37 1
  38 1
  39 1
  40 1
OBSTACLES
  1 226 227 228 229
EOF
