VRPTEST 1.0
COMMENT: descr: Modified tsplib for the OBP
COMMENT: Best known objective: 832.0
COMMENT: Computational time (s): 0.094
NAME: c141_0e19
NUM_DEPOTS: 2
NUM_CAPACITIES: 1
NUM_VISITS: 141
NUM_LOCATIONS: 143
NUM_VEHICLES: 6
CAPACITIES: 4
DATA_SECTION
DEPOTS
  0
  1
LOCATION_COORD_SECTION
  0 5 30
  1 5 50
  2 73 33
  3 71 40
  4 54 15
  5 50 35
  6 57 19
  7 63 18
  8 59 30
  9 50 24
  10 63 41
  11 45 25
  12 58 15
  13 45 33
  14 42 31
  15 57 27
  16 48 16
  17 58 27
  18 45 18
  19 64 30
  20 73 36
  21 61 41
  22 68 24
  23 75 30
  24 59 18
  25 54 16
  26 62 27
  27 54 31
  28 50 36
  29 56 32
  30 63 42
  31 52 56
  32 75 54
  33 61 68
  34 58 60
  35 55 59
  36 70 58
  37 51 50
  38 71 46
  39 58 55
  40 72 56
  41 51 63
  42 52 44
  43 45 42
  44 65 58
  45 58 70
  46 69 44
  47 66 58
  48 60 47
  49 62 45
  50 46 50
  51 60 58
  52 61 64
  53 54 68
  54 52 67
  55 59 59
  56 54 72
  57 46 64
  58 54 62
  59 70 56
  60 55 44
  61 72 54
  62 60 69
  63 64 56
  64 39 66
  65 20 57
  66 35 66
  67 36 53
  68 25 56
  69 32 69
  70 26 53
  71 38 65
  72 37 73
  73 41 65
  74 28 57
  75 21 54
  76 22 57
  77 37 61
  78 20 59
  79 17 54
  80 33 53
  81 33 71
  82 24 53
  83 30 69
  84 22 61
  85 32 71
  86 14 54
  87 36 75
  88 34 70
  89 33 56
  90 34 56
  91 39 52
  92 28 65
  93 29 56
  94 38 63
  95 37 47
  96 32 47
  97 30 34
  98 27 42
  99 22 48
  100 24 50
  101 24 42
  102 31 44
  103 16 52
  104 32 45
  105 44 43
  106 38 42
  107 26 46
  108 38 49
  109 38 43
  110 39 45
  111 41 50
  112 29 42
  113 23 47
  114 42 50
  115 20 46
  116 35 29
  117 30 33
  118 25 48
  119 21 50
  120 13 49
  121 28 44
  122 34 35
  123 26 47
  124 38 48
  125 17 45
  126 36 36
  127 31 32
  128 43 49
  129 33 42
  130 33 44
  131 28 43
  132 36 51
  133 31 35
  134 36 34
  135 38 41
  136 28 45
  137 34 52
  138 36 38
  139 43 50
  140 39 51
  141 44 46
  142 25 50
VISIT_LOCATION_SECTION
  2 2
  3 3
  4 4
  5 5
  6 6
  7 7
  8 8
  9 9
  10 10
  11 11
  12 12
  13 13
  14 14
  15 15
  16 16
  17 17
  18 18
  19 19
  20 20
  21 21
  22 22
  23 23
  24 24
  25 25
  26 26
  27 27
  28 28
  29 29
  30 30
  31 31
  32 32
  33 33
  34 34
  35 35
  36 36
  37 37
  38 38
  39 39
  40 40
  41 41
  42 42
  43 43
  44 44
  45 45
  46 46
  47 47
  48 48
  49 49
  50 50
  51 51
  52 52
  53 53
  54 54
  55 55
  56 56
  57 57
  58 58
  59 59
  60 60
  61 61
  62 62
  63 63
  64 64
  65 65
  66 66
  67 67
  68 68
  69 69
  70 70
  71 71
  72 72
  73 73
  74 74
  75 75
  76 76
  77 77
  78 78
  79 79
  80 80
  81 81
  82 82
  83 83
  84 84
  85 85
  86 86
  87 87
  88 88
  89 89
  90 90
  91 91
  92 92
  93 93
  94 94
  95 95
  96 96
  97 97
  98 98
  99 99
  100 100
  101 101
  102 102
  103 103
  104 104
  105 105
  106 106
  107 107
  108 108
  109 109
  110 110
  111 111
  112 112
  113 113
  114 114
  115 115
  116 116
  117 117
  118 118
  119 119
  120 120
  121 121
  122 122
  123 123
  124 124
  125 125
  126 126
  127 127
  128 128
  129 129
  130 130
  131 131
  132 132
  133 133
  134 134
  135 135
  136 136
  137 137
  138 138
  139 139
  140 140
  141 141
  142 142
COMMENT: TIMESTEP: 1
ORDERS_SECTION
  1 2 3
  2 4 5 6 7
  3 8 9 10 11 12 13 14 15 16 17 18
  4 19 20 21 22 23 24 25 26
  5 27 28 29 30
  6 31 32 33 34 35 36 37 38 39 40 41 42 43
  7 44 45 46 47 48 49
  8 50 51 52
  9 53 54 55 56 57 58 59 60 61
  10 62 63
  11 64 65 66 67 68 69 70
  12 71 72
  13 73 74 75
  14 76 77 78 79 80 81 82 83
  15 84 85 86 87 88 89 90 91 92 93 94
  16 95 96 97 98 99 100 101
  17 102 103 104 105 106 107 108 109 110 111 112
  18 113 114 115 116 117 118 119 120 121 122 123 124 125
  19 126 127 128 129 130 131
  20 132 133 134 135 136 137 138 139 140 141 142
TIME_AVAIL_SECTION
  1 1
  2 1
  3 1
  4 1
  5 1
  6 1
  7 1
  8 1
  9 1
  10 1
  11 1
  12 1
  13 1
  14 1
  15 1
  16 1
  17 1
  18 1
  19 1
  20 1
EOF
