VRPTEST 1.0
COMMENT: descr: Modified tsplib for the OBP
COMMENT: Best known objective: 1703.0
COMMENT: Computational time (s): 0.09
NAME: c143_0d57
NUM_DEPOTS: 2
NUM_CAPACITIES: 1
NUM_VISITS: 143
NUM_LOCATIONS: 213
NUM_VEHICLES: 8
CAPACITIES: 4
DATA_SECTION
DEPOTS
  0
  1
LOCATION_COORD_SECTION
  0 70 40
  1 65 60
  2 57 28
  3 63 28
  4 57 24
  5 49 12
  6 49 24
  7 45 16
  8 43 24
  9 63 24
  10 61 28
  11 55 24
  12 51 24
  13 69 16
  14 67 20
  15 49 20
  16 67 24
  17 67 28
  18 49 28
  19 61 20
  20 73 24
  21 63 12
  22 57 12
  23 45 20
  24 63 16
  25 55 12
  26 73 20
  27 43 20
  28 61 24
  29 49 16
  30 55 16
  31 51 16
  32 55 28
  33 67 12
  34 69 12
  35 51 12
  36 67 16
  37 69 24
  38 55 20
  39 63 20
  40 69 20
  41 73 16
  42 57 20
  43 61 12
  44 45 28
  45 61 16
  46 24 55
  47 12 63
  48 20 49
  49 32 57
  50 24 57
  51 28 55
  52 12 61
  53 16 45
  54 20 63
  55 20 43
  56 16 43
  57 20 55
  58 24 45
  59 12 43
  60 32 61
  61 12 67
  62 36 61
  63 32 49
  64 28 67
  65 32 51
  66 24 67
  67 16 69
  68 16 61
  69 36 63
  70 36 57
  71 16 57
  72 24 73
  73 16 67
  74 24 69
  75 16 63
  76 12 55
  77 16 55
  78 28 49
  79 28 57
  80 28 69
  81 28 61
  82 20 51
  83 39 20
  84 48 49
  85 32 39
  86 48 43
  87 44 49
  88 36 49
  89 40 55
  90 36 45
  91 44 55
  92 44 45
  93 40 51
  94 37 24
  95 44 43
  96 43 28
  97 36 51
  98 32 43
  99 48 45
  100 40 57
  101 44 51
  102 37 20
  103 48 51
  104 39 28
  105 40 61
  106 36 43
  107 32 45
  108 40 43
  109 40 39
  110 39 24
  111 27 16
  112 31 24
  113 13 28
  114 13 24
  115 28 43
  116 19 20
  117 15 28
  118 20 39
  119 24 39
  120 15 24
  121 27 20
  122 33 20
  123 28 45
  124 27 24
  125 21 20
  126 25 28
  127 27 12
  128 33 24
  129 28 39
  130 31 16
  131 19 24
  132 25 16
  133 24 43
  134 25 20
  135 31 28
  136 9 28
  137 25 12
  138 21 16
  139 27 28
  140 19 28
  141 16 39
  142 21 28
  143 25 24
  144 31 20
  145 10 10
  146 10 30
  147 12 30
  148 12 10
  149 16 10
  150 16 30
  151 18 30
  152 18 10
  153 22 10
  154 22 30
  155 24 30
  156 24 10
  157 28 10
  158 28 30
  159 30 30
  160 30 10
  161 34 10
  162 34 30
  163 36 30
  164 36 10
  165 40 10
  166 40 30
  167 42 30
  168 42 10
  169 46 10
  170 46 30
  171 48 30
  172 48 10
  173 52 10
  174 52 30
  175 54 30
  176 54 10
  177 58 10
  178 58 30
  179 60 30
  180 60 10
  181 64 10
  182 64 30
  183 66 30
  184 66 10
  185 70 10
  186 70 30
  187 72 30
  188 72 10
  189 10 40
  190 10 42
  191 50 42
  192 50 40
  193 10 46
  194 10 48
  195 50 48
  196 50 46
  197 10 52
  198 10 54
  199 50 54
  200 50 52
  201 10 58
  202 10 60
  203 50 60
  204 50 58
  205 10 64
  206 10 66
  207 50 66
  208 50 64
  209 10 70
  210 10 72
  211 50 72
  212 50 70
VISIT_LOCATION_SECTION
  2 2
  3 3
  4 4
  5 5
  6 6
  7 7
  8 8
  9 9
  10 10
  11 11
  12 12
  13 13
  14 14
  15 15
  16 16
  17 17
  18 18
  19 19
  20 20
  21 21
  22 22
  23 23
  24 24
  25 25
  26 26
  27 27
  28 28
  29 29
  30 30
  31 31
  32 32
  33 33
  34 34
  35 35
  36 36
  37 37
  38 38
  39 39
  40 40
  41 41
  42 42
  43 43
  44 44
  45 45
  46 46
  47 47
  48 48
  49 49
  50 50
  51 51
  52 52
  53 53
  54 54
  55 55
  56 56
  57 57
  58 58
  59 59
  60 60
  61 61
  62 62
  63 63
  64 64
  65 65
  66 66
  67 67
  68 68
  69 69
  70 70
  71 71
  72 72
  73 73
  74 74
  75 75
  76 76
  77 77
  78 78
  79 79
  80 80
  81 81
  82 82
  83 83
  84 84
  85 85
  86 86
  87 87
  88 88
  89 89
  90 90
  91 91
  92 92
  93 93
  94 94
  95 95
  96 96
  97 97
  98 98
  99 99
  100 100
  101 101
  102 102
  103 103
  104 104
  105 105
  106 106
  107 107
  108 108
  109 109
  110 110
  111 111
  112 112
  113 113
  114 114
  115 115
  116 116
  117 117
  118 118
  119 119
  120 120
  121 121
  122 122
  123 123
  124 124
  125 125
  126 126
  127 127
  128 128
  129 129
  130 130
  131 131
  132 132
  133 133
  134 134
  135 135
  136 136
  137 137
  138 138
  139 139
  140 140
  141 141
  142 142
  143 143
  144 144
COMMENT: TIMESTEP: 1
ORDERS_SECTION
  1 2 3 4 5
  2 6 7 8 9
  3 10 11 12 13 14 15 16
  4 17 18 19 20 21 22 23
  5 24 25 26 27
  6 28 29 30 31 32
  7 33 34 35 36 37
  8 38 39 40 41 42 43 44 45
  9 46 47 48 49
  10 50 51 52 53 54 55
  11 56 57
  12 58 59 60 61 62
  13 63 64 65 66 67 68 69
  14 70 71 72 73
  15 74 75 76 77
  16 78 79 80 81 82
  17 83 84 85 86
  18 87 88
  19 89 90 91 92 93 94
  20 95 96 97 98
  21 99 100 101 102 103
  22 104 105 106 107
  23 108 109 110
  24 111 112 113
  25 114 115 116 117 118 119 120
  26 121 122 123 124
  27 125 126 127 128 129 130 131 132
  28 133 134 135 136 137
  29 138 139 140
  30 141 142 143 144
TIME_AVAIL_SECTION
  1 1
  2 1
  3 1
  4 1
  5 1
  6 1
  7 1
  8 1
  9 1
  10 1
  11 1
  12 1
  13 1
  14 1
  15 1
  16 1
  17 1
  18 1
  19 1
  20 1
  21 1
  22 1
  23 1
  24 1
  25 1
  26 1
  27 1
  28 1
  29 1
  30 1
OBSTACLES
  1 145 146 147 148
  2 149 150 151 152
  3 153 154 155 156
  4 157 158 159 160
  5 161 162 163 164
  6 165 166 167 168
  7 169 170 171 172
  8 173 174 175 176
  9 177 178 179 180
  10 181 182 183 184
  11 185 186 187 188
  12 189 190 191 192
  13 193 194 195 196
  14 197 198 199 200
  15 201 202 203 204
  16 205 206 207 208
  17 209 210 211 212
EOF
