VRPTEST 1.0
COMMENT: descr: Modified tsplib for the OBP
COMMENT: Best known objective: 1570.0
COMMENT: Computational time (s): 0.097
NAME: c122_10fc
NUM_DEPOTS: 2
NUM_CAPACITIES: 1
NUM_VISITS: 122
NUM_LOCATIONS: 212
NUM_VEHICLES: 11
CAPACITIES: 4
DATA_SECTION
DEPOTS
  0
  1
LOCATION_COORD_SECTION
  0 35 70
  1 50 70
  2 15 24
  3 21 28
  4 19 28
  5 25 24
  6 27 24
  7 25 16
  8 19 16
  9 13 24
  10 13 20
  11 9 24
  12 13 28
  13 15 16
  14 21 12
  15 15 28
  16 9 28
  17 21 16
  18 19 24
  19 27 16
  20 19 20
  21 27 28
  22 25 12
  23 21 24
  24 21 20
  25 25 20
  26 27 20
  27 61 52
  28 67 28
  29 67 44
  30 57 20
  31 57 24
  32 61 24
  33 57 40
  34 55 20
  35 49 52
  36 55 16
  37 63 24
  38 63 40
  39 55 40
  40 49 56
  41 55 48
  42 51 48
  43 49 44
  44 51 56
  45 61 28
  46 49 48
  47 73 44
  48 57 52
  49 57 44
  50 51 52
  51 55 52
  52 73 40
  53 61 56
  54 55 56
  55 49 40
  56 55 24
  57 67 48
  58 63 48
  59 67 40
  60 57 56
  61 61 48
  62 63 44
  63 51 24
  64 39 24
  65 45 28
  66 45 16
  67 45 12
  68 49 28
  69 37 16
  70 43 20
  71 39 12
  72 43 12
  73 39 28
  74 31 16
  75 33 12
  76 43 24
  77 39 20
  78 39 16
  79 31 24
  80 31 12
  81 33 28
  82 43 28
  83 37 24
  84 49 24
  85 45 20
  86 45 24
  87 49 20
  88 37 20
  89 31 20
  90 51 16
  91 31 28
  92 33 20
  93 51 20
  94 37 28
  95 33 16
  96 49 16
  97 37 52
  98 39 48
  99 43 52
  100 37 40
  101 43 40
  102 39 44
  103 19 40
  104 31 52
  105 15 44
  106 31 40
  107 31 56
  108 25 48
  109 33 56
  110 31 48
  111 19 44
  112 45 48
  113 21 40
  114 19 48
  115 33 48
  116 43 44
  117 27 48
  118 39 56
  119 43 48
  120 27 40
  121 33 40
  122 25 40
  123 37 56
  124 10 10
  125 10 30
  126 12 30
  127 12 10
  128 16 10
  129 16 30
  130 18 30
  131 18 10
  132 22 10
  133 22 30
  134 24 30
  135 24 10
  136 28 10
  137 28 30
  138 30 30
  139 30 10
  140 34 10
  141 34 30
  142 36 30
  143 36 10
  144 40 10
  145 40 30
  146 42 30
  147 42 10
  148 46 10
  149 46 30
  150 48 30
  151 48 10
  152 52 10
  153 52 30
  154 54 30
  155 54 10
  156 58 10
  157 58 30
  158 60 30
  159 60 10
  160 64 10
  161 64 30
  162 66 30
  163 66 10
  164 70 10
  165 70 30
  166 72 30
  167 72 10
  168 10 40
  169 10 60
  170 12 60
  171 12 40
  172 16 40
  173 16 60
  174 18 60
  175 18 40
  176 22 40
  177 22 60
  178 24 60
  179 24 40
  180 28 40
  181 28 60
  182 30 60
  183 30 40
  184 34 40
  185 34 60
  186 36 60
  187 36 40
  188 40 40
  189 40 60
  190 42 60
  191 42 40
  192 46 40
  193 46 60
  194 48 60
  195 48 40
  196 52 40
  197 52 60
  198 54 60
  199 54 40
  200 58 40
  201 58 60
  202 60 60
  203 60 40
  204 64 40
  205 64 60
  206 66 60
  207 66 40
  208 70 40
  209 70 60
  210 72 60
  211 72 40
VISIT_LOCATION_SECTION
  2 2
  3 3
  4 4
  5 5
  6 6
  7 7
  8 8
  9 9
  10 10
  11 11
  12 12
  13 13
  14 14
  15 15
  16 16
  17 17
  18 18
  19 19
  20 20
  21 21
  22 22
  23 23
  24 24
  25 25
  26 26
  27 27
  28 28
  29 29
  30 30
  31 31
  32 32
  33 33
  34 34
  35 35
  36 36
  37 37
  38 38
  39 39
  40 40
  41 41
  42 42
  43 43
  44 44
  45 45
  46 46
  47 47
  48 48
  49 49
  50 50
  51 51
  52 52
  53 53
  54 54
  55 55
  56 56
  57 57
  58 58
  59 59
  60 60
  61 61
  62 62
  63 63
  64 64
  65 65
  66 66
  67 67
  68 68
  69 69
  70 70
  71 71
  72 72
  73 73
  74 74
  75 75
  76 76
  77 77
  78 78
  79 79
  80 80
  81 81
  82 82
  83 83
  84 84
  85 85
  86 86
  87 87
  88 88
  89 89
  90 90
  91 91
  92 92
  93 93
  94 94
  95 95
  96 96
  97 97
  98 98
  99 99
  100 100
  101 101
  102 102
  103 103
  104 104
  105 105
  106 106
  107 107
  108 108
  109 109
  110 110
  111 111
  112 112
  113 113
  114 114
  115 115
  116 116
  117 117
  118 118
  119 119
  120 120
  121 121
  122 122
  123 123
COMMENT: TIMESTEP: 1
ORDERS_SECTION
  1 2 3 4
  2 5 6
  3 7 8
  4 9 10
  5 11 12
  6 13 14 15
  7 16 17 18
  8 19 20 21
  9 22 23
  10 24 25 26
  11 27 28 29
  12 30 31 32 33
  13 34 35 36 37
  14 38 39
  15 40 41 42
  16 43 44 45 46
  17 47 48 49 50
  18 51 52 53 54
  19 55 56 57 58
  20 59 60 61 62
  21 63 64 65 66
  22 67 68 69 70
  23 71 72
  24 73 74
  25 75 76 77
  26 78 79 80 81
  27 82 83 84
  28 85 86 87 88
  29 89 90 91 92
  30 93 94 95 96
  31 97 98
  32 99 100
  33 101 102 103 104
  34 105 106 107
  35 108 109
  36 110 111
  37 112 113 114
  38 115 116 117
  39 118 119
  40 120 121 122 123
TIME_AVAIL_SECTION
  1 1
  2 1
  3 1
  4 1
  5 1
  6 1
  7 1
  8 1
  9 1
  10 1
  11 1
  12 1
  13 1
  14 1
  15 1
  16 1
  17 1
  18 1
  19 1
  20 1
  21 1
  22 1
  23 1
  24 1
  25 1
  26 1
  27 1
  28 1
  29 1
  30 1
  31 1
  32 1
  33 1
  34 1
  35 1
  36 1
  37 1
  38 1
  39 1
  40 1
OBSTACLES
  1 124 125 126 127
  2 128 129 130 131
  3 132 133 134 135
  4 136 137 138 139
  5 140 141 142 143
  6 144 145 146 147
  7 148 149 150 151
  8 152 153 154 155
  9 156 157 158 159
  10 160 161 162 163
  11 164 165 166 167
  12 168 169 170 171
  13 172 173 174 175
  14 176 177 178 179
  15 180 181 182 183
  16 184 185 186 187
  17 188 189 190 191
  18 192 193 194 195
  19 196 197 198 199
  20 200 201 202 203
  21 204 205 206 207
  22 208 209 210 211
EOF
