VRPTEST 1.0
COMMENT: descr: Modified tsplib for the OBP
COMMENT: Best known objective: 479.0
COMMENT: Computational time (s): 0.026
NAME: c34_0a1d
NUM_DEPOTS: 2
NUM_CAPACITIES: 1
NUM_VISITS: 34
NUM_LOCATIONS: 124
NUM_VEHICLES: 2
CAPACITIES: 4
DATA_SECTION
DEPOTS
  0
  1
LOCATION_COORD_SECTION
  0 5 30
  1 5 15
  2 56 49
  3 52 39
  4 52 63
  5 60 43
  6 52 57
  7 60 39
  8 56 55
  9 64 45
  10 64 49
  11 64 43
  12 52 43
  13 56 43
  14 52 55
  15 56 51
  16 30 24
  17 26 28
  18 24 16
  19 18 24
  20 20 28
  21 32 24
  22 20 20
  23 26 16
  24 36 24
  25 38 28
  26 28 43
  27 24 20
  28 38 20
  29 38 16
  30 60 20
  31 50 12
  32 54 16
  33 44 20
  34 44 61
  35 48 63
  36 15 10
  37 15 30
  38 17 30
  39 17 10
  40 21 10
  41 21 30
  42 23 30
  43 23 10
  44 27 10
  45 27 30
  46 29 30
  47 29 10
  48 33 10
  49 33 30
  50 35 30
  51 35 10
  52 39 10
  53 39 30
  54 41 30
  55 41 10
  56 45 10
  57 45 30
  58 47 30
  59 47 10
  60 51 10
  61 51 30
  62 53 30
  63 53 10
  64 57 10
  65 57 30
  66 59 30
  67 59 10
  68 63 10
  69 63 30
  70 65 30
  71 65 10
  72 69 10
  73 69 30
  74 71 30
  75 71 10
  76 5 40
  77 5 42
  78 30 42
  79 30 40
  80 5 46
  81 5 48
  82 31 48
  83 31 46
  84 5 52
  85 5 54
  86 32 54
  87 32 52
  88 5 58
  89 5 60
  90 33 60
  91 33 58
  92 5 64
  93 5 66
  94 34 66
  95 34 64
  96 5 70
  97 5 72
  98 35 72
  99 35 70
  100 40 40
  101 40 42
  102 75 42
  103 75 40
  104 41 46
  105 41 48
  106 75 48
  107 75 46
  108 42 52
  109 42 54
  110 75 54
  111 75 52
  112 43 58
  113 43 60
  114 75 60
  115 75 58
  116 44 64
  117 44 66
  118 75 66
  119 75 64
  120 45 70
  121 45 72
  122 75 72
  123 75 70
VISIT_LOCATION_SECTION
  2 2
  3 3
  4 4
  5 5
  6 6
  7 7
  8 8
  9 9
  10 10
  11 11
  12 12
  13 13
  14 14
  15 15
  16 16
  17 17
  18 18
  19 19
  20 20
  21 21
  22 22
  23 23
  24 24
  25 25
  26 26
  27 27
  28 28
  29 29
  30 30
  31 31
  32 32
  33 33
  34 34
  35 35
COMMENT: TIMESTEP: 1
ORDERS_SECTION
  1 2 3 4
  2 5 6 7 8 9 10 11 12 13 14 15
  3 16 17 18 19 20 21 22 23 24 25 26 27
  4 28 29 30 31 32 33
  5 34 35
TIME_AVAIL_SECTION
  1 1
  2 1
  3 1
  4 1
  5 1
OBSTACLES
  1 36 37 38 39
  2 40 41 42 43
  3 44 45 46 47
  4 48 49 50 51
  5 52 53 54 55
  6 56 57 58 59
  7 60 61 62 63
  8 64 65 66 67
  9 68 69 70 71
  10 72 73 74 75
  11 76 77 78 79
  12 80 81 82 83
  13 84 85 86 87
  14 88 89 90 91
  15 92 93 94 95
  16 96 97 98 99
  17 100 101 102 103
  18 104 105 106 107
  19 108 109 110 111
  20 112 113 114 115
  21 116 117 118 119
  22 120 121 122 123
EOF
