VRPTEST 1.0
COMMENT: descr: Modified tsplib for the OBP
COMMENT: Best known objective: 950.467
COMMENT: Computational time (s): 0.161976
NAME: c73_bb53
NUM_CAPACITIES: 1
NUM_VISITS: 73
NUM_VEHICLES: 5
CAPACITIES: 4
DATA_SECTION
DEPOTS
  0
  1
VISIT_LOCATION_SECTION
  2 315
  3 75
  4 271
  5 215
  6 363
  7 213
  8 133
  9 302
  10 351
  11 102
  12 35
  13 298
  14 42
  15 305
  16 379
  17 406
  18 40
  19 276
  20 458
  21 246
  22 58
  23 381
  24 398
  25 105
  26 7
  27 394
  28 14
  29 437
  30 161
  31 321
  32 396
  33 243
  34 211
  35 462
  36 83
  37 109
  38 229
  39 195
  40 429
  41 424
  42 227
  43 356
  44 376
  45 232
  46 110
  47 441
  48 245
  49 345
  50 257
  51 328
  52 382
  53 147
  54 25
  55 407
  56 308
  57 431
  58 87
  59 405
  60 290
  61 293
  62 13
  63 263
  64 190
  65 104
  66 389
  67 289
  68 175
  69 27
  70 337
  71 292
  72 256
  73 330
  74 281
COMMENT: TIMESTEP: 1
ORDERS_SECTION
  1 2 3
  2 4
  3 5 6 7 8 9 10
  4 11 12
  5 13 14 15 16
  6 17 18 19
  7 20 21 22 23 24 25
  8 26 27 28 29 30 31 32
  9 33 34 35 36 37 38 39
  10 40 41 42
  11 43 44 45 46 47 48 49
  12 50 51 52 53
  13 54 55
  14 56
  15 57 58 59
  16 60 61
  17 62 63 64 65 66 67 68 69
  18 70 71 72 73 74
TIME_AVAIL_SECTION
  1 1
  2 1
  3 1
  4 1
  5 1
  6 1
  7 1
  8 1
  9 1
  10 1
  11 1
  12 1
  13 1
  14 1
  15 1
  16 1
  17 1
  18 1
EOF
