VRPTEST 1.0
COMMENT: descr: Modified tsplib for the OBP
COMMENT: Best known objective: 1378.0
COMMENT: Computational time (s): 0.279869
NAME: c117_a67a
NUM_CAPACITIES: 1
NUM_VISITS: 117
NUM_VEHICLES: 8
CAPACITIES: 3
DATA_SECTION
DEPOTS
  0
  1
VISIT_LOCATION_SECTION
  2 28
  3 8
  4 6
  5 60
  6 54
  7 25
  8 143
  9 58
  10 93
  11 216
  12 104
  13 208
  14 217
  15 102
  16 194
  17 162
  18 13
  19 45
  20 144
  21 51
  22 33
  23 163
  24 48
  25 71
  26 79
  27 67
  28 62
  29 20
  30 77
  31 164
  32 145
  33 219
  34 107
  35 94
  36 205
  37 209
  38 98
  39 86
  40 218
  41 19
  42 38
  43 78
  44 110
  45 211
  46 64
  47 68
  48 3
  49 70
  50 75
  51 154
  52 91
  53 183
  54 197
  55 215
  56 207
  57 220
  58 85
  59 11
  60 142
  61 18
  62 22
  63 46
  64 4
  65 100
  66 92
  67 214
  68 111
  69 108
  70 213
  71 95
  72 204
  73 66
  74 56
  75 39
  76 74
  77 147
  78 43
  79 5
  80 99
  81 97
  82 103
  83 42
  84 44
  85 52
  86 21
  87 32
  88 72
  89 61
  90 69
  91 101
  92 80
  93 53
  94 132
  95 153
  96 24
  97 27
  98 50
  99 59
  100 15
  101 185
  102 182
  103 206
  104 83
  105 10
  106 135
  107 156
  108 47
  109 221
  110 96
  111 16
  112 34
  113 49
  114 17
  115 41
  116 63
  117 9
  118 133
COMMENT: TIMESTEP: 1
ORDERS_SECTION
  1 2 3 4 5 6 7 8 9
  2 10 11 12 13 14 15 16
  3 17 18 19 20 21 22 23 24
  4 25 26
  5 27 28 29 30 31 32
  6 33 34 35 36 37 38 39 40
  7 41 42 43
  8 44 45
  9 46 47 48 49 50 51
  10 52 53 54 55 56 57 58
  11 59 60 61 62 63 64
  12 65 66 67 68 69 70 71 72
  13 73 74 75 76 77 78 79
  14 80 81 82
  15 83 84 85 86 87 88 89 90
  16 91 92
  17 93 94 95 96 97 98 99 100
  18 101 102 103 104
  19 105 106 107 108
  20 109 110
  21 111 112 113 114 115 116 117 118
TIME_AVAIL_SECTION
  1 1
  2 1
  3 1
  4 1
  5 1
  6 1
  7 1
  8 1
  9 1
  10 1
  11 1
  12 1
  13 1
  14 1
  15 1
  16 1
  17 1
  18 1
  19 1
  20 1
  21 1
EOF
