VRPTEST 1.0
COMMENT: descr: Modified tsplib for the OBP
COMMENT: Best known objective: 818.0
COMMENT: Computational time (s): 0.159
NAME: c153_11d8
NUM_DEPOTS: 2
NUM_CAPACITIES: 1
NUM_VISITS: 153
NUM_LOCATIONS: 203
NUM_VEHICLES: 4
CAPACITIES: 8
DATA_SECTION
DEPOTS
  0
  1
LOCATION_COORD_SECTION
  0 35 70
  1 50 70
  2 20 47
  3 23 62
  4 20 59
  5 18 58
  6 13 51
  7 15 52
  8 14 46
  9 16 64
  10 13 58
  11 24 63
  12 12 59
  13 14 56
  14 25 56
  15 19 57
  16 13 59
  17 22 64
  18 25 46
  19 15 62
  20 7 53
  21 22 71
  22 15 54
  23 25 53
  24 17 60
  25 17 61
  26 22 60
  27 13 49
  28 19 51
  29 19 48
  30 24 67
  31 20 55
  32 20 65
  33 18 61
  34 21 66
  35 21 70
  36 17 57
  37 6 54
  38 14 50
  39 20 49
  40 23 65
  41 21 67
  42 16 62
  43 15 60
  44 20 46
  45 19 59
  46 75 33
  47 63 38
  48 58 23
  49 59 42
  50 63 23
  51 66 31
  52 69 32
  53 64 36
  54 76 25
  55 77 25
  56 65 30
  57 75 29
  58 70 23
  59 58 32
  60 63 15
  61 64 37
  62 69 35
  63 70 26
  64 78 33
  65 59 39
  66 67 32
  67 58 11
  68 64 32
  69 71 32
  70 70 39
  71 74 33
  72 77 34
  73 70 37
  74 66 33
  75 69 38
  76 59 27
  77 59 32
  78 63 19
  79 75 28
  80 65 32
  81 13 21
  82 5 27
  83 22 31
  84 21 41
  85 20 10
  86 20 24
  87 14 42
  88 15 43
  89 16 35
  90 9 28
  91 19 14
  92 20 36
  93 15 25
  94 14 34
  95 5 31
  96 13 26
  97 8 20
  98 25 24
  99 20 40
  100 20 23
  101 6 28
  102 13 24
  103 23 35
  104 12 34
  105 4 32
  106 19 39
  107 19 9
  108 15 32
  109 22 32
  110 23 5
  111 20 34
  112 16 34
  113 15 40
  114 5 30
  115 19 31
  116 13 20
  117 21 17
  118 24 33
  119 13 37
  120 8 22
  121 17 33
  122 19 36
  123 65 68
  124 78 56
  125 58 63
  126 64 56
  127 71 56
  128 75 50
  129 71 60
  130 62 72
  131 65 44
  132 69 52
  133 64 68
  134 66 67
  135 58 59
  136 59 46
  137 65 49
  138 62 70
  139 63 51
  140 70 47
  141 65 50
  142 69 55
  143 65 56
  144 75 57
  145 59 66
  146 58 67
  147 70 56
  148 70 44
  149 64 55
  150 66 60
  151 67 65
  152 59 62
  153 71 53
  154 69 63
  155 10 10
  156 10 30
  157 12 30
  158 12 10
  159 16 10
  160 16 30
  161 18 30
  162 18 10
  163 22 10
  164 22 30
  165 24 30
  166 24 10
  167 10 36
  168 10 56
  169 12 56
  170 12 36
  171 16 36
  172 16 56
  173 18 56
  174 18 36
  175 22 36
  176 22 56
  177 24 56
  178 24 36
  179 60 10
  180 60 30
  181 62 30
  182 62 10
  183 66 10
  184 66 30
  185 68 30
  186 68 10
  187 72 10
  188 72 30
  189 74 30
  190 74 10
  191 60 36
  192 60 56
  193 62 56
  194 62 36
  195 66 36
  196 66 56
  197 68 56
  198 68 36
  199 72 36
  200 72 56
  201 74 56
  202 74 36
VISIT_LOCATION_SECTION
  2 2
  3 3
  4 4
  5 5
  6 6
  7 7
  8 8
  9 9
  10 10
  11 11
  12 12
  13 13
  14 14
  15 15
  16 16
  17 17
  18 18
  19 19
  20 20
  21 21
  22 22
  23 23
  24 24
  25 25
  26 26
  27 27
  28 28
  29 29
  30 30
  31 31
  32 32
  33 33
  34 34
  35 35
  36 36
  37 37
  38 38
  39 39
  40 40
  41 41
  42 42
  43 43
  44 44
  45 45
  46 46
  47 47
  48 48
  49 49
  50 50
  51 51
  52 52
  53 53
  54 54
  55 55
  56 56
  57 57
  58 58
  59 59
  60 60
  61 61
  62 62
  63 63
  64 64
  65 65
  66 66
  67 67
  68 68
  69 69
  70 70
  71 71
  72 72
  73 73
  74 74
  75 75
  76 76
  77 77
  78 78
  79 79
  80 80
  81 81
  82 82
  83 83
  84 84
  85 85
  86 86
  87 87
  88 88
  89 89
  90 90
  91 91
  92 92
  93 93
  94 94
  95 95
  96 96
  97 97
  98 98
  99 99
  100 100
  101 101
  102 102
  103 103
  104 104
  105 105
  106 106
  107 107
  108 108
  109 109
  110 110
  111 111
  112 112
  113 113
  114 114
  115 115
  116 116
  117 117
  118 118
  119 119
  120 120
  121 121
  122 122
  123 123
  124 124
  125 125
  126 126
  127 127
  128 128
  129 129
  130 130
  131 131
  132 132
  133 133
  134 134
  135 135
  136 136
  137 137
  138 138
  139 139
  140 140
  141 141
  142 142
  143 143
  144 144
  145 145
  146 146
  147 147
  148 148
  149 149
  150 150
  151 151
  152 152
  153 153
  154 154
COMMENT: TIMESTEP: 1
ORDERS_SECTION
  1 2 3
  2 4 5 6 7 8 9 10 11
  3 12 13 14 15 16 17
  4 18 19 20 21 22 23 24 25
  5 26 27 28 29 30
  6 31 32 33 34 35 36 37 38
  7 39 40 41 42
  8 43 44 45
  9 46 47 48
  10 49 50 51
  11 52 53 54 55 56 57
  12 58 59 60
  13 61 62 63 64 65
  14 66 67 68 69 70 71
  15 72 73 74 75 76 77 78
  16 79 80
  17 81 82 83 84 85
  18 86 87 88
  19 89 90 91 92 93 94
  20 95 96 97 98 99 100 101 102
  21 103 104 105 106 107 108 109 110
  22 111 112 113 114 115 116
  23 117 118 119 120 121 122
  24 123 124 125 126 127 128 129
  25 130 131 132 133 134
  26 135 136
  27 137 138 139
  28 140 141 142 143
  29 144 145 146 147 148 149
  30 150 151 152 153 154
TIME_AVAIL_SECTION
  1 1
  2 1
  3 1
  4 1
  5 1
  6 1
  7 1
  8 1
  9 1
  10 1
  11 1
  12 1
  13 1
  14 1
  15 1
  16 1
  17 1
  18 1
  19 1
  20 1
  21 1
  22 1
  23 1
  24 1
  25 1
  26 1
  27 1
  28 1
  29 1
  30 1
OBSTACLES
  1 155 156 157 158
  2 159 160 161 162
  3 163 164 165 166
  4 167 168 169 170
  5 171 172 173 174
  6 175 176 177 178
  7 179 180 181 182
  8 183 184 185 186
  9 187 188 189 190
  10 191 192 193 194
  11 195 196 197 198
  12 199 200 201 202
EOF
