VRPTEST 1.0
COMMENT: descr: Modified tsplib for the OBP
COMMENT: Best known objective: 1526.0
COMMENT: Computational time (s): 0.185
NAME: c194_085f
NUM_DEPOTS: 2
NUM_CAPACITIES: 1
NUM_VISITS: 194
NUM_LOCATIONS: 200
NUM_VEHICLES: 7
CAPACITIES: 6
DATA_SECTION
DEPOTS
  0
  1
LOCATION_COORD_SECTION
  0 5 20
  1 5 50
  2 56 19
  3 70 23
  4 43 23
  5 77 36
  6 48 44
  7 49 34
  8 42 18
  9 61 40
  10 56 17
  11 73 42
  12 74 41
  13 39 26
  14 54 38
  15 75 33
  16 64 49
  17 40 18
  18 49 35
  19 54 48
  20 67 32
  21 55 34
  22 34 24
  23 66 37
  24 61 31
  25 40 26
  26 40 34
  27 42 29
  28 75 41
  29 54 35
  30 66 31
  31 50 8
  32 63 15
  33 74 31
  34 68 14
  35 54 4
  36 62 45
  37 58 16
  38 58 11
  39 56 22
  40 43 34
  41 68 33
  42 47 44
  43 33 27
  44 69 32
  45 59 30
  46 59 27
  47 54 14
  48 43 21
  49 59 38
  50 68 25
  51 49 22
  52 45 43
  53 68 12
  54 65 32
  55 70 26
  56 48 40
  57 50 45
  58 55 56
  59 43 33
  60 65 44
  61 44 30
  62 64 32
  63 44 41
  64 68 28
  65 56 41
  66 58 32
  67 63 18
  68 63 38
  69 66 33
  70 54 41
  71 59 46
  72 41 20
  73 60 40
  74 65 50
  75 48 24
  76 71 32
  77 70 39
  78 58 23
  79 55 28
  80 55 25
  81 52 29
  82 58 56
  83 55 10
  84 47 25
  85 74 33
  86 62 49
  87 59 39
  88 59 50
  89 46 14
  90 53 53
  91 49 26
  92 46 33
  93 61 49
  94 42 39
  95 59 10
  96 74 22
  97 57 57
  98 48 22
  99 55 11
  100 53 49
  101 73 18
  102 47 42
  103 78 33
  104 21 67
  105 37 38
  106 39 47
  107 43 50
  108 23 41
  109 41 65
  110 49 48
  111 17 57
  112 30 70
  113 14 34
  114 33 70
  115 24 75
  116 36 61
  117 7 43
  118 13 64
  119 18 58
  120 20 31
  121 13 37
  122 25 24
  123 27 70
  124 16 49
  125 30 69
  126 6 54
  127 28 75
  128 31 47
  129 38 66
  130 43 56
  131 19 39
  132 48 48
  133 8 40
  134 19 51
  135 22 71
  136 14 39
  137 36 55
  138 22 48
  139 28 49
  140 16 50
  141 30 75
  142 40 53
  143 19 48
  144 24 67
  145 22 31
  146 30 76
  147 49 57
  148 38 68
  149 44 48
  150 27 65
  151 13 44
  152 44 62
  153 22 60
  154 40 54
  155 23 32
  156 35 45
  157 27 40
  158 31 69
  159 50 54
  160 36 64
  161 33 56
  162 13 63
  163 27 32
  164 23 62
  165 20 47
  166 20 46
  167 29 30
  168 42 48
  169 23 30
  170 47 52
  171 35 59
  172 38 40
  173 28 32
  174 23 54
  175 28 31
  176 15 62
  177 36 41
  178 24 45
  179 25 56
  180 20 49
  181 17 60
  182 27 59
  183 7 45
  184 19 36
  185 28 74
  186 3 45
  187 16 35
  188 43 48
  189 14 66
  190 7 47
  191 25 76
  192 30 45
  193 15 54
  194 16 43
  195 37 57
  196 10 10
  197 10 60
  198 12 60
  199 12 10
VISIT_LOCATION_SECTION
  2 2
  3 3
  4 4
  5 5
  6 6
  7 7
  8 8
  9 9
  10 10
  11 11
  12 12
  13 13
  14 14
  15 15
  16 16
  17 17
  18 18
  19 19
  20 20
  21 21
  22 22
  23 23
  24 24
  25 25
  26 26
  27 27
  28 28
  29 29
  30 30
  31 31
  32 32
  33 33
  34 34
  35 35
  36 36
  37 37
  38 38
  39 39
  40 40
  41 41
  42 42
  43 43
  44 44
  45 45
  46 46
  47 47
  48 48
  49 49
  50 50
  51 51
  52 52
  53 53
  54 54
  55 55
  56 56
  57 57
  58 58
  59 59
  60 60
  61 61
  62 62
  63 63
  64 64
  65 65
  66 66
  67 67
  68 68
  69 69
  70 70
  71 71
  72 72
  73 73
  74 74
  75 75
  76 76
  77 77
  78 78
  79 79
  80 80
  81 81
  82 82
  83 83
  84 84
  85 85
  86 86
  87 87
  88 88
  89 89
  90 90
  91 91
  92 92
  93 93
  94 94
  95 95
  96 96
  97 97
  98 98
  99 99
  100 100
  101 101
  102 102
  103 103
  104 104
  105 105
  106 106
  107 107
  108 108
  109 109
  110 110
  111 111
  112 112
  113 113
  114 114
  115 115
  116 116
  117 117
  118 118
  119 119
  120 120
  121 121
  122 122
  123 123
  124 124
  125 125
  126 126
  127 127
  128 128
  129 129
  130 130
  131 131
  132 132
  133 133
  134 134
  135 135
  136 136
  137 137
  138 138
  139 139
  140 140
  141 141
  142 142
  143 143
  144 144
  145 145
  146 146
  147 147
  148 148
  149 149
  150 150
  151 151
  152 152
  153 153
  154 154
  155 155
  156 156
  157 157
  158 158
  159 159
  160 160
  161 161
  162 162
  163 163
  164 164
  165 165
  166 166
  167 167
  168 168
  169 169
  170 170
  171 171
  172 172
  173 173
  174 174
  175 175
  176 176
  177 177
  178 178
  179 179
  180 180
  181 181
  182 182
  183 183
  184 184
  185 185
  186 186
  187 187
  188 188
  189 189
  190 190
  191 191
  192 192
  193 193
  194 194
  195 195
COMMENT: TIMESTEP: 1
ORDERS_SECTION
  1 2 3 4 5 6 7
  2 8 9 10
  3 11 12
  4 13 14 15 16 17 18 19
  5 20 21 22 23
  6 24 25 26 27 28 29
  7 30 31 32 33 34 35 36 37
  8 38 39 40 41 42 43 44
  9 45 46 47 48 49 50 51
  10 52 53 54 55 56
  11 57 58 59 60 61
  12 62 63 64
  13 65 66 67
  14 68 69 70 71 72 73
  15 74 75
  16 76 77 78 79 80 81
  17 82 83 84 85 86 87 88 89
  18 90 91 92 93 94 95
  19 96 97 98
  20 99 100 101 102 103
  21 104 105 106
  22 107 108
  23 109 110 111 112
  24 113 114 115 116 117
  25 118 119 120 121 122 123 124
  26 125 126
  27 127 128 129
  28 130 131 132 133 134
  29 135 136 137 138 139 140
  30 141 142 143 144 145 146
  31 147 148 149 150 151 152 153 154
  32 155 156 157 158 159 160
  33 161 162 163 164 165 166
  34 167 168 169 170
  35 171 172 173
  36 174 175 176
  37 177 178 179 180
  38 181 182
  39 183 184 185 186 187 188 189 190
  40 191 192 193 194 195
TIME_AVAIL_SECTION
  1 1
  2 1
  3 1
  4 1
  5 1
  6 1
  7 1
  8 1
  9 1
  10 1
  11 1
  12 1
  13 1
  14 1
  15 1
  16 1
  17 1
  18 1
  19 1
  20 1
  21 1
  22 1
  23 1
  24 1
  25 1
  26 1
  27 1
  28 1
  29 1
  30 1
  31 1
  32 1
  33 1
  34 1
  35 1
  36 1
  37 1
  38 1
  39 1
  40 1
OBSTACLES
  1 196 197 198 199
EOF
