VRPTEST 1.0
COMMENT: descr: Modified tsplib for the OBP
COMMENT: Best known objective: 2188.0
COMMENT: Computational time (s): 0.173
NAME: c199_1239
NUM_DEPOTS: 2
NUM_CAPACITIES: 1
NUM_VISITS: 199
NUM_LOCATIONS: 289
NUM_VEHICLES: 11
CAPACITIES: 4
DATA_SECTION
DEPOTS
  0
  1
LOCATION_COORD_SECTION
  0 5 30
  1 5 15
  2 20 45
  3 12 49
  4 20 57
  5 16 51
  6 24 61
  7 20 63
  8 20 67
  9 32 57
  10 12 55
  11 24 45
  12 20 55
  13 16 55
  14 28 43
  15 44 49
  16 24 49
  17 12 43
  18 20 61
  19 28 55
  20 24 43
  21 16 49
  22 12 39
  23 20 39
  24 16 39
  25 16 57
  26 28 39
  27 16 43
  28 20 51
  29 8 45
  30 24 63
  31 8 43
  32 20 49
  33 28 49
  34 8 51
  35 16 45
  36 24 67
  37 24 39
  38 24 69
  39 28 51
  40 16 63
  41 28 57
  42 24 51
  43 24 57
  44 28 61
  45 16 61
  46 12 45
  47 8 55
  48 20 43
  49 48 20
  50 44 24
  51 18 12
  52 50 24
  53 36 28
  54 48 24
  55 44 16
  56 36 24
  57 30 12
  58 14 20
  59 18 16
  60 42 20
  61 30 16
  62 14 12
  63 24 28
  64 20 28
  65 18 20
  66 44 20
  67 14 28
  68 14 16
  69 32 24
  70 26 28
  71 26 12
  72 42 28
  73 36 20
  74 30 24
  75 30 20
  76 32 28
  77 24 16
  78 20 20
  79 38 28
  80 38 16
  81 32 16
  82 14 24
  83 26 16
  84 44 28
  85 18 24
  86 26 20
  87 32 12
  88 42 24
  89 38 24
  90 20 12
  91 18 28
  92 42 16
  93 26 24
  94 24 12
  95 20 24
  96 24 20
  97 30 28
  98 32 20
  99 38 12
  100 36 16
  101 38 20
  102 24 24
  103 36 12
  104 20 16
  105 56 57
  106 72 51
  107 72 57
  108 52 73
  109 72 67
  110 60 61
  111 68 61
  112 44 61
  113 68 69
  114 48 67
  115 52 57
  116 56 69
  117 64 73
  118 52 55
  119 60 57
  120 52 69
  121 64 63
  122 56 73
  123 44 51
  124 68 67
  125 60 67
  126 56 67
  127 68 51
  128 48 57
  129 52 51
  130 64 67
  131 44 57
  132 68 55
  133 60 51
  134 56 51
  135 48 51
  136 52 63
  137 44 63
  138 72 55
  139 48 61
  140 56 61
  141 56 55
  142 64 61
  143 72 61
  144 60 55
  145 64 55
  146 72 63
  147 68 57
  148 68 63
  149 48 55
  150 52 61
  151 48 63
  152 48 69
  153 64 69
  154 60 69
  155 60 63
  156 64 51
  157 64 57
  158 56 63
  159 56 45
  160 56 28
  161 72 49
  162 64 43
  163 60 24
  164 60 43
  165 56 39
  166 48 43
  167 72 43
  168 72 39
  169 44 39
  170 48 39
  171 68 28
  172 60 20
  173 68 39
  174 50 28
  175 48 45
  176 72 45
  177 60 45
  178 64 39
  179 44 43
  180 40 39
  181 64 49
  182 62 28
  183 68 43
  184 68 49
  185 60 49
  186 52 49
  187 52 43
  188 44 45
  189 68 45
  190 54 28
  191 56 43
  192 62 24
  193 52 45
  194 60 39
  195 64 45
  196 60 28
  197 48 49
  198 56 24
  199 62 20
  200 56 49
  201 15 10
  202 15 30
  203 17 30
  204 17 10
  205 21 10
  206 21 30
  207 23 30
  208 23 10
  209 27 10
  210 27 30
  211 29 30
  212 29 10
  213 33 10
  214 33 30
  215 35 30
  216 35 10
  217 39 10
  218 39 30
  219 41 30
  220 41 10
  221 45 10
  222 45 30
  223 47 30
  224 47 10
  225 51 10
  226 51 30
  227 53 30
  228 53 10
  229 57 10
  230 57 30
  231 59 30
  232 59 10
  233 63 10
  234 63 30
  235 65 30
  236 65 10
  237 69 10
  238 69 30
  239 71 30
  240 71 10
  241 5 40
  242 5 42
  243 30 42
  244 30 40
  245 5 46
  246 5 48
  247 31 48
  248 31 46
  249 5 52
  250 5 54
  251 32 54
  252 32 52
  253 5 58
  254 5 60
  255 33 60
  256 33 58
  257 5 64
  258 5 66
  259 34 66
  260 34 64
  261 5 70
  262 5 72
  263 35 72
  264 35 70
  265 40 40
  266 40 42
  267 75 42
  268 75 40
  269 41 46
  270 41 48
  271 75 48
  272 75 46
  273 42 52
  274 42 54
  275 75 54
  276 75 52
  277 43 58
  278 43 60
  279 75 60
  280 75 58
  281 44 64
  282 44 66
  283 75 66
  284 75 64
  285 45 70
  286 45 72
  287 75 72
  288 75 70
VISIT_LOCATION_SECTION
  2 2
  3 3
  4 4
  5 5
  6 6
  7 7
  8 8
  9 9
  10 10
  11 11
  12 12
  13 13
  14 14
  15 15
  16 16
  17 17
  18 18
  19 19
  20 20
  21 21
  22 22
  23 23
  24 24
  25 25
  26 26
  27 27
  28 28
  29 29
  30 30
  31 31
  32 32
  33 33
  34 34
  35 35
  36 36
  37 37
  38 38
  39 39
  40 40
  41 41
  42 42
  43 43
  44 44
  45 45
  46 46
  47 47
  48 48
  49 49
  50 50
  51 51
  52 52
  53 53
  54 54
  55 55
  56 56
  57 57
  58 58
  59 59
  60 60
  61 61
  62 62
  63 63
  64 64
  65 65
  66 66
  67 67
  68 68
  69 69
  70 70
  71 71
  72 72
  73 73
  74 74
  75 75
  76 76
  77 77
  78 78
  79 79
  80 80
  81 81
  82 82
  83 83
  84 84
  85 85
  86 86
  87 87
  88 88
  89 89
  90 90
  91 91
  92 92
  93 93
  94 94
  95 95
  96 96
  97 97
  98 98
  99 99
  100 100
  101 101
  102 102
  103 103
  104 104
  105 105
  106 106
  107 107
  108 108
  109 109
  110 110
  111 111
  112 112
  113 113
  114 114
  115 115
  116 116
  117 117
  118 118
  119 119
  120 120
  121 121
  122 122
  123 123
  124 124
  125 125
  126 126
  127 127
  128 128
  129 129
  130 130
  131 131
  132 132
  133 133
  134 134
  135 135
  136 136
  137 137
  138 138
  139 139
  140 140
  141 141
  142 142
  143 143
  144 144
  145 145
  146 146
  147 147
  148 148
  149 149
  150 150
  151 151
  152 152
  153 153
  154 154
  155 155
  156 156
  157 157
  158 158
  159 159
  160 160
  161 161
  162 162
  163 163
  164 164
  165 165
  166 166
  167 167
  168 168
  169 169
  170 170
  171 171
  172 172
  173 173
  174 174
  175 175
  176 176
  177 177
  178 178
  179 179
  180 180
  181 181
  182 182
  183 183
  184 184
  185 185
  186 186
  187 187
  188 188
  189 189
  190 190
  191 191
  192 192
  193 193
  194 194
  195 195
  196 196
  197 197
  198 198
  199 199
  200 200
COMMENT: TIMESTEP: 1
ORDERS_SECTION
  1 2 3 4 5
  2 6 7 8 9
  3 10 11
  4 12 13 14 15 16 17 18 19
  5 20 21 22 23 24
  6 25 26 27 28 29
  7 30 31 32 33 34 35
  8 36 37 38
  9 39 40 41 42 43 44
  10 45 46 47 48
  11 49 50 51 52 53 54 55 56
  12 57 58 59 60 61 62
  13 63 64 65 66
  14 67 68 69 70
  15 71 72 73 74 75 76 77 78
  16 79 80 81 82 83 84 85 86
  17 87 88
  18 89 90 91 92 93 94 95 96
  19 97 98 99
  20 100 101 102 103 104
  21 105 106 107 108 109 110 111
  22 112 113 114 115 116 117 118 119
  23 120 121
  24 122 123 124 125
  25 126 127 128
  26 129 130 131 132
  27 133 134 135 136
  28 137 138 139 140 141 142
  29 143 144 145 146 147 148 149 150
  30 151 152 153 154 155 156 157 158
  31 159 160
  32 161 162 163 164
  33 165 166 167 168 169 170 171
  34 172 173 174 175 176 177 178 179
  35 180 181 182 183 184 185
  36 186 187
  37 188 189
  38 190 191
  39 192 193 194
  40 195 196 197 198 199 200
TIME_AVAIL_SECTION
  1 1
  2 1
  3 1
  4 1
  5 1
  6 1
  7 1
  8 1
  9 1
  10 1
  11 1
  12 1
  13 1
  14 1
  15 1
  16 1
  17 1
  18 1
  19 1
  20 1
  21 1
  22 1
  23 1
  24 1
  25 1
  26 1
  27 1
  28 1
  29 1
  30 1
  31 1
  32 1
  33 1
  34 1
  35 1
  36 1
  37 1
  38 1
  39 1
  40 1
OBSTACLES
  1 201 202 203 204
  2 205 206 207 208
  3 209 210 211 212
  4 213 214 215 216
  5 217 218 219 220
  6 221 222 223 224
  7 225 226 227 228
  8 229 230 231 232
  9 233 234 235 236
  10 237 238 239 240
  11 241 242 243 244
  12 245 246 247 248
  13 249 250 251 252
  14 253 254 255 256
  15 257 258 259 260
  16 261 262 263 264
  17 265 266 267 268
  18 269 270 271 272
  19 273 274 275 276
  20 277 278 279 280
  21 281 282 283 284
  22 285 286 287 288
EOF
