VRPTEST 1.0
COMMENT: descr: Modified tsplib for the OBP
COMMENT: Best known objective: 834.0
COMMENT: Computational time (s): 0.075
NAME: c136_1e20
NUM_DEPOTS: 2
NUM_CAPACITIES: 1
NUM_VISITS: 136
NUM_LOCATIONS: 138
NUM_VEHICLES: 6
CAPACITIES: 4
DATA_SECTION
DEPOTS
  0
  1
LOCATION_COORD_SECTION
  0 5 30
  1 5 50
  2 57 31
  3 66 26
  4 54 16
  5 42 35
  6 61 34
  7 72 33
  8 72 28
  9 60 34
  10 57 27
  11 72 30
  12 75 32
  13 65 21
  14 45 35
  15 53 25
  16 56 19
  17 61 30
  18 62 27
  19 50 35
  20 59 30
  21 66 34
  22 55 19
  23 54 15
  24 56 32
  25 62 20
  26 59 18
  27 44 32
  28 69 30
  29 58 27
  30 56 12
  31 70 35
  32 62 21
  33 64 30
  34 60 40
  35 55 43
  36 42 40
  37 64 51
  38 66 47
  39 55 48
  40 75 38
  41 59 37
  42 38 44
  43 43 49
  44 41 38
  45 45 43
  46 44 39
  47 46 51
  48 62 45
  49 58 52
  50 58 44
  51 52 53
  52 39 45
  53 43 50
  54 53 43
  55 42 49
  56 61 40
  57 58 53
  58 55 45
  59 51 37
  60 38 42
  61 60 47
  62 63 41
  63 49 54
  64 30 33
  65 31 44
  66 28 43
  67 35 33
  68 23 22
  69 34 35
  70 10 24
  71 33 42
  72 30 24
  73 21 21
  74 23 35
  75 31 35
  76 14 23
  77 22 39
  78 28 16
  79 36 38
  80 27 23
  81 28 22
  82 31 32
  83 33 44
  84 20 15
  85 18 36
  86 25 34
  87 19 39
  88 19 21
  89 22 12
  90 26 22
  91 33 40
  92 9 29
  93 10 32
  94 25 15
  95 32 25
  96 20 20
  97 25 23
  98 36 34
  99 16 36
  100 13 25
  101 26 47
  102 27 42
  103 28 45
  104 36 14
  105 53 18
  106 49 15
  107 46 12
  108 38 14
  109 40 14
  110 48 7
  111 40 12
  112 44 6
  113 49 25
  114 42 9
  115 34 7
  116 40 24
  117 50 18
  118 49 17
  119 39 22
  120 53 19
  121 50 24
  122 34 17
  123 45 9
  124 45 23
  125 39 25
  126 48 26
  127 44 24
  128 50 13
  129 43 19
  130 48 21
  131 41 29
  132 42 15
  133 42 32
  134 39 7
  135 42 18
  136 40 17
  137 48 25
VISIT_LOCATION_SECTION
  2 2
  3 3
  4 4
  5 5
  6 6
  7 7
  8 8
  9 9
  10 10
  11 11
  12 12
  13 13
  14 14
  15 15
  16 16
  17 17
  18 18
  19 19
  20 20
  21 21
  22 22
  23 23
  24 24
  25 25
  26 26
  27 27
  28 28
  29 29
  30 30
  31 31
  32 32
  33 33
  34 34
  35 35
  36 36
  37 37
  38 38
  39 39
  40 40
  41 41
  42 42
  43 43
  44 44
  45 45
  46 46
  47 47
  48 48
  49 49
  50 50
  51 51
  52 52
  53 53
  54 54
  55 55
  56 56
  57 57
  58 58
  59 59
  60 60
  61 61
  62 62
  63 63
  64 64
  65 65
  66 66
  67 67
  68 68
  69 69
  70 70
  71 71
  72 72
  73 73
  74 74
  75 75
  76 76
  77 77
  78 78
  79 79
  80 80
  81 81
  82 82
  83 83
  84 84
  85 85
  86 86
  87 87
  88 88
  89 89
  90 90
  91 91
  92 92
  93 93
  94 94
  95 95
  96 96
  97 97
  98 98
  99 99
  100 100
  101 101
  102 102
  103 103
  104 104
  105 105
  106 106
  107 107
  108 108
  109 109
  110 110
  111 111
  112 112
  113 113
  114 114
  115 115
  116 116
  117 117
  118 118
  119 119
  120 120
  121 121
  122 122
  123 123
  124 124
  125 125
  126 126
  127 127
  128 128
  129 129
  130 130
  131 131
  132 132
  133 133
  134 134
  135 135
  136 136
  137 137
COMMENT: TIMESTEP: 1
ORDERS_SECTION
  1 2 3 4 5
  2 6 7 8 9 10
  3 11 12
  4 13 14 15 16 17 18 19 20 21
  5 22 23 24 25 26 27 28 29 30 31 32 33
  6 34 35 36 37
  7 38 39 40 41 42 43 44
  8 45 46
  9 47 48 49 50 51 52 53 54 55 56
  10 57 58 59 60 61 62 63
  11 64 65
  12 66 67 68 69 70 71 72 73 74 75 76 77 78
  13 79 80 81 82 83 84 85 86 87 88 89 90 91
  14 92 93 94 95 96 97 98
  15 99 100 101 102 103
  16 104 105 106
  17 107 108 109
  18 110 111 112 113 114 115 116 117 118
  19 119 120 121 122 123 124 125 126 127 128 129 130 131
  20 132 133 134 135 136 137
TIME_AVAIL_SECTION
  1 1
  2 1
  3 1
  4 1
  5 1
  6 1
  7 1
  8 1
  9 1
  10 1
  11 1
  12 1
  13 1
  14 1
  15 1
  16 1
  17 1
  18 1
  19 1
  20 1
EOF
