VRPTEST 1.0
COMMENT: descr: Modified tsplib for the OBP
COMMENT: Best known objective: 1285.121
COMMENT: Computational time (s): 0.371862
NAME: c127_ab01
NUM_CAPACITIES: 1
NUM_VISITS: 127
NUM_VEHICLES: 7
CAPACITIES: 4
DATA_SECTION
DEPOTS
  0
  1
VISIT_LOCATION_SECTION
  2 423
  3 332
  4 127
  5 293
  6 313
  7 6
  8 79
  9 290
  10 180
  11 185
  12 379
  13 70
  14 279
  15 356
  16 441
  17 97
  18 372
  19 265
  20 310
  21 67
  22 406
  23 134
  24 247
  25 424
  26 214
  27 22
  28 348
  29 260
  30 235
  31 248
  32 325
  33 259
  34 7
  35 421
  36 413
  37 48
  38 137
  39 412
  40 296
  41 236
  42 61
  43 420
  44 360
  45 403
  46 200
  47 319
  48 59
  49 168
  50 138
  51 245
  52 375
  53 456
  54 389
  55 417
  56 157
  57 213
  58 333
  59 211
  60 462
  61 457
  62 351
  63 344
  64 95
  65 101
  66 210
  67 429
  68 112
  69 13
  70 156
  71 331
  72 289
  73 328
  74 44
  75 407
  76 167
  77 131
  78 386
  79 201
  80 376
  81 327
  82 369
  83 257
  84 367
  85 255
  86 463
  87 266
  88 280
  89 342
  90 142
  91 82
  92 298
  93 99
  94 366
  95 126
  96 110
  97 308
  98 361
  99 175
  100 162
  101 281
  102 221
  103 215
  104 254
  105 315
  106 217
  107 400
  108 149
  109 75
  110 183
  111 65
  112 224
  113 53
  114 472
  115 74
  116 320
  117 8
  118 258
  119 194
  120 155
  121 427
  122 377
  123 239
  124 51
  125 450
  126 471
  127 32
  128 393
COMMENT: TIMESTEP: 1
ORDERS_SECTION
  1 2 3 4 5 6 7 8 9
  2 10 11 12 13 14 15 16 17
  3 18 19 20 21 22 23
  4 24 25 26 27 28 29 30 31 32
  5 33 34 35 36 37 38
  6 39
  7 40 41 42 43 44 45 46 47
  8 48 49 50 51 52 53 54
  9 55 56 57 58 59 60 61 62 63
  10 64 65 66 67 68
  11 69 70 71 72
  12 73
  13 74 75 76 77 78 79
  14 80 81
  15 82 83
  16 84 85 86 87 88 89 90 91
  17 92 93 94 95 96 97 98 99 100
  18 101 102 103
  19 104 105 106 107 108 109 110
  20 111 112 113 114
  21 115
  22 116 117 118 119 120
  23 121 122 123
  24 124
  25 125 126 127 128
TIME_AVAIL_SECTION
  1 1
  2 1
  3 1
  4 1
  5 1
  6 1
  7 1
  8 1
  9 1
  10 1
  11 1
  12 1
  13 1
  14 1
  15 1
  16 1
  17 1
  18 1
  19 1
  20 1
  21 1
  22 1
  23 1
  24 1
  25 1
EOF
