VRPTEST 1.0
COMMENT: descr: Modified tsplib for the OBP
COMMENT: Best known objective: 1559.0
COMMENT: Computational time (s): 0.083
NAME: c118_2500
NUM_DEPOTS: 2
NUM_CAPACITIES: 1
NUM_VISITS: 118
NUM_LOCATIONS: 208
NUM_VEHICLES: 11
CAPACITIES: 4
DATA_SECTION
DEPOTS
  0
  1
LOCATION_COORD_SECTION
  0 35 70
  1 50 70
  2 31 48
  3 37 48
  4 39 44
  5 31 44
  6 37 56
  7 31 52
  8 43 44
  9 51 48
  10 49 52
  11 39 40
  12 39 48
  13 25 44
  14 45 48
  15 13 44
  16 43 52
  17 45 40
  18 27 56
  19 27 52
  20 37 52
  21 27 44
  22 39 52
  23 15 44
  24 21 44
  25 25 56
  26 21 48
  27 25 48
  28 19 44
  29 31 56
  30 39 28
  31 45 24
  32 43 16
  33 45 16
  34 49 40
  35 49 20
  36 45 12
  37 51 20
  38 55 20
  39 39 16
  40 55 16
  41 55 24
  42 45 28
  43 49 12
  44 39 20
  45 49 16
  46 43 24
  47 51 24
  48 49 28
  49 55 12
  50 43 12
  51 43 28
  52 55 28
  53 51 16
  54 51 28
  55 49 24
  56 51 40
  57 43 20
  58 45 20
  59 27 40
  60 31 16
  61 31 28
  62 27 28
  63 21 28
  64 37 16
  65 25 20
  66 21 40
  67 21 24
  68 31 12
  69 33 12
  70 33 24
  71 25 16
  72 33 28
  73 25 24
  74 21 20
  75 33 20
  76 37 28
  77 31 24
  78 31 40
  79 19 40
  80 19 24
  81 13 28
  82 37 20
  83 15 28
  84 27 20
  85 27 24
  86 15 40
  87 55 44
  88 57 16
  89 69 40
  90 63 20
  91 61 28
  92 61 48
  93 67 24
  94 57 44
  95 55 48
  96 61 24
  97 63 44
  98 61 16
  99 63 16
  100 69 28
  101 57 48
  102 67 44
  103 57 20
  104 61 40
  105 57 40
  106 63 24
  107 57 12
  108 57 24
  109 63 28
  110 63 40
  111 61 44
  112 57 28
  113 57 52
  114 63 48
  115 67 20
  116 73 28
  117 55 52
  118 67 40
  119 69 24
  120 10 10
  121 10 30
  122 12 30
  123 12 10
  124 16 10
  125 16 30
  126 18 30
  127 18 10
  128 22 10
  129 22 30
  130 24 30
  131 24 10
  132 28 10
  133 28 30
  134 30 30
  135 30 10
  136 34 10
  137 34 30
  138 36 30
  139 36 10
  140 40 10
  141 40 30
  142 42 30
  143 42 10
  144 46 10
  145 46 30
  146 48 30
  147 48 10
  148 52 10
  149 52 30
  150 54 30
  151 54 10
  152 58 10
  153 58 30
  154 60 30
  155 60 10
  156 64 10
  157 64 30
  158 66 30
  159 66 10
  160 70 10
  161 70 30
  162 72 30
  163 72 10
  164 10 40
  165 10 60
  166 12 60
  167 12 40
  168 16 40
  169 16 60
  170 18 60
  171 18 40
  172 22 40
  173 22 60
  174 24 60
  175 24 40
  176 28 40
  177 28 60
  178 30 60
  179 30 40
  180 34 40
  181 34 60
  182 36 60
  183 36 40
  184 40 40
  185 40 60
  186 42 60
  187 42 40
  188 46 40
  189 46 60
  190 48 60
  191 48 40
  192 52 40
  193 52 60
  194 54 60
  195 54 40
  196 58 40
  197 58 60
  198 60 60
  199 60 40
  200 64 40
  201 64 60
  202 66 60
  203 66 40
  204 70 40
  205 70 60
  206 72 60
  207 72 40
VISIT_LOCATION_SECTION
  2 2
  3 3
  4 4
  5 5
  6 6
  7 7
  8 8
  9 9
  10 10
  11 11
  12 12
  13 13
  14 14
  15 15
  16 16
  17 17
  18 18
  19 19
  20 20
  21 21
  22 22
  23 23
  24 24
  25 25
  26 26
  27 27
  28 28
  29 29
  30 30
  31 31
  32 32
  33 33
  34 34
  35 35
  36 36
  37 37
  38 38
  39 39
  40 40
  41 41
  42 42
  43 43
  44 44
  45 45
  46 46
  47 47
  48 48
  49 49
  50 50
  51 51
  52 52
  53 53
  54 54
  55 55
  56 56
  57 57
  58 58
  59 59
  60 60
  61 61
  62 62
  63 63
  64 64
  65 65
  66 66
  67 67
  68 68
  69 69
  70 70
  71 71
  72 72
  73 73
  74 74
  75 75
  76 76
  77 77
  78 78
  79 79
  80 80
  81 81
  82 82
  83 83
  84 84
  85 85
  86 86
  87 87
  88 88
  89 89
  90 90
  91 91
  92 92
  93 93
  94 94
  95 95
  96 96
  97 97
  98 98
  99 99
  100 100
  101 101
  102 102
  103 103
  104 104
  105 105
  106 106
  107 107
  108 108
  109 109
  110 110
  111 111
  112 112
  113 113
  114 114
  115 115
  116 116
  117 117
  118 118
  119 119
COMMENT: TIMESTEP: 1
ORDERS_SECTION
  1 2 3 4
  2 5 6 7
  3 8 9 10
  4 11 12
  5 13 14
  6 15 16
  7 17 18 19 20
  8 21 22 23
  9 24 25 26
  10 27 28 29
  11 30 31
  12 32 33 34 35
  13 36 37
  14 38 39 40 41
  15 42 43 44 45
  16 46 47
  17 48 49 50
  18 51 52
  19 53 54 55
  20 56 57 58
  21 59 60
  22 61 62
  23 63 64 65 66
  24 67 68 69 70
  25 71 72
  26 73 74 75
  27 76 77 78
  28 79 80
  29 81 82
  30 83 84 85 86
  31 87 88 89 90
  32 91 92 93
  33 94 95 96 97
  34 98 99 100
  35 101 102 103
  36 104 105 106 107
  37 108 109 110 111
  38 112 113
  39 114 115 116 117
  40 118 119
TIME_AVAIL_SECTION
  1 1
  2 1
  3 1
  4 1
  5 1
  6 1
  7 1
  8 1
  9 1
  10 1
  11 1
  12 1
  13 1
  14 1
  15 1
  16 1
  17 1
  18 1
  19 1
  20 1
  21 1
  22 1
  23 1
  24 1
  25 1
  26 1
  27 1
  28 1
  29 1
  30 1
  31 1
  32 1
  33 1
  34 1
  35 1
  36 1
  37 1
  38 1
  39 1
  40 1
OBSTACLES
  1 120 121 122 123
  2 124 125 126 127
  3 128 129 130 131
  4 132 133 134 135
  5 136 137 138 139
  6 140 141 142 143
  7 144 145 146 147
  8 148 149 150 151
  9 152 153 154 155
  10 156 157 158 159
  11 160 161 162 163
  12 164 165 166 167
  13 168 169 170 171
  14 172 173 174 175
  15 176 177 178 179
  16 180 181 182 183
  17 184 185 186 187
  18 188 189 190 191
  19 192 193 194 195
  20 196 197 198 199
  21 200 201 202 203
  22 204 205 206 207
EOF
