VRPTEST 1.0
COMMENT: descr: Modified tsplib for the OBP
COMMENT: Best known objective: 876.324
COMMENT: Computational time (s): 0.168356
NAME: c64_3572
NUM_CAPACITIES: 1
NUM_VISITS: 64
NUM_VEHICLES: 4
CAPACITIES: 4
DATA_SECTION
DEPOTS
  0
  1
VISIT_LOCATION_SECTION
  2 433
  3 44
  4 268
  5 87
  6 429
  7 175
  8 285
  9 11
  10 313
  11 380
  12 54
  13 399
  14 418
  15 286
  16 282
  17 448
  18 379
  19 62
  20 355
  21 64
  22 455
  23 94
  24 344
  25 270
  26 99
  27 101
  28 246
  29 97
  30 35
  31 385
  32 276
  33 454
  34 210
  35 74
  36 308
  37 297
  38 376
  39 342
  40 66
  41 77
  42 279
  43 393
  44 89
  45 250
  46 17
  47 203
  48 265
  49 221
  50 391
  51 204
  52 425
  53 220
  54 411
  55 120
  56 59
  57 395
  58 390
  59 43
  60 408
  61 299
  62 45
  63 197
  64 117
  65 58
COMMENT: TIMESTEP: 1
ORDERS_SECTION
  1 2
  2 3 4 5 6 7
  3 8 9
  4 10 11 12 13 14 15 16
  5 17 18 19 20 21 22 23
  6 24 25 26 27 28 29
  7 30 31 32
  8 33 34 35 36
  9 37 38 39 40 41 42 43
  10 44 45 46 47 48 49
  11 50 51 52 53
  12 54 55
  13 56 57 58
  14 59 60 61 62 63 64
  15 65
TIME_AVAIL_SECTION
  1 1
  2 1
  3 1
  4 1
  5 1
  6 1
  7 1
  8 1
  9 1
  10 1
  11 1
  12 1
  13 1
  14 1
  15 1
EOF
