VRPTEST 1.0
COMMENT: descr: Modified tsplib for the OBP
COMMENT: Best known objective: 1169.0
COMMENT: Computational time (s): 0.171
NAME: c251_0e3c
NUM_DEPOTS: 2
NUM_CAPACITIES: 1
NUM_VISITS: 251
NUM_LOCATIONS: 253
NUM_VEHICLES: 7
CAPACITIES: 5
DATA_SECTION
DEPOTS
  0
  1
LOCATION_COORD_SECTION
  0 5 30
  1 5 50
  2 13 41
  3 13 49
  4 18 42
  5 44 43
  6 8 41
  7 36 51
  8 10 40
  9 20 57
  10 23 45
  11 15 51
  12 24 60
  13 20 59
  14 17 45
  15 5 42
  16 29 56
  17 39 45
  18 28 61
  19 34 56
  20 22 61
  21 22 54
  22 25 64
  23 9 47
  24 28 56
  25 24 53
  26 10 42
  27 23 47
  28 12 44
  29 6 42
  30 22 48
  31 14 54
  32 26 53
  33 21 50
  34 22 50
  35 32 45
  36 21 54
  37 37 47
  38 21 41
  39 5 46
  40 19 40
  41 16 52
  42 33 57
  43 25 48
  44 25 56
  45 32 47
  46 33 44
  47 38 44
  48 17 42
  49 28 57
  50 25 54
  51 17 54
  52 8 43
  53 38 48
  54 28 43
  55 39 51
  56 33 56
  57 37 43
  58 12 48
  59 26 46
  60 23 43
  61 33 42
  62 12 47
  63 19 60
  64 22 45
  65 21 43
  66 20 46
  67 38 42
  68 45 43
  69 28 55
  70 31 44
  71 15 42
  72 44 46
  73 5 41
  74 28 45
  75 24 42
  76 38 41
  77 26 47
  78 46 64
  79 60 40
  80 50 68
  81 71 54
  82 52 44
  83 43 50
  84 54 72
  85 63 38
  86 74 60
  87 52 68
  88 58 47
  89 72 56
  90 68 69
  91 60 65
  92 70 53
  93 62 57
  94 60 61
  95 59 67
  96 64 56
  97 69 59
  98 72 54
  99 61 64
  100 66 70
  101 70 58
  102 53 60
  103 66 67
  104 66 58
  105 58 52
  106 61 41
  107 62 75
  108 57 45
  109 56 71
  110 43 49
  111 52 56
  112 50 51
  113 67 67
  114 67 53
  115 66 64
  116 41 50
  117 70 56
  118 68 41
  119 54 62
  120 60 69
  121 61 48
  122 72 55
  123 63 42
  124 51 65
  125 58 53
  126 52 69
  127 58 45
  128 47 45
  129 75 48
  130 51 59
  131 72 46
  132 52 53
  133 64 73
  134 51 63
  135 46 56
  136 69 30
  137 49 44
  138 49 36
  139 38 24
  140 49 43
  141 66 26
  142 51 37
  143 34 24
  144 48 33
  145 49 40
  146 63 33
  147 72 25
  148 59 13
  149 46 30
  150 38 16
  151 34 27
  152 51 24
  153 64 30
  154 45 23
  155 63 27
  156 49 25
  157 59 24
  158 51 16
  159 51 11
  160 48 21
  161 39 22
  162 69 23
  163 59 22
  164 57 19
  165 72 30
  166 44 10
  167 45 35
  168 40 14
  169 62 21
  170 35 29
  171 37 29
  172 48 27
  173 46 13
  174 55 19
  175 50 44
  176 72 28
  177 63 18
  178 37 30
  179 61 34
  180 61 30
  181 54 31
  182 65 17
  183 44 24
  184 60 34
  185 41 29
  186 44 31
  187 20 28
  188 25 17
  189 32 21
  190 25 34
  191 14 33
  192 14 38
  193 13 36
  194 27 26
  195 25 32
  196 36 36
  197 17 27
  198 17 35
  199 28 22
  200 32 25
  201 22 36
  202 18 36
  203 30 34
  204 23 19
  205 17 34
  206 29 19
  207 26 22
  208 14 32
  209 13 33
  210 21 33
  211 9 33
  212 34 35
  213 11 30
  214 23 34
  215 36 34
  216 18 32
  217 24 33
  218 25 22
  219 21 21
  220 10 32
  221 16 36
  222 22 39
  223 44 39
  224 23 35
  225 29 23
  226 25 23
  227 23 22
  228 19 39
  229 27 23
  230 11 37
  231 42 40
  232 19 37
  233 30 25
  234 25 25
  235 30 28
  236 31 32
  237 41 38
  238 18 27
  239 15 31
  240 21 38
  241 36 38
  242 35 33
  243 33 40
  244 31 35
  245 30 33
  246 30 24
  247 22 26
  248 31 23
  249 15 28
  250 6 38
  251 28 35
  252 13 31
VISIT_LOCATION_SECTION
  2 2
  3 3
  4 4
  5 5
  6 6
  7 7
  8 8
  9 9
  10 10
  11 11
  12 12
  13 13
  14 14
  15 15
  16 16
  17 17
  18 18
  19 19
  20 20
  21 21
  22 22
  23 23
  24 24
  25 25
  26 26
  27 27
  28 28
  29 29
  30 30
  31 31
  32 32
  33 33
  34 34
  35 35
  36 36
  37 37
  38 38
  39 39
  40 40
  41 41
  42 42
  43 43
  44 44
  45 45
  46 46
  47 47
  48 48
  49 49
  50 50
  51 51
  52 52
  53 53
  54 54
  55 55
  56 56
  57 57
  58 58
  59 59
  60 60
  61 61
  62 62
  63 63
  64 64
  65 65
  66 66
  67 67
  68 68
  69 69
  70 70
  71 71
  72 72
  73 73
  74 74
  75 75
  76 76
  77 77
  78 78
  79 79
  80 80
  81 81
  82 82
  83 83
  84 84
  85 85
  86 86
  87 87
  88 88
  89 89
  90 90
  91 91
  92 92
  93 93
  94 94
  95 95
  96 96
  97 97
  98 98
  99 99
  100 100
  101 101
  102 102
  103 103
  104 104
  105 105
  106 106
  107 107
  108 108
  109 109
  110 110
  111 111
  112 112
  113 113
  114 114
  115 115
  116 116
  117 117
  118 118
  119 119
  120 120
  121 121
  122 122
  123 123
  124 124
  125 125
  126 126
  127 127
  128 128
  129 129
  130 130
  131 131
  132 132
  133 133
  134 134
  135 135
  136 136
  137 137
  138 138
  139 139
  140 140
  141 141
  142 142
  143 143
  144 144
  145 145
  146 146
  147 147
  148 148
  149 149
  150 150
  151 151
  152 152
  153 153
  154 154
  155 155
  156 156
  157 157
  158 158
  159 159
  160 160
  161 161
  162 162
  163 163
  164 164
  165 165
  166 166
  167 167
  168 168
  169 169
  170 170
  171 171
  172 172
  173 173
  174 174
  175 175
  176 176
  177 177
  178 178
  179 179
  180 180
  181 181
  182 182
  183 183
  184 184
  185 185
  186 186
  187 187
  188 188
  189 189
  190 190
  191 191
  192 192
  193 193
  194 194
  195 195
  196 196
  197 197
  198 198
  199 199
  200 200
  201 201
  202 202
  203 203
  204 204
  205 205
  206 206
  207 207
  208 208
  209 209
  210 210
  211 211
  212 212
  213 213
  214 214
  215 215
  216 216
  217 217
  218 218
  219 219
  220 220
  221 221
  222 222
  223 223
  224 224
  225 225
  226 226
  227 227
  228 228
  229 229
  230 230
  231 231
  232 232
  233 233
  234 234
  235 235
  236 236
  237 237
  238 238
  239 239
  240 240
  241 241
  242 242
  243 243
  244 244
  245 245
  246 246
  247 247
  248 248
  249 249
  250 250
  251 251
  252 252
COMMENT: TIMESTEP: 1
ORDERS_SECTION
  1 2 3 4 5 6 7 8 9 10 11 12 13
  2 14 15 16 17 18 19 20
  3 21 22 23 24
  4 25 26 27 28 29 30 31 32 33 34 35
  5 36 37 38 39 40 41 42 43 44 45 46
  6 47 48 49 50 51 52 53 54 55 56 57 58 59
  7 60 61 62 63 64 65 66 67
  8 68 69 70 71 72 73 74 75 76 77
  9 78 79 80 81 82 83 84 85 86 87 88
  10 89 90
  11 91 92 93 94 95 96 97 98 99 100 101
  12 102 103 104 105 106 107 108
  13 109 110 111 112 113 114
  14 115 116 117 118 119
  15 120 121 122 123 124 125 126 127 128 129 130 131 132
  16 133 134 135
  17 136 137
  18 138 139 140 141 142
  19 143 144 145 146 147 148 149 150
  20 151 152 153 154 155 156 157 158 159 160 161 162
  21 163 164 165 166 167 168 169 170 171 172 173
  22 174 175 176 177
  23 178 179 180 181 182 183 184 185 186
  24 187 188 189 190 191 192 193 194 195 196 197
  25 198 199 200 201 202 203 204 205
  26 206 207 208 209 210 211 212
  27 213 214 215 216 217 218 219 220 221 222 223
  28 224 225 226 227 228 229 230 231 232 233 234 235 236
  29 237 238 239 240 241
  30 242 243 244 245 246 247 248 249 250 251 252
TIME_AVAIL_SECTION
  1 1
  2 1
  3 1
  4 1
  5 1
  6 1
  7 1
  8 1
  9 1
  10 1
  11 1
  12 1
  13 1
  14 1
  15 1
  16 1
  17 1
  18 1
  19 1
  20 1
  21 1
  22 1
  23 1
  24 1
  25 1
  26 1
  27 1
  28 1
  29 1
  30 1
EOF
