VRPTEST 1.0
COMMENT: descr: Modified tsplib for the OBP
COMMENT: Best known objective: 1026.0
COMMENT: Computational time (s): 0.119
NAME: c152_14c0
NUM_DEPOTS: 2
NUM_CAPACITIES: 1
NUM_VISITS: 152
NUM_LOCATIONS: 158
NUM_VEHICLES: 6
CAPACITIES: 4
DATA_SECTION
DEPOTS
  0
  1
LOCATION_COORD_SECTION
  0 5 20
  1 5 50
  2 33 10
  3 51 17
  4 48 22
  5 40 29
  6 41 26
  7 41 20
  8 37 5
  9 27 17
  10 30 11
  11 26 20
  12 49 22
  13 35 27
  14 47 25
  15 34 33
  16 30 9
  17 30 8
  18 37 43
  19 46 23
  20 43 23
  21 34 4
  22 42 18
  23 40 40
  24 28 22
  25 42 37
  26 33 3
  27 33 19
  28 28 26
  29 46 11
  30 52 22
  31 44 30
  32 28 17
  33 44 48
  34 72 51
  35 71 56
  36 61 49
  37 56 41
  38 64 36
  39 59 39
  40 54 69
  41 65 50
  42 49 57
  43 47 44
  44 67 64
  45 63 64
  46 74 50
  47 74 54
  48 71 62
  49 60 43
  50 48 44
  51 55 43
  52 66 60
  53 42 55
  54 41 56
  55 56 68
  56 57 65
  57 64 68
  58 52 56
  59 55 56
  60 69 38
  61 66 37
  62 60 55
  63 69 41
  64 52 51
  65 52 60
  66 15 62
  67 37 59
  68 13 44
  69 17 47
  70 18 55
  71 40 54
  72 18 70
  73 25 46
  74 18 52
  75 28 49
  76 14 42
  77 23 65
  78 26 43
  79 14 66
  80 36 47
  81 18 58
  82 29 54
  83 25 53
  84 21 41
  85 19 59
  86 21 67
  87 6 61
  88 20 47
  89 5 49
  90 15 54
  91 35 51
  92 17 52
  93 28 65
  94 13 49
  95 15 69
  96 16 49
  97 32 44
  98 17 61
  99 23 54
  100 16 64
  101 7 45
  102 13 37
  103 24 20
  104 28 32
  105 13 20
  106 22 31
  107 24 33
  108 20 34
  109 16 28
  110 16 25
  111 13 16
  112 14 34
  113 19 19
  114 19 39
  115 28 31
  116 31 37
  117 26 26
  118 6 23
  119 23 24
  120 16 16
  121 20 23
  122 14 39
  123 17 19
  124 13 24
  125 21 17
  126 17 36
  127 13 26
  128 16 20
  129 5 27
  130 9 28
  131 20 24
  132 25 24
  133 16 35
  134 23 41
  135 27 40
  136 23 30
  137 5 30
  138 13 29
  139 28 38
  140 23 20
  141 18 16
  142 20 31
  143 15 25
  144 3 34
  145 15 32
  146 17 16
  147 17 20
  148 6 28
  149 23 35
  150 23 11
  151 27 32
  152 20 21
  153 19 36
  154 10 10
  155 10 60
  156 12 60
  157 12 10
VISIT_LOCATION_SECTION
  2 2
  3 3
  4 4
  5 5
  6 6
  7 7
  8 8
  9 9
  10 10
  11 11
  12 12
  13 13
  14 14
  15 15
  16 16
  17 17
  18 18
  19 19
  20 20
  21 21
  22 22
  23 23
  24 24
  25 25
  26 26
  27 27
  28 28
  29 29
  30 30
  31 31
  32 32
  33 33
  34 34
  35 35
  36 36
  37 37
  38 38
  39 39
  40 40
  41 41
  42 42
  43 43
  44 44
  45 45
  46 46
  47 47
  48 48
  49 49
  50 50
  51 51
  52 52
  53 53
  54 54
  55 55
  56 56
  57 57
  58 58
  59 59
  60 60
  61 61
  62 62
  63 63
  64 64
  65 65
  66 66
  67 67
  68 68
  69 69
  70 70
  71 71
  72 72
  73 73
  74 74
  75 75
  76 76
  77 77
  78 78
  79 79
  80 80
  81 81
  82 82
  83 83
  84 84
  85 85
  86 86
  87 87
  88 88
  89 89
  90 90
  91 91
  92 92
  93 93
  94 94
  95 95
  96 96
  97 97
  98 98
  99 99
  100 100
  101 101
  102 102
  103 103
  104 104
  105 105
  106 106
  107 107
  108 108
  109 109
  110 110
  111 111
  112 112
  113 113
  114 114
  115 115
  116 116
  117 117
  118 118
  119 119
  120 120
  121 121
  122 122
  123 123
  124 124
  125 125
  126 126
  127 127
  128 128
  129 129
  130 130
  131 131
  132 132
  133 133
  134 134
  135 135
  136 136
  137 137
  138 138
  139 139
  140 140
  141 141
  142 142
  143 143
  144 144
  145 145
  146 146
  147 147
  148 148
  149 149
  150 150
  151 151
  152 152
  153 153
COMMENT: TIMESTEP: 1
ORDERS_SECTION
  1 2 3 4 5
  2 6 7 8 9 10
  3 11 12 13 14 15 16 17 18 19 20 21 22 23
  4 24 25
  5 26 27 28 29 30 31 32
  6 33 34 35
  7 36 37 38 39 40
  8 41 42 43 44 45 46 47
  9 48 49 50 51 52 53 54 55 56 57 58 59 60
  10 61 62 63 64 65
  11 66 67 68 69 70 71 72 73
  12 74 75 76 77 78 79
  13 80 81 82 83 84 85
  14 86 87 88 89 90 91 92 93 94 95
  15 96 97 98 99 100 101
  16 102 103 104 105 106 107 108 109 110 111 112 113 114 115 116
  17 117 118 119 120 121 122 123 124 125 126 127 128
  18 129 130 131 132 133 134 135 136 137 138 139 140
  19 141 142 143
  20 144 145 146 147 148 149 150 151 152 153
TIME_AVAIL_SECTION
  1 1
  2 1
  3 1
  4 1
  5 1
  6 1
  7 1
  8 1
  9 1
  10 1
  11 1
  12 1
  13 1
  14 1
  15 1
  16 1
  17 1
  18 1
  19 1
  20 1
OBSTACLES
  1 154 155 156 157
EOF
