VRPTEST 1.0
COMMENT: descr: Modified tsplib for the OBP
COMMENT: Best known objective: 1311.0
COMMENT: Computational time (s): 0.35955800000000004
NAME: c75_af76
NUM_CAPACITIES: 1
NUM_VISITS: 75
NUM_VEHICLES: 10
CAPACITIES: 3
DATA_SECTION
DEPOTS
  0
  1
VISIT_LOCATION_SECTION
  2 46
  3 64
  4 49
  5 105
  6 215
  7 78
  8 135
  9 68
  10 107
  11 183
  12 204
  13 63
  14 13
  15 35
  16 109
  17 98
  18 3
  19 6
  20 145
  21 197
  22 182
  23 185
  24 32
  25 147
  26 206
  27 79
  28 192
  29 20
  30 17
  31 216
  32 85
  33 83
  34 154
  35 45
  36 221
  37 95
  38 104
  39 59
  40 22
  41 89
  42 96
  43 10
  44 42
  45 16
  46 195
  47 219
  48 220
  49 11
  50 48
  51 88
  52 94
  53 214
  54 51
  55 69
  56 15
  57 194
  58 103
  59 9
  60 58
  61 61
  62 93
  63 87
  64 102
  65 7
  66 37
  67 144
  68 84
  69 205
  70 218
  71 21
  72 36
  73 19
  74 92
  75 101
  76 71
COMMENT: TIMESTEP: 1
ORDERS_SECTION
  1 2 3 4
  2 5 6
  3 7 8 9
  4 10 11 12
  5 13 14 15
  6 16 17
  7 18 19 20
  8 21 22 23
  9 24 25
  10 26 27 28
  11 29 30
  12 31 32 33
  13 34 35
  14 36 37 38
  15 39 40
  16 41 42
  17 43 44 45
  18 46 47 48
  19 49 50
  20 51 52 53
  21 54 55 56
  22 57 58
  23 59 60 61
  24 62 63 64
  25 65 66 67
  26 68 69 70
  27 71 72 73
  28 74 75 76
TIME_AVAIL_SECTION
  1 1
  2 1
  3 1
  4 1
  5 1
  6 1
  7 1
  8 1
  9 1
  10 1
  11 1
  12 1
  13 1
  14 1
  15 1
  16 1
  17 1
  18 1
  19 1
  20 1
  21 1
  22 1
  23 1
  24 1
  25 1
  26 1
  27 1
  28 1
EOF
