VRPTEST 1.0
COMMENT: descr: Modified tsplib for the OBP
COMMENT: Best known objective: 769.0
COMMENT: Computational time (s): 0.088
NAME: c147_1859
NUM_DEPOTS: 2
NUM_CAPACITIES: 1
NUM_VISITS: 147
NUM_LOCATIONS: 149
NUM_VEHICLES: 6
CAPACITIES: 4
DATA_SECTION
DEPOTS
  0
  1
LOCATION_COORD_SECTION
  0 5 30
  1 5 50
  2 19 60
  3 37 73
  4 28 65
  5 34 56
  6 38 42
  7 25 64
  8 15 61
  9 33 44
  10 23 56
  11 29 67
  12 27 55
  13 13 56
  14 37 43
  15 38 43
  16 34 61
  17 28 56
  18 38 44
  19 34 52
  20 39 51
  21 26 59
  22 28 67
  23 37 61
  24 38 63
  25 31 56
  26 27 72
  27 31 67
  28 19 57
  29 15 60
  30 33 71
  31 37 47
  32 34 74
  33 22 54
  34 32 47
  35 25 56
  36 33 57
  37 52 56
  38 39 66
  39 46 71
  40 47 43
  41 49 59
  42 47 45
  43 46 56
  44 51 49
  45 49 44
  46 58 60
  47 56 57
  48 44 57
  49 47 73
  50 60 61
  51 42 55
  52 49 69
  53 61 64
  54 41 74
  55 46 43
  56 42 75
  57 45 58
  58 50 51
  59 55 51
  60 39 65
  61 46 51
  62 55 55
  63 10 40
  64 21 14
  65 23 35
  66 25 50
  67 25 48
  68 17 45
  69 18 19
  70 8 47
  71 22 50
  72 15 42
  73 24 50
  74 19 21
  75 21 43
  76 17 42
  77 28 45
  78 20 15
  79 14 41
  80 9 27
  81 21 40
  82 10 24
  83 6 42
  84 6 34
  85 19 37
  86 21 54
  87 17 35
  88 14 54
  89 20 18
  90 10 26
  91 18 18
  92 13 31
  93 13 41
  94 9 33
  95 9 49
  96 38 24
  97 46 30
  98 43 35
  99 48 33
  100 35 24
  101 38 23
  102 25 32
  103 29 19
  104 25 17
  105 32 25
  106 22 12
  107 46 32
  108 36 34
  109 28 22
  110 23 22
  111 30 25
  112 25 15
  113 35 21
  114 28 13
  115 34 24
  116 24 13
  117 35 33
  118 42 35
  119 28 35
  120 37 30
  121 34 35
  122 23 19
  123 40 24
  124 30 28
  125 22 18
  126 27 26
  127 25 25
  128 32 21
  129 35 29
  130 27 23
  131 22 26
  132 39 25
  133 44 32
  134 25 22
  135 28 16
  136 42 32
  137 30 34
  138 24 33
  139 26 22
  140 23 34
  141 25 23
  142 25 34
  143 39 31
  144 41 29
  145 46 35
  146 36 36
  147 42 31
  148 27 13
VISIT_LOCATION_SECTION
  2 2
  3 3
  4 4
  5 5
  6 6
  7 7
  8 8
  9 9
  10 10
  11 11
  12 12
  13 13
  14 14
  15 15
  16 16
  17 17
  18 18
  19 19
  20 20
  21 21
  22 22
  23 23
  24 24
  25 25
  26 26
  27 27
  28 28
  29 29
  30 30
  31 31
  32 32
  33 33
  34 34
  35 35
  36 36
  37 37
  38 38
  39 39
  40 40
  41 41
  42 42
  43 43
  44 44
  45 45
  46 46
  47 47
  48 48
  49 49
  50 50
  51 51
  52 52
  53 53
  54 54
  55 55
  56 56
  57 57
  58 58
  59 59
  60 60
  61 61
  62 62
  63 63
  64 64
  65 65
  66 66
  67 67
  68 68
  69 69
  70 70
  71 71
  72 72
  73 73
  74 74
  75 75
  76 76
  77 77
  78 78
  79 79
  80 80
  81 81
  82 82
  83 83
  84 84
  85 85
  86 86
  87 87
  88 88
  89 89
  90 90
  91 91
  92 92
  93 93
  94 94
  95 95
  96 96
  97 97
  98 98
  99 99
  100 100
  101 101
  102 102
  103 103
  104 104
  105 105
  106 106
  107 107
  108 108
  109 109
  110 110
  111 111
  112 112
  113 113
  114 114
  115 115
  116 116
  117 117
  118 118
  119 119
  120 120
  121 121
  122 122
  123 123
  124 124
  125 125
  126 126
  127 127
  128 128
  129 129
  130 130
  131 131
  132 132
  133 133
  134 134
  135 135
  136 136
  137 137
  138 138
  139 139
  140 140
  141 141
  142 142
  143 143
  144 144
  145 145
  146 146
  147 147
  148 148
COMMENT: TIMESTEP: 1
ORDERS_SECTION
  1 2 3 4
  2 5 6 7 8 9 10 11
  3 12 13 14 15 16 17 18 19 20
  4 21 22 23 24 25
  5 26 27 28 29 30 31 32 33 34 35 36
  6 37 38 39
  7 40 41 42 43 44 45 46 47 48 49 50 51 52
  8 53 54 55 56
  9 57 58
  10 59 60 61 62
  11 63 64 65 66
  12 67 68 69 70 71 72 73 74 75
  13 76 77 78 79 80
  14 81 82 83 84 85 86
  15 87 88 89 90 91 92 93 94 95
  16 96 97 98 99
  17 100 101 102 103 104 105 106 107 108 109 110 111 112
  18 113 114 115 116 117 118 119 120 121 122 123
  19 124 125 126 127 128 129 130 131 132 133 134 135
  20 136 137 138 139 140 141 142 143 144 145 146 147 148
TIME_AVAIL_SECTION
  1 1
  2 1
  3 1
  4 1
  5 1
  6 1
  7 1
  8 1
  9 1
  10 1
  11 1
  12 1
  13 1
  14 1
  15 1
  16 1
  17 1
  18 1
  19 1
  20 1
EOF
