VRPTEST 1.0
COMMENT: descr: Modified tsplib for the OBP
COMMENT: Best known objective: 871.0
COMMENT: Computational time (s): 0.243
NAME: c169_2127
NUM_DEPOTS: 2
NUM_CAPACITIES: 1
NUM_VISITS: 169
NUM_LOCATIONS: 219
NUM_VEHICLES: 4
CAPACITIES: 8
DATA_SECTION
DEPOTS
  0
  1
LOCATION_COORD_SECTION
  0 35 70
  1 50 70
  2 3 21
  3 21 20
  4 6 28
  5 8 20
  6 6 23
  7 20 10
  8 15 11
  9 6 18
  10 18 8
  11 20 21
  12 9 28
  13 4 20
  14 13 20
  15 19 14
  16 17 4
  17 19 9
  18 19 6
  19 25 28
  20 7 14
  21 9 17
  22 21 4
  23 13 16
  24 23 5
  25 3 19
  26 5 19
  27 15 7
  28 13 26
  29 3 24
  30 17 9
  31 8 22
  32 20 23
  33 22 5
  34 25 11
  35 15 25
  36 13 15
  37 8 13
  38 5 27
  39 23 3
  40 19 19
  41 16 9
  42 6 20
  43 13 21
  44 20 24
  45 20 7
  46 21 17
  47 25 24
  48 20 26
  49 68 68
  50 61 68
  51 65 61
  52 59 62
  53 63 75
  54 67 71
  55 69 72
  56 60 77
  57 63 60
  58 58 67
  59 58 70
  60 64 62
  61 66 63
  62 69 70
  63 73 63
  64 77 66
  65 66 76
  66 66 67
  67 58 56
  68 59 66
  69 65 63
  70 69 68
  71 63 76
  72 69 65
  73 67 64
  74 58 59
  75 69 75
  76 77 59
  77 77 61
  78 69 63
  79 75 57
  80 73 66
  81 64 65
  82 72 69
  83 75 60
  84 65 68
  85 72 65
  86 71 60
  87 66 60
  88 67 72
  89 76 41
  90 65 30
  91 64 36
  92 64 56
  93 75 50
  94 64 32
  95 65 44
  96 71 36
  97 70 53
  98 59 50
  99 70 47
  100 70 39
  101 58 23
  102 59 30
  103 63 38
  104 69 32
  105 69 55
  106 70 44
  107 63 54
  108 66 33
  109 60 31
  110 65 32
  111 68 33
  112 65 56
  113 77 52
  114 61 34
  115 67 32
  116 78 56
  117 69 38
  118 65 33
  119 58 45
  120 63 51
  121 64 49
  122 66 31
  123 65 50
  124 59 27
  125 69 52
  126 76 44
  127 69 41
  128 65 49
  129 70 56
  130 69 35
  131 61 31
  132 25 56
  133 14 34
  134 15 32
  135 7 31
  136 24 33
  137 16 33
  138 23 35
  139 8 40
  140 5 39
  141 10 33
  142 19 39
  143 5 31
  144 12 34
  145 15 43
  146 17 33
  147 20 31
  148 25 53
  149 16 35
  150 20 34
  151 20 47
  152 3 34
  153 13 44
  154 22 32
  155 20 49
  156 16 34
  157 19 51
  158 21 45
  159 20 36
  160 14 42
  161 14 46
  162 4 32
  163 11 34
  164 21 43
  165 5 37
  166 8 30
  167 5 30
  168 22 31
  169 6 39
  170 25 46
  171 10 10
  172 10 30
  173 12 30
  174 12 10
  175 16 10
  176 16 30
  177 18 30
  178 18 10
  179 22 10
  180 22 30
  181 24 30
  182 24 10
  183 10 36
  184 10 56
  185 12 56
  186 12 36
  187 16 36
  188 16 56
  189 18 56
  190 18 36
  191 22 36
  192 22 56
  193 24 56
  194 24 36
  195 60 10
  196 60 30
  197 62 30
  198 62 10
  199 66 10
  200 66 30
  201 68 30
  202 68 10
  203 72 10
  204 72 30
  205 74 30
  206 74 10
  207 60 36
  208 60 56
  209 62 56
  210 62 36
  211 66 36
  212 66 56
  213 68 56
  214 68 36
  215 72 36
  216 72 56
  217 74 56
  218 74 36
VISIT_LOCATION_SECTION
  2 2
  3 3
  4 4
  5 5
  6 6
  7 7
  8 8
  9 9
  10 10
  11 11
  12 12
  13 13
  14 14
  15 15
  16 16
  17 17
  18 18
  19 19
  20 20
  21 21
  22 22
  23 23
  24 24
  25 25
  26 26
  27 27
  28 28
  29 29
  30 30
  31 31
  32 32
  33 33
  34 34
  35 35
  36 36
  37 37
  38 38
  39 39
  40 40
  41 41
  42 42
  43 43
  44 44
  45 45
  46 46
  47 47
  48 48
  49 49
  50 50
  51 51
  52 52
  53 53
  54 54
  55 55
  56 56
  57 57
  58 58
  59 59
  60 60
  61 61
  62 62
  63 63
  64 64
  65 65
  66 66
  67 67
  68 68
  69 69
  70 70
  71 71
  72 72
  73 73
  74 74
  75 75
  76 76
  77 77
  78 78
  79 79
  80 80
  81 81
  82 82
  83 83
  84 84
  85 85
  86 86
  87 87
  88 88
  89 89
  90 90
  91 91
  92 92
  93 93
  94 94
  95 95
  96 96
  97 97
  98 98
  99 99
  100 100
  101 101
  102 102
  103 103
  104 104
  105 105
  106 106
  107 107
  108 108
  109 109
  110 110
  111 111
  112 112
  113 113
  114 114
  115 115
  116 116
  117 117
  118 118
  119 119
  120 120
  121 121
  122 122
  123 123
  124 124
  125 125
  126 126
  127 127
  128 128
  129 129
  130 130
  131 131
  132 132
  133 133
  134 134
  135 135
  136 136
  137 137
  138 138
  139 139
  140 140
  141 141
  142 142
  143 143
  144 144
  145 145
  146 146
  147 147
  148 148
  149 149
  150 150
  151 151
  152 152
  153 153
  154 154
  155 155
  156 156
  157 157
  158 158
  159 159
  160 160
  161 161
  162 162
  163 163
  164 164
  165 165
  166 166
  167 167
  168 168
  169 169
  170 170
COMMENT: TIMESTEP: 1
ORDERS_SECTION
  1 2 3 4 5 6 7 8 9
  2 10 11 12 13
  3 14 15 16 17 18 19 20
  4 21 22
  5 23 24 25 26 27
  6 28 29 30 31 32
  7 33 34 35 36 37 38 39 40
  8 41 42 43 44 45 46 47 48
  9 49 50 51 52 53 54
  10 55 56
  11 57 58 59 60 61 62 63 64
  12 65 66 67 68 69 70 71 72
  13 73 74
  14 75 76 77
  15 78 79 80 81 82 83
  16 84 85 86 87 88
  17 89 90 91 92 93 94
  18 95 96 97
  19 98 99 100 101 102 103 104
  20 105 106 107 108 109 110 111
  21 112 113 114 115 116 117 118
  22 119 120 121 122 123
  23 124 125 126 127 128 129 130 131
  24 132 133 134 135 136 137
  25 138 139 140
  26 141 142 143 144 145 146 147 148
  27 149 150
  28 151 152 153 154 155 156
  29 157 158 159 160 161 162 163
  30 164 165 166 167 168 169 170
TIME_AVAIL_SECTION
  1 1
  2 1
  3 1
  4 1
  5 1
  6 1
  7 1
  8 1
  9 1
  10 1
  11 1
  12 1
  13 1
  14 1
  15 1
  16 1
  17 1
  18 1
  19 1
  20 1
  21 1
  22 1
  23 1
  24 1
  25 1
  26 1
  27 1
  28 1
  29 1
  30 1
OBSTACLES
  1 171 172 173 174
  2 175 176 177 178
  3 179 180 181 182
  4 183 184 185 186
  5 187 188 189 190
  6 191 192 193 194
  7 195 196 197 198
  8 199 200 201 202
  9 203 204 205 206
  10 207 208 209 210
  11 211 212 213 214
  12 215 216 217 218
EOF
