VRPTEST 1.0
COMMENT: descr: Modified tsplib for the OBP
COMMENT: Best known objective: 882.373
COMMENT: Computational time (s): 0.166147
NAME: c99_40f8
NUM_CAPACITIES: 1
NUM_VISITS: 99
NUM_VEHICLES: 4
CAPACITIES: 4
DATA_SECTION
DEPOTS
  0
  1
VISIT_LOCATION_SECTION
  2 286
  3 446
  4 168
  5 151
  6 55
  7 152
  8 51
  9 455
  10 428
  11 29
  12 56
  13 349
  14 364
  15 402
  16 124
  17 88
  18 119
  19 17
  20 250
  21 311
  22 85
  23 433
  24 231
  25 362
  26 338
  27 326
  28 20
  29 273
  30 470
  31 429
  32 70
  33 323
  34 103
  35 248
  36 11
  37 363
  38 66
  39 353
  40 89
  41 304
  42 350
  43 189
  44 463
  45 219
  46 234
  47 106
  48 4
  49 132
  50 180
  51 207
  52 434
  53 91
  54 277
  55 59
  56 422
  57 375
  58 313
  59 360
  60 427
  61 12
  62 406
  63 394
  64 75
  65 224
  66 162
  67 183
  68 267
  69 48
  70 60
  71 366
  72 160
  73 100
  74 140
  75 297
  76 198
  77 225
  78 102
  79 158
  80 6
  81 15
  82 109
  83 403
  84 147
  85 21
  86 444
  87 299
  88 173
  89 227
  90 416
  91 443
  92 381
  93 79
  94 344
  95 279
  96 177
  97 196
  98 252
  99 342
  100 459
COMMENT: TIMESTEP: 1
ORDERS_SECTION
  1 2 3 4 5
  2 6 7 8 9
  3 10 11 12 13 14 15 16 17 18
  4 19 20 21 22 23 24 25 26 27 28
  5 29 30 31 32 33 34
  6 35 36 37 38
  7 39 40 41 42 43
  8 44 45
  9 46 47 48 49 50 51 52 53
  10 54 55 56 57 58 59 60 61 62 63 64 65
  11 66
  12 67 68 69 70 71 72 73 74 75 76 77 78
  13 79 80 81 82 83 84 85 86
  14 87 88 89 90 91 92
  15 93 94 95 96 97 98 99 100
TIME_AVAIL_SECTION
  1 1
  2 1
  3 1
  4 1
  5 1
  6 1
  7 1
  8 1
  9 1
  10 1
  11 1
  12 1
  13 1
  14 1
  15 1
EOF
