VRPTEST 1.0
COMMENT: descr: Modified tsplib for the OBP
COMMENT: Best known objective: 1563.0
COMMENT: Computational time (s): 0.157
NAME: c192_09cd
NUM_DEPOTS: 2
NUM_CAPACITIES: 1
NUM_VISITS: 192
NUM_LOCATIONS: 198
NUM_VEHICLES: 7
CAPACITIES: 6
DATA_SECTION
DEPOTS
  0
  1
LOCATION_COORD_SECTION
  0 5 20
  1 5 50
  2 68 33
  3 66 33
  4 41 23
  5 27 21
  6 59 10
  7 61 31
  8 70 26
  9 42 8
  10 52 22
  11 55 28
  12 39 26
  13 48 19
  14 69 32
  15 58 32
  16 47 42
  17 59 32
  18 36 22
  19 56 6
  20 71 32
  21 28 31
  22 56 19
  23 69 29
  24 66 22
  25 42 4
  26 42 18
  27 56 17
  28 44 30
  29 49 22
  30 72 29
  31 75 29
  32 28 32
  33 67 17
  34 31 37
  35 46 28
  36 48 13
  37 38 20
  38 55 34
  39 27 32
  40 40 18
  41 64 32
  42 50 11
  43 36 42
  44 57 22
  45 49 3
  46 63 22
  47 54 35
  48 37 12
  49 57 20
  50 45 10
  51 45 8
  52 31 38
  53 42 39
  54 66 16
  55 52 25
  56 38 10
  57 23 24
  58 41 26
  59 44 38
  60 76 27
  61 26 20
  62 40 40
  63 67 32
  64 46 38
  65 57 7
  66 48 24
  67 55 25
  68 54 4
  69 40 34
  70 66 31
  71 54 38
  72 35 27
  73 40 33
  74 55 43
  75 43 23
  76 40 7
  77 60 25
  78 33 19
  79 59 27
  80 49 14
  81 36 18
  82 54 41
  83 23 30
  84 74 25
  85 53 42
  86 49 35
  87 63 64
  88 41 65
  89 47 67
  90 48 48
  91 54 48
  92 47 49
  93 48 60
  94 38 67
  95 71 56
  96 58 63
  97 33 70
  98 68 51
  99 39 74
  100 31 69
  101 34 51
  102 63 60
  103 36 63
  104 65 68
  105 40 54
  106 62 72
  107 39 47
  108 52 60
  109 51 76
  110 57 75
  111 62 54
  112 40 47
  113 62 45
  114 42 55
  115 40 75
  116 61 49
  117 31 57
  118 39 72
  119 73 56
  120 50 45
  121 50 57
  122 65 49
  123 66 67
  124 46 51
  125 28 50
  126 52 76
  127 49 63
  128 55 44
  129 49 62
  130 40 70
  131 40 71
  132 70 53
  133 58 56
  134 45 69
  135 28 49
  136 47 65
  137 52 51
  138 27 65
  139 67 64
  140 27 64
  141 51 63
  142 58 70
  143 30 69
  144 42 48
  145 43 47
  146 50 67
  147 48 54
  148 53 53
  149 44 48
  150 75 60
  151 51 65
  152 39 56
  153 42 78
  154 66 60
  155 50 48
  156 31 47
  157 49 72
  158 38 66
  159 63 51
  160 50 44
  161 59 46
  162 49 78
  163 54 70
  164 37 74
  165 35 45
  166 57 66
  167 20 59
  168 65 50
  169 55 73
  170 41 73
  171 53 49
  172 48 77
  173 32 68
  174 47 52
  175 28 65
  176 44 70
  177 64 68
  178 64 49
  179 36 47
  180 48 44
  181 46 67
  182 71 62
  183 55 71
  184 36 61
  185 58 77
  186 47 58
  187 63 54
  188 43 43
  189 24 63
  190 29 54
  191 45 45
  192 67 65
  193 59 44
  194 10 10
  195 10 60
  196 12 60
  197 12 10
VISIT_LOCATION_SECTION
  2 2
  3 3
  4 4
  5 5
  6 6
  7 7
  8 8
  9 9
  10 10
  11 11
  12 12
  13 13
  14 14
  15 15
  16 16
  17 17
  18 18
  19 19
  20 20
  21 21
  22 22
  23 23
  24 24
  25 25
  26 26
  27 27
  28 28
  29 29
  30 30
  31 31
  32 32
  33 33
  34 34
  35 35
  36 36
  37 37
  38 38
  39 39
  40 40
  41 41
  42 42
  43 43
  44 44
  45 45
  46 46
  47 47
  48 48
  49 49
  50 50
  51 51
  52 52
  53 53
  54 54
  55 55
  56 56
  57 57
  58 58
  59 59
  60 60
  61 61
  62 62
  63 63
  64 64
  65 65
  66 66
  67 67
  68 68
  69 69
  70 70
  71 71
  72 72
  73 73
  74 74
  75 75
  76 76
  77 77
  78 78
  79 79
  80 80
  81 81
  82 82
  83 83
  84 84
  85 85
  86 86
  87 87
  88 88
  89 89
  90 90
  91 91
  92 92
  93 93
  94 94
  95 95
  96 96
  97 97
  98 98
  99 99
  100 100
  101 101
  102 102
  103 103
  104 104
  105 105
  106 106
  107 107
  108 108
  109 109
  110 110
  111 111
  112 112
  113 113
  114 114
  115 115
  116 116
  117 117
  118 118
  119 119
  120 120
  121 121
  122 122
  123 123
  124 124
  125 125
  126 126
  127 127
  128 128
  129 129
  130 130
  131 131
  132 132
  133 133
  134 134
  135 135
  136 136
  137 137
  138 138
  139 139
  140 140
  141 141
  142 142
  143 143
  144 144
  145 145
  146 146
  147 147
  148 148
  149 149
  150 150
  151 151
  152 152
  153 153
  154 154
  155 155
  156 156
  157 157
  158 158
  159 159
  160 160
  161 161
  162 162
  163 163
  164 164
  165 165
  166 166
  167 167
  168 168
  169 169
  170 170
  171 171
  172 172
  173 173
  174 174
  175 175
  176 176
  177 177
  178 178
  179 179
  180 180
  181 181
  182 182
  183 183
  184 184
  185 185
  186 186
  187 187
  188 188
  189 189
  190 190
  191 191
  192 192
  193 193
COMMENT: TIMESTEP: 1
ORDERS_SECTION
  1 2 3 4 5 6
  2 7 8
  3 9 10
  4 11 12 13 14 15 16 17 18
  5 19 20 21 22 23 24
  6 25 26
  7 27 28
  8 29 30
  9 31 32
  10 33 34 35
  11 36 37 38
  12 39 40 41 42 43 44 45 46
  13 47 48 49 50
  14 51 52
  15 53 54 55 56 57 58
  16 59 60 61 62 63 64 65
  17 66 67 68
  18 69 70 71 72 73 74 75
  19 76 77 78 79 80 81 82 83
  20 84 85 86
  21 87 88 89 90 91 92
  22 93 94 95 96 97 98 99 100
  23 101 102 103 104 105 106
  24 107 108 109 110 111 112 113 114
  25 115 116 117 118 119
  26 120 121
  27 122 123 124 125 126
  28 127 128 129 130 131 132 133
  29 134 135 136 137 138 139
  30 140 141 142 143 144 145
  31 146 147 148
  32 149 150 151 152 153
  33 154 155 156 157
  34 158 159 160 161 162
  35 163 164 165 166 167 168
  36 169 170 171 172 173 174
  37 175 176 177 178 179
  38 180 181 182 183 184
  39 185 186 187 188 189 190
  40 191 192 193
TIME_AVAIL_SECTION
  1 1
  2 1
  3 1
  4 1
  5 1
  6 1
  7 1
  8 1
  9 1
  10 1
  11 1
  12 1
  13 1
  14 1
  15 1
  16 1
  17 1
  18 1
  19 1
  20 1
  21 1
  22 1
  23 1
  24 1
  25 1
  26 1
  27 1
  28 1
  29 1
  30 1
  31 1
  32 1
  33 1
  34 1
  35 1
  36 1
  37 1
  38 1
  39 1
  40 1
OBSTACLES
  1 194 195 196 197
EOF
