VRPTEST 1.0
COMMENT: descr: Modified tsplib for the OBP
COMMENT: Best known objective: 364.0
COMMENT: Computational time (s): 0.043
NAME: c60_16c8
NUM_DEPOTS: 2
NUM_CAPACITIES: 1
NUM_VISITS: 60
NUM_LOCATIONS: 110
NUM_VEHICLES: 3
CAPACITIES: 4
DATA_SECTION
DEPOTS
  0
  1
LOCATION_COORD_SECTION
  0 35 70
  1 50 70
  2 63 22
  3 58 11
  4 58 32
  5 70 26
  6 67 32
  7 68 33
  8 60 31
  9 61 31
  10 59 32
  11 63 23
  12 71 32
  13 58 38
  14 64 36
  15 64 37
  16 64 32
  17 69 32
  18 63 18
  19 69 52
  20 65 44
  21 70 47
  22 65 61
  23 63 64
  24 65 49
  25 61 68
  26 63 60
  27 77 52
  28 70 56
  29 71 53
  30 64 62
  31 65 63
  32 66 63
  33 64 56
  34 63 54
  35 64 65
  36 65 50
  37 59 44
  38 59 62
  39 58 56
  40 58 67
  41 58 59
  42 59 46
  43 59 66
  44 59 50
  45 58 45
  46 58 63
  47 59 42
  48 59 39
  49 59 38
  50 24 63
  51 23 65
  52 23 62
  53 20 60
  54 25 53
  55 19 57
  56 25 56
  57 18 58
  58 19 59
  59 22 64
  60 22 60
  61 20 59
  62 10 10
  63 10 30
  64 12 30
  65 12 10
  66 16 10
  67 16 30
  68 18 30
  69 18 10
  70 22 10
  71 22 30
  72 24 30
  73 24 10
  74 10 36
  75 10 56
  76 12 56
  77 12 36
  78 16 36
  79 16 56
  80 18 56
  81 18 36
  82 22 36
  83 22 56
  84 24 56
  85 24 36
  86 60 10
  87 60 30
  88 62 30
  89 62 10
  90 66 10
  91 66 30
  92 68 30
  93 68 10
  94 72 10
  95 72 30
  96 74 30
  97 74 10
  98 60 36
  99 60 56
  100 62 56
  101 62 36
  102 66 36
  103 66 56
  104 68 56
  105 68 36
  106 72 36
  107 72 56
  108 74 56
  109 74 36
VISIT_LOCATION_SECTION
  2 2
  3 3
  4 4
  5 5
  6 6
  7 7
  8 8
  9 9
  10 10
  11 11
  12 12
  13 13
  14 14
  15 15
  16 16
  17 17
  18 18
  19 19
  20 20
  21 21
  22 22
  23 23
  24 24
  25 25
  26 26
  27 27
  28 28
  29 29
  30 30
  31 31
  32 32
  33 33
  34 34
  35 35
  36 36
  37 37
  38 38
  39 39
  40 40
  41 41
  42 42
  43 43
  44 44
  45 45
  46 46
  47 47
  48 48
  49 49
  50 50
  51 51
  52 52
  53 53
  54 54
  55 55
  56 56
  57 57
  58 58
  59 59
  60 60
  61 61
COMMENT: TIMESTEP: 1
ORDERS_SECTION
  1 2 3 4 5 6 7
  2 8 9 10 11 12 13
  3 14 15 16 17 18
  4 19 20 21 22 23 24 25 26
  5 27 28 29 30 31 32
  6 33 34 35 36
  7 37 38 39 40 41 42
  8 43 44 45 46 47 48 49
  9 50 51 52 53 54 55 56
  10 57 58 59 60 61
TIME_AVAIL_SECTION
  1 1
  2 1
  3 1
  4 1
  5 1
  6 1
  7 1
  8 1
  9 1
  10 1
OBSTACLES
  1 62 63 64 65
  2 66 67 68 69
  3 70 71 72 73
  4 74 75 76 77
  5 78 79 80 81
  6 82 83 84 85
  7 86 87 88 89
  8 90 91 92 93
  9 94 95 96 97
  10 98 99 100 101
  11 102 103 104 105
  12 106 107 108 109
EOF
