VRPTEST 1.0
COMMENT: descr: Modified tsplib for the OBP
COMMENT: Best known objective: 946.889
COMMENT: Computational time (s): 0.17303800000000003
NAME: c80_1aa9
NUM_CAPACITIES: 1
NUM_VISITS: 80
NUM_VEHICLES: 5
CAPACITIES: 4
DATA_SECTION
DEPOTS
  0
  1
VISIT_LOCATION_SECTION
  2 25
  3 319
  4 36
  5 384
  6 427
  7 130
  8 175
  9 271
  10 366
  11 441
  12 141
  13 134
  14 302
  15 206
  16 257
  17 280
  18 155
  19 20
  20 18
  21 452
  22 119
  23 398
  24 375
  25 300
  26 86
  27 281
  28 173
  29 115
  30 298
  31 156
  32 361
  33 47
  34 369
  35 238
  36 347
  37 235
  38 102
  39 194
  40 471
  41 473
  42 71
  43 470
  44 189
  45 394
  46 99
  47 474
  48 322
  49 310
  50 431
  51 215
  52 101
  53 146
  54 84
  55 386
  56 22
  57 75
  58 413
  59 437
  60 331
  61 42
  62 368
  63 12
  64 229
  65 87
  66 145
  67 337
  68 44
  69 297
  70 142
  71 397
  72 246
  73 308
  74 59
  75 37
  76 412
  77 212
  78 333
  79 216
  80 276
  81 60
COMMENT: TIMESTEP: 1
ORDERS_SECTION
  1 2 3 4
  2 5 6 7 8 9 10 11 12
  3 13 14 15 16
  4 17 18 19 20 21 22 23
  5 24 25
  6 26 27
  7 28 29
  8 30 31 32
  9 33 34 35
  10 36 37 38 39 40 41 42 43
  11 44 45 46 47 48
  12 49 50 51
  13 52 53 54 55 56 57
  14 58 59 60 61
  15 62 63 64 65 66 67
  16 68 69 70 71 72
  17 73 74
  18 75 76 77 78 79 80 81
TIME_AVAIL_SECTION
  1 1
  2 1
  3 1
  4 1
  5 1
  6 1
  7 1
  8 1
  9 1
  10 1
  11 1
  12 1
  13 1
  14 1
  15 1
  16 1
  17 1
  18 1
EOF
