VRPTEST 1.0
COMMENT: descr: Modified tsplib for the OBP
COMMENT: Best known objective: 1065.0
COMMENT: Computational time (s): 0.166
NAME: c225_05ca
NUM_DEPOTS: 2
NUM_CAPACITIES: 1
NUM_VISITS: 225
NUM_LOCATIONS: 227
NUM_VEHICLES: 7
CAPACITIES: 5
DATA_SECTION
DEPOTS
  0
  1
LOCATION_COORD_SECTION
  0 5 30
  1 5 50
  2 24 33
  3 13 31
  4 21 14
  5 22 9
  6 44 24
  7 5 23
  8 20 10
  9 35 21
  10 21 11
  11 23 6
  12 30 24
  13 22 26
  14 27 13
  15 18 18
  16 19 13
  17 40 24
  18 13 25
  19 28 16
  20 45 25
  21 13 13
  22 28 13
  23 7 29
  24 17 9
  25 21 21
  26 16 36
  27 20 28
  28 14 32
  29 10 26
  30 17 21
  31 37 30
  32 20 18
  33 38 17
  34 29 23
  35 29 7
  36 28 10
  37 15 31
  38 31 32
  39 17 34
  40 15 22
  41 25 22
  42 25 15
  43 22 36
  44 23 35
  45 39 22
  46 39 14
  47 8 22
  48 35 24
  49 23 22
  50 20 20
  51 34 17
  52 38 16
  53 25 34
  54 18 32
  55 38 23
  56 38 14
  57 35 29
  58 36 38
  59 20 46
  60 25 50
  61 26 46
  62 28 61
  63 30 57
  64 23 56
  65 28 56
  66 34 35
  67 36 51
  68 37 43
  69 25 64
  70 28 67
  71 24 42
  72 37 47
  73 22 48
  74 12 48
  75 16 52
  76 39 45
  77 27 42
  78 34 46
  79 21 50
  80 31 44
  81 25 48
  82 19 59
  83 27 55
  84 21 53
  85 5 47
  86 9 47
  87 21 41
  88 8 47
  89 12 47
  90 13 56
  91 16 58
  92 33 44
  93 19 39
  94 13 41
  95 23 43
  96 12 43
  97 15 51
  98 29 61
  99 31 56
  100 18 42
  101 38 49
  102 14 41
  103 19 57
  104 19 53
  105 15 42
  106 25 54
  107 29 42
  108 9 52
  109 19 40
  110 26 59
  111 16 48
  112 29 67
  113 21 38
  114 22 54
  115 26 47
  116 33 53
  117 28 65
  118 14 54
  119 22 50
  120 25 67
  121 28 55
  122 38 43
  123 58 52
  124 42 32
  125 63 38
  126 61 41
  127 60 40
  128 67 48
  129 51 37
  130 49 25
  131 61 52
  132 57 28
  133 47 43
  134 61 34
  135 55 44
  136 62 45
  137 57 31
  138 46 30
  139 70 44
  140 42 40
  141 63 42
  142 69 39
  143 73 45
  144 51 49
  145 55 43
  146 46 43
  147 60 34
  148 61 40
  149 51 24
  150 55 48
  151 71 46
  152 69 44
  153 42 35
  154 55 32
  155 50 36
  156 59 37
  157 63 41
  158 58 55
  159 44 39
  160 54 31
  161 55 55
  162 49 44
  163 72 46
  164 50 24
  165 45 35
  166 66 38
  167 56 32
  168 44 32
  169 49 43
  170 50 26
  171 55 51
  172 71 43
  173 57 65
  174 41 65
  175 49 54
  176 52 67
  177 34 56
  178 45 67
  179 33 56
  180 41 74
  181 42 73
  182 49 60
  183 59 62
  184 36 74
  185 47 71
  186 42 55
  187 52 68
  188 42 56
  189 50 68
  190 51 63
  191 35 66
  192 52 66
  193 61 56
  194 40 59
  195 59 59
  196 34 74
  197 43 50
  198 39 71
  199 39 58
  200 46 71
  201 60 61
  202 45 56
  203 51 59
  204 42 72
  205 51 65
  206 50 72
  207 46 56
  208 54 62
  209 34 70
  210 37 61
  211 66 58
  212 56 57
  213 34 61
  214 33 57
  215 40 57
  216 39 66
  217 37 73
  218 39 51
  219 60 58
  220 39 65
  221 35 72
  222 42 49
  223 31 67
  224 38 63
  225 42 50
  226 46 64
VISIT_LOCATION_SECTION
  2 2
  3 3
  4 4
  5 5
  6 6
  7 7
  8 8
  9 9
  10 10
  11 11
  12 12
  13 13
  14 14
  15 15
  16 16
  17 17
  18 18
  19 19
  20 20
  21 21
  22 22
  23 23
  24 24
  25 25
  26 26
  27 27
  28 28
  29 29
  30 30
  31 31
  32 32
  33 33
  34 34
  35 35
  36 36
  37 37
  38 38
  39 39
  40 40
  41 41
  42 42
  43 43
  44 44
  45 45
  46 46
  47 47
  48 48
  49 49
  50 50
  51 51
  52 52
  53 53
  54 54
  55 55
  56 56
  57 57
  58 58
  59 59
  60 60
  61 61
  62 62
  63 63
  64 64
  65 65
  66 66
  67 67
  68 68
  69 69
  70 70
  71 71
  72 72
  73 73
  74 74
  75 75
  76 76
  77 77
  78 78
  79 79
  80 80
  81 81
  82 82
  83 83
  84 84
  85 85
  86 86
  87 87
  88 88
  89 89
  90 90
  91 91
  92 92
  93 93
  94 94
  95 95
  96 96
  97 97
  98 98
  99 99
  100 100
  101 101
  102 102
  103 103
  104 104
  105 105
  106 106
  107 107
  108 108
  109 109
  110 110
  111 111
  112 112
  113 113
  114 114
  115 115
  116 116
  117 117
  118 118
  119 119
  120 120
  121 121
  122 122
  123 123
  124 124
  125 125
  126 126
  127 127
  128 128
  129 129
  130 130
  131 131
  132 132
  133 133
  134 134
  135 135
  136 136
  137 137
  138 138
  139 139
  140 140
  141 141
  142 142
  143 143
  144 144
  145 145
  146 146
  147 147
  148 148
  149 149
  150 150
  151 151
  152 152
  153 153
  154 154
  155 155
  156 156
  157 157
  158 158
  159 159
  160 160
  161 161
  162 162
  163 163
  164 164
  165 165
  166 166
  167 167
  168 168
  169 169
  170 170
  171 171
  172 172
  173 173
  174 174
  175 175
  176 176
  177 177
  178 178
  179 179
  180 180
  181 181
  182 182
  183 183
  184 184
  185 185
  186 186
  187 187
  188 188
  189 189
  190 190
  191 191
  192 192
  193 193
  194 194
  195 195
  196 196
  197 197
  198 198
  199 199
  200 200
  201 201
  202 202
  203 203
  204 204
  205 205
  206 206
  207 207
  208 208
  209 209
  210 210
  211 211
  212 212
  213 213
  214 214
  215 215
  216 216
  217 217
  218 218
  219 219
  220 220
  221 221
  222 222
  223 223
  224 224
  225 225
  226 226
COMMENT: TIMESTEP: 1
ORDERS_SECTION
  1 2 3 4
  2 5 6 7 8 9 10 11 12 13 14 15 16
  3 17 18 19 20 21 22 23 24
  4 25 26 27
  5 28 29 30 31
  6 32 33 34 35 36
  7 37 38 39 40 41 42 43 44
  8 45 46 47 48 49 50 51 52 53 54 55 56 57
  9 58 59 60 61 62 63 64 65 66 67 68 69 70
  10 71 72 73 74 75 76 77 78 79
  11 80 81 82 83 84 85 86 87 88 89 90
  12 91 92 93 94 95 96 97 98 99 100 101 102
  13 103 104 105 106 107
  14 108 109 110 111 112 113
  15 114 115 116 117 118 119 120
  16 121 122
  17 123 124 125
  18 126 127 128 129 130 131 132 133 134 135 136
  19 137 138 139 140 141 142 143
  20 144 145 146 147 148 149 150 151 152 153 154
  21 155 156 157
  22 158 159 160
  23 161 162 163 164 165 166 167 168 169 170 171 172
  24 173 174 175 176 177 178 179 180 181 182
  25 183 184 185 186 187 188 189 190 191
  26 192 193 194 195 196 197 198 199 200
  27 201 202 203 204 205 206 207 208
  28 209 210 211 212 213 214 215 216 217 218
  29 219 220
  30 221 222 223 224 225 226
TIME_AVAIL_SECTION
  1 1
  2 1
  3 1
  4 1
  5 1
  6 1
  7 1
  8 1
  9 1
  10 1
  11 1
  12 1
  13 1
  14 1
  15 1
  16 1
  17 1
  18 1
  19 1
  20 1
  21 1
  22 1
  23 1
  24 1
  25 1
  26 1
  27 1
  28 1
  29 1
  30 1
EOF
