VRPTEST 1.0
COMMENT: descr: Modified tsplib for the OBP
COMMENT: Best known objective: 1587.0
COMMENT: Computational time (s): 0.104
NAME: c117_1b5e
NUM_DEPOTS: 2
NUM_CAPACITIES: 1
NUM_VISITS: 117
NUM_LOCATIONS: 207
NUM_VEHICLES: 11
CAPACITIES: 4
DATA_SECTION
DEPOTS
  0
  1
LOCATION_COORD_SECTION
  0 35 70
  1 50 70
  2 33 24
  3 25 28
  4 21 12
  5 13 20
  6 15 40
  7 21 28
  8 19 28
  9 21 20
  10 15 24
  11 25 20
  12 33 12
  13 15 20
  14 27 16
  15 13 16
  16 19 44
  17 19 16
  18 31 20
  19 31 16
  20 25 12
  21 21 40
  22 13 28
  23 9 12
  24 15 28
  25 25 16
  26 19 12
  27 33 16
  28 13 12
  29 51 40
  30 67 40
  31 57 28
  32 55 40
  33 43 40
  34 57 40
  35 39 44
  36 49 24
  37 61 48
  38 49 28
  39 63 48
  40 67 44
  41 51 28
  42 51 44
  43 55 48
  44 51 24
  45 49 40
  46 49 20
  47 63 44
  48 51 48
  49 69 44
  50 43 44
  51 55 44
  52 61 40
  53 45 28
  54 55 28
  55 61 44
  56 45 44
  57 49 48
  58 45 40
  59 57 44
  60 63 40
  61 27 44
  62 39 16
  63 33 40
  64 37 24
  65 43 20
  66 31 44
  67 31 48
  68 31 40
  69 37 48
  70 25 40
  71 25 44
  72 33 44
  73 39 40
  74 37 28
  75 25 48
  76 43 24
  77 39 24
  78 39 28
  79 43 28
  80 39 20
  81 37 40
  82 33 28
  83 31 28
  84 27 40
  85 37 16
  86 37 20
  87 21 56
  88 49 56
  89 31 52
  90 49 52
  91 45 52
  92 27 52
  93 33 56
  94 45 56
  95 39 56
  96 25 56
  97 39 48
  98 37 56
  99 37 52
  100 61 52
  101 33 52
  102 25 52
  103 67 56
  104 51 52
  105 27 56
  106 55 56
  107 57 56
  108 43 48
  109 61 56
  110 51 56
  111 63 56
  112 43 56
  113 31 56
  114 45 48
  115 39 52
  116 55 52
  117 43 52
  118 57 52
  119 10 10
  120 10 30
  121 12 30
  122 12 10
  123 16 10
  124 16 30
  125 18 30
  126 18 10
  127 22 10
  128 22 30
  129 24 30
  130 24 10
  131 28 10
  132 28 30
  133 30 30
  134 30 10
  135 34 10
  136 34 30
  137 36 30
  138 36 10
  139 40 10
  140 40 30
  141 42 30
  142 42 10
  143 46 10
  144 46 30
  145 48 30
  146 48 10
  147 52 10
  148 52 30
  149 54 30
  150 54 10
  151 58 10
  152 58 30
  153 60 30
  154 60 10
  155 64 10
  156 64 30
  157 66 30
  158 66 10
  159 70 10
  160 70 30
  161 72 30
  162 72 10
  163 10 40
  164 10 60
  165 12 60
  166 12 40
  167 16 40
  168 16 60
  169 18 60
  170 18 40
  171 22 40
  172 22 60
  173 24 60
  174 24 40
  175 28 40
  176 28 60
  177 30 60
  178 30 40
  179 34 40
  180 34 60
  181 36 60
  182 36 40
  183 40 40
  184 40 60
  185 42 60
  186 42 40
  187 46 40
  188 46 60
  189 48 60
  190 48 40
  191 52 40
  192 52 60
  193 54 60
  194 54 40
  195 58 40
  196 58 60
  197 60 60
  198 60 40
  199 64 40
  200 64 60
  201 66 60
  202 66 40
  203 70 40
  204 70 60
  205 72 60
  206 72 40
VISIT_LOCATION_SECTION
  2 2
  3 3
  4 4
  5 5
  6 6
  7 7
  8 8
  9 9
  10 10
  11 11
  12 12
  13 13
  14 14
  15 15
  16 16
  17 17
  18 18
  19 19
  20 20
  21 21
  22 22
  23 23
  24 24
  25 25
  26 26
  27 27
  28 28
  29 29
  30 30
  31 31
  32 32
  33 33
  34 34
  35 35
  36 36
  37 37
  38 38
  39 39
  40 40
  41 41
  42 42
  43 43
  44 44
  45 45
  46 46
  47 47
  48 48
  49 49
  50 50
  51 51
  52 52
  53 53
  54 54
  55 55
  56 56
  57 57
  58 58
  59 59
  60 60
  61 61
  62 62
  63 63
  64 64
  65 65
  66 66
  67 67
  68 68
  69 69
  70 70
  71 71
  72 72
  73 73
  74 74
  75 75
  76 76
  77 77
  78 78
  79 79
  80 80
  81 81
  82 82
  83 83
  84 84
  85 85
  86 86
  87 87
  88 88
  89 89
  90 90
  91 91
  92 92
  93 93
  94 94
  95 95
  96 96
  97 97
  98 98
  99 99
  100 100
  101 101
  102 102
  103 103
  104 104
  105 105
  106 106
  107 107
  108 108
  109 109
  110 110
  111 111
  112 112
  113 113
  114 114
  115 115
  116 116
  117 117
  118 118
COMMENT: TIMESTEP: 1
ORDERS_SECTION
  1 2 3 4
  2 5 6
  3 7 8 9
  4 10 11
  5 12 13
  6 14 15 16 17
  7 18 19 20 21
  8 22 23 24
  9 25 26
  10 27 28
  11 29 30 31
  12 32 33 34
  13 35 36 37 38
  14 39 40 41
  15 42 43 44
  16 45 46 47
  17 48 49 50 51
  18 52 53 54
  19 55 56
  20 57 58 59 60
  21 61 62
  22 63 64 65 66
  23 67 68
  24 69 70 71
  25 72 73 74 75
  26 76 77
  27 78 79
  28 80 81 82
  29 83 84
  30 85 86
  31 87 88 89 90
  32 91 92 93 94
  33 95 96 97 98
  34 99 100 101 102
  35 103 104 105
  36 106 107 108
  37 109 110
  38 111 112 113 114
  39 115 116
  40 117 118
TIME_AVAIL_SECTION
  1 1
  2 1
  3 1
  4 1
  5 1
  6 1
  7 1
  8 1
  9 1
  10 1
  11 1
  12 1
  13 1
  14 1
  15 1
  16 1
  17 1
  18 1
  19 1
  20 1
  21 1
  22 1
  23 1
  24 1
  25 1
  26 1
  27 1
  28 1
  29 1
  30 1
  31 1
  32 1
  33 1
  34 1
  35 1
  36 1
  37 1
  38 1
  39 1
  40 1
OBSTACLES
  1 119 120 121 122
  2 123 124 125 126
  3 127 128 129 130
  4 131 132 133 134
  5 135 136 137 138
  6 139 140 141 142
  7 143 144 145 146
  8 147 148 149 150
  9 151 152 153 154
  10 155 156 157 158
  11 159 160 161 162
  12 163 164 165 166
  13 167 168 169 170
  14 171 172 173 174
  15 175 176 177 178
  16 179 180 181 182
  17 183 184 185 186
  18 187 188 189 190
  19 191 192 193 194
  20 195 196 197 198
  21 199 200 201 202
  22 203 204 205 206
EOF
