VRPTEST 1.0
COMMENT: descr: Modified tsplib for the OBP
COMMENT: Best known objective: 407.0
COMMENT: Computational time (s): 0.031
NAME: c57_123d
NUM_DEPOTS: 2
NUM_CAPACITIES: 1
NUM_VISITS: 57
NUM_LOCATIONS: 59
NUM_VEHICLES: 3
CAPACITIES: 4
DATA_SECTION
DEPOTS
  0
  1
LOCATION_COORD_SECTION
  0 5 30
  1 5 50
  2 18 19
  3 25 25
  4 15 18
  5 10 22
  6 28 44
  7 19 37
  8 19 21
  9 32 25
  10 28 10
  11 18 27
  12 9 29
  13 32 21
  14 22 12
  15 48 7
  16 42 31
  17 51 10
  18 43 22
  19 46 32
  20 35 16
  21 48 27
  22 59 24
  23 38 14
  24 51 11
  25 39 25
  26 57 19
  27 46 30
  28 50 33
  29 55 19
  30 39 15
  31 40 24
  32 53 18
  33 49 15
  34 59 30
  35 41 29
  36 37 47
  37 62 47
  38 44 39
  39 22 48
  40 60 47
  41 37 43
  42 21 50
  43 27 55
  44 34 56
  45 34 52
  46 33 53
  47 22 54
  48 36 53
  49 51 66
  50 28 55
  51 58 53
  52 49 54
  53 21 54
  54 49 60
  55 49 59
  56 42 55
  57 45 58
  58 58 55
VISIT_LOCATION_SECTION
  2 2
  3 3
  4 4
  5 5
  6 6
  7 7
  8 8
  9 9
  10 10
  11 11
  12 12
  13 13
  14 14
  15 15
  16 16
  17 17
  18 18
  19 19
  20 20
  21 21
  22 22
  23 23
  24 24
  25 25
  26 26
  27 27
  28 28
  29 29
  30 30
  31 31
  32 32
  33 33
  34 34
  35 35
  36 36
  37 37
  38 38
  39 39
  40 40
  41 41
  42 42
  43 43
  44 44
  45 45
  46 46
  47 47
  48 48
  49 49
  50 50
  51 51
  52 52
  53 53
  54 54
  55 55
  56 56
  57 57
  58 58
COMMENT: TIMESTEP: 1
ORDERS_SECTION
  1 2 3
  2 4 5 6 7 8 9 10
  3 11 12 13 14
  4 15 16 17 18 19 20 21 22 23 24 25 26
  5 27 28 29 30
  6 31 32 33 34 35
  7 36 37 38 39
  8 40 41 42
  9 43 44 45 46 47 48 49 50 51 52 53
  10 54 55 56 57 58
TIME_AVAIL_SECTION
  1 1
  2 1
  3 1
  4 1
  5 1
  6 1
  7 1
  8 1
  9 1
  10 1
EOF
