VRPTEST 1.0
COMMENT: descr: Modified tsplib for the OBP
COMMENT: Best known objective: 894.451
COMMENT: Computational time (s): 0.211455
NAME: c65_ad06
NUM_CAPACITIES: 1
NUM_VISITS: 65
NUM_VEHICLES: 7
CAPACITIES: 4
DATA_SECTION
DEPOTS
  0
  1
VISIT_LOCATION_SECTION
  2 202
  3 152
  4 169
  5 125
  6 9
  7 110
  8 159
  9 146
  10 15
  11 100
  12 154
  13 21
  14 65
  15 204
  16 24
  17 64
  18 47
  19 3
  20 129
  21 19
  22 163
  23 36
  24 31
  25 185
  26 121
  27 113
  28 83
  29 16
  30 179
  31 102
  32 35
  33 198
  34 148
  35 111
  36 72
  37 174
  38 112
  39 119
  40 20
  41 74
  42 85
  43 126
  44 151
  45 136
  46 28
  47 104
  48 184
  49 12
  50 5
  51 82
  52 160
  53 46
  54 73
  55 171
  56 181
  57 17
  58 139
  59 175
  60 127
  61 29
  62 131
  63 109
  64 106
  65 203
  66 49
COMMENT: TIMESTEP: 1
ORDERS_SECTION
  1 2 3
  2 4 5 6 7 8
  3 9 10 11 12 13
  4 14
  5 15
  6 16 17
  7 18
  8 19
  9 20
  10 21 22 23
  11 24 25
  12 26 27 28 29 30
  13 31 32 33
  14 34 35
  15 36 37
  16 38
  17 39
  18 40
  19 41 42 43 44 45
  20 46 47 48
  21 49 50
  22 51 52 53 54
  23 55 56 57
  24 58
  25 59 60 61
  26 62 63 64 65 66
TIME_AVAIL_SECTION
  1 1
  2 1
  3 1
  4 1
  5 1
  6 1
  7 1
  8 1
  9 1
  10 1
  11 1
  12 1
  13 1
  14 1
  15 1
  16 1
  17 1
  18 1
  19 1
  20 1
  21 1
  22 1
  23 1
  24 1
  25 1
  26 1
EOF
