VRPTEST 1.0
COMMENT: descr: Modified tsplib for the OBP
COMMENT: Best known objective: 1462.0
COMMENT: Computational time (s): 0.206
NAME: c227_244c
NUM_DEPOTS: 2
NUM_CAPACITIES: 1
NUM_VISITS: 227
NUM_LOCATIONS: 233
NUM_VEHICLES: 7
CAPACITIES: 6
DATA_SECTION
DEPOTS
  0
  1
LOCATION_COORD_SECTION
  0 5 20
  1 5 50
  2 36 18
  3 46 11
  4 57 17
  5 40 18
  6 58 11
  7 36 22
  8 39 26
  9 55 20
  10 70 23
  11 46 23
  12 66 31
  13 53 15
  14 48 22
  15 41 20
  16 61 31
  17 57 20
  18 51 11
  19 68 25
  20 41 23
  21 49 22
  22 37 17
  23 55 29
  24 52 29
  25 63 18
  26 68 14
  27 54 31
  28 33 19
  29 42 29
  30 66 16
  31 66 29
  32 40 13
  33 74 23
  34 40 26
  35 54 14
  36 48 19
  37 51 4
  38 52 14
  39 50 7
  40 56 19
  41 60 25
  42 67 17
  43 49 3
  44 38 20
  45 51 19
  46 46 14
  47 60 19
  48 43 23
  49 40 25
  50 55 11
  51 55 25
  52 34 24
  53 58 23
  54 28 22
  55 49 14
  56 49 26
  57 63 22
  58 45 8
  59 35 27
  60 51 23
  61 57 22
  62 50 8
  63 68 28
  64 55 10
  65 44 62
  66 48 57
  67 40 70
  68 46 73
  69 34 67
  70 42 55
  71 43 74
  72 41 73
  73 36 55
  74 43 56
  75 39 72
  76 36 63
  77 49 62
  78 47 65
  79 44 70
  80 37 57
  81 46 67
  82 40 73
  83 31 69
  84 50 57
  85 31 57
  86 41 65
  87 33 59
  88 40 54
  89 47 49
  90 36 47
  91 48 54
  92 28 65
  93 39 46
  94 34 51
  95 36 73
  96 49 63
  97 27 64
  98 33 70
  99 43 65
  100 32 70
  101 37 74
  102 42 78
  103 49 57
  104 37 59
  105 43 47
  106 32 68
  107 40 71
  108 43 77
  109 40 47
  110 49 72
  111 28 50
  112 47 52
  113 45 69
  114 47 67
  115 77 61
  116 72 51
  117 73 52
  118 53 71
  119 51 74
  120 66 63
  121 57 75
  122 62 49
  123 59 46
  124 72 54
  125 55 71
  126 51 63
  127 67 71
  128 69 70
  129 57 65
  130 69 65
  131 68 51
  132 52 60
  133 51 77
  134 62 70
  135 68 68
  136 52 76
  137 73 63
  138 64 65
  139 63 75
  140 51 76
  141 58 73
  142 69 52
  143 77 60
  144 58 59
  145 63 51
  146 55 73
  147 63 64
  148 70 56
  149 57 66
  150 71 53
  151 61 49
  152 52 70
  153 66 60
  154 59 66
  155 69 63
  156 53 49
  157 65 68
  158 54 48
  159 54 70
  160 66 67
  161 69 55
  162 70 67
  163 54 60
  164 58 77
  165 53 53
  166 68 47
  167 73 66
  168 65 61
  169 64 55
  170 60 77
  171 64 49
  172 74 54
  173 64 56
  174 75 60
  175 63 38
  176 58 45
  177 38 40
  178 59 44
  179 50 48
  180 35 45
  181 47 42
  182 28 38
  183 46 38
  184 49 34
  185 70 39
  186 62 45
  187 58 32
  188 50 45
  189 68 33
  190 43 33
  191 70 37
  192 44 41
  193 61 39
  194 42 37
  195 31 40
  196 69 38
  197 33 42
  198 51 46
  199 67 32
  200 54 35
  201 55 34
  202 37 38
  203 54 32
  204 65 32
  205 43 34
  206 66 37
  207 56 41
  208 55 44
  209 66 33
  210 43 43
  211 31 37
  212 37 43
  213 36 41
  214 54 41
  215 49 35
  216 40 40
  217 31 38
  218 71 36
  219 59 39
  220 45 43
  221 40 33
  222 48 44
  223 42 39
  224 67 37
  225 61 40
  226 65 44
  227 60 43
  228 48 40
  229 10 10
  230 10 60
  231 12 60
  232 12 10
VISIT_LOCATION_SECTION
  2 2
  3 3
  4 4
  5 5
  6 6
  7 7
  8 8
  9 9
  10 10
  11 11
  12 12
  13 13
  14 14
  15 15
  16 16
  17 17
  18 18
  19 19
  20 20
  21 21
  22 22
  23 23
  24 24
  25 25
  26 26
  27 27
  28 28
  29 29
  30 30
  31 31
  32 32
  33 33
  34 34
  35 35
  36 36
  37 37
  38 38
  39 39
  40 40
  41 41
  42 42
  43 43
  44 44
  45 45
  46 46
  47 47
  48 48
  49 49
  50 50
  51 51
  52 52
  53 53
  54 54
  55 55
  56 56
  57 57
  58 58
  59 59
  60 60
  61 61
  62 62
  63 63
  64 64
  65 65
  66 66
  67 67
  68 68
  69 69
  70 70
  71 71
  72 72
  73 73
  74 74
  75 75
  76 76
  77 77
  78 78
  79 79
  80 80
  81 81
  82 82
  83 83
  84 84
  85 85
  86 86
  87 87
  88 88
  89 89
  90 90
  91 91
  92 92
  93 93
  94 94
  95 95
  96 96
  97 97
  98 98
  99 99
  100 100
  101 101
  102 102
  103 103
  104 104
  105 105
  106 106
  107 107
  108 108
  109 109
  110 110
  111 111
  112 112
  113 113
  114 114
  115 115
  116 116
  117 117
  118 118
  119 119
  120 120
  121 121
  122 122
  123 123
  124 124
  125 125
  126 126
  127 127
  128 128
  129 129
  130 130
  131 131
  132 132
  133 133
  134 134
  135 135
  136 136
  137 137
  138 138
  139 139
  140 140
  141 141
  142 142
  143 143
  144 144
  145 145
  146 146
  147 147
  148 148
  149 149
  150 150
  151 151
  152 152
  153 153
  154 154
  155 155
  156 156
  157 157
  158 158
  159 159
  160 160
  161 161
  162 162
  163 163
  164 164
  165 165
  166 166
  167 167
  168 168
  169 169
  170 170
  171 171
  172 172
  173 173
  174 174
  175 175
  176 176
  177 177
  178 178
  179 179
  180 180
  181 181
  182 182
  183 183
  184 184
  185 185
  186 186
  187 187
  188 188
  189 189
  190 190
  191 191
  192 192
  193 193
  194 194
  195 195
  196 196
  197 197
  198 198
  199 199
  200 200
  201 201
  202 202
  203 203
  204 204
  205 205
  206 206
  207 207
  208 208
  209 209
  210 210
  211 211
  212 212
  213 213
  214 214
  215 215
  216 216
  217 217
  218 218
  219 219
  220 220
  221 221
  222 222
  223 223
  224 224
  225 225
  226 226
  227 227
  228 228
COMMENT: TIMESTEP: 1
ORDERS_SECTION
  1 2 3 4 5 6 7 8 9
  2 10 11 12 13 14 15
  3 16 17 18 19 20 21 22
  4 23 24 25 26
  5 27 28 29 30 31 32
  6 33 34 35 36 37 38 39 40
  7 41 42 43 44 45 46
  8 47 48 49 50 51 52 53 54
  9 55 56 57 58 59 60 61 62
  10 63 64
  11 65 66
  12 67 68 69 70
  13 71 72 73 74 75
  14 76 77 78 79
  15 80 81 82 83 84 85
  16 86 87 88 89
  17 90 91 92 93 94 95 96 97
  18 98 99 100 101 102
  19 103 104 105 106
  20 107 108 109 110 111 112 113 114
  21 115 116 117 118 119 120 121 122
  22 123 124 125 126 127 128 129 130
  23 131 132
  24 133 134 135 136 137 138 139 140
  25 141 142 143 144 145 146 147
  26 148 149 150
  27 151 152 153 154
  28 155 156 157 158 159 160 161 162
  29 163 164 165 166
  30 167 168 169 170 171 172 173 174
  31 175 176 177 178
  32 179 180 181 182
  33 183 184 185 186 187 188 189 190
  34 191 192 193 194 195 196
  35 197 198 199 200 201 202 203 204
  36 205 206 207 208 209
  37 210 211
  38 212 213 214 215 216
  39 217 218 219 220 221 222 223 224
  40 225 226 227 228
TIME_AVAIL_SECTION
  1 1
  2 1
  3 1
  4 1
  5 1
  6 1
  7 1
  8 1
  9 1
  10 1
  11 1
  12 1
  13 1
  14 1
  15 1
  16 1
  17 1
  18 1
  19 1
  20 1
  21 1
  22 1
  23 1
  24 1
  25 1
  26 1
  27 1
  28 1
  29 1
  30 1
  31 1
  32 1
  33 1
  34 1
  35 1
  36 1
  37 1
  38 1
  39 1
  40 1
OBSTACLES
  1 229 230 231 232
EOF
