VRPTEST 1.0
COMMENT: descr: Modified tsplib for the OBP
COMMENT: Best known objective: 1102.0
COMMENT: Computational time (s): 0.055
NAME: c93_1ab5
NUM_DEPOTS: 2
NUM_CAPACITIES: 1
NUM_VISITS: 93
NUM_LOCATIONS: 163
NUM_VEHICLES: 6
CAPACITIES: 4
DATA_SECTION
DEPOTS
  0
  1
LOCATION_COORD_SECTION
  0 70 40
  1 65 60
  2 49 12
  3 51 20
  4 69 16
  5 45 28
  6 43 24
  7 63 24
  8 61 20
  9 43 12
  10 33 16
  11 63 16
  12 39 16
  13 69 28
  14 55 28
  15 73 20
  16 45 20
  17 43 16
  18 37 16
  19 16 61
  20 28 69
  21 24 69
  22 36 55
  23 32 55
  24 36 61
  25 24 67
  26 12 57
  27 20 63
  28 28 73
  29 20 57
  30 32 73
  31 20 61
  32 24 57
  33 28 55
  34 32 51
  35 16 55
  36 20 69
  37 28 57
  38 36 51
  39 24 63
  40 36 67
  41 36 57
  42 32 57
  43 32 67
  44 44 61
  45 40 55
  46 32 39
  47 48 55
  48 48 39
  49 48 49
  50 44 63
  51 40 57
  52 36 43
  53 40 49
  54 48 51
  55 44 43
  56 44 39
  57 48 63
  58 36 39
  59 32 45
  60 44 55
  61 48 45
  62 48 43
  63 32 43
  64 40 63
  65 44 57
  66 37 28
  67 24 51
  68 24 39
  69 12 39
  70 27 28
  71 21 28
  72 12 49
  73 12 43
  74 20 49
  75 12 51
  76 25 28
  77 16 51
  78 12 45
  79 21 24
  80 20 45
  81 16 39
  82 28 45
  83 24 49
  84 24 43
  85 16 43
  86 16 49
  87 20 43
  88 20 51
  89 28 39
  90 24 45
  91 28 43
  92 20 39
  93 16 45
  94 19 28
  95 10 10
  96 10 30
  97 12 30
  98 12 10
  99 16 10
  100 16 30
  101 18 30
  102 18 10
  103 22 10
  104 22 30
  105 24 30
  106 24 10
  107 28 10
  108 28 30
  109 30 30
  110 30 10
  111 34 10
  112 34 30
  113 36 30
  114 36 10
  115 40 10
  116 40 30
  117 42 30
  118 42 10
  119 46 10
  120 46 30
  121 48 30
  122 48 10
  123 52 10
  124 52 30
  125 54 30
  126 54 10
  127 58 10
  128 58 30
  129 60 30
  130 60 10
  131 64 10
  132 64 30
  133 66 30
  134 66 10
  135 70 10
  136 70 30
  137 72 30
  138 72 10
  139 10 40
  140 10 42
  141 50 42
  142 50 40
  143 10 46
  144 10 48
  145 50 48
  146 50 46
  147 10 52
  148 10 54
  149 50 54
  150 50 52
  151 10 58
  152 10 60
  153 50 60
  154 50 58
  155 10 64
  156 10 66
  157 50 66
  158 50 64
  159 10 70
  160 10 72
  161 50 72
  162 50 70
VISIT_LOCATION_SECTION
  2 2
  3 3
  4 4
  5 5
  6 6
  7 7
  8 8
  9 9
  10 10
  11 11
  12 12
  13 13
  14 14
  15 15
  16 16
  17 17
  18 18
  19 19
  20 20
  21 21
  22 22
  23 23
  24 24
  25 25
  26 26
  27 27
  28 28
  29 29
  30 30
  31 31
  32 32
  33 33
  34 34
  35 35
  36 36
  37 37
  38 38
  39 39
  40 40
  41 41
  42 42
  43 43
  44 44
  45 45
  46 46
  47 47
  48 48
  49 49
  50 50
  51 51
  52 52
  53 53
  54 54
  55 55
  56 56
  57 57
  58 58
  59 59
  60 60
  61 61
  62 62
  63 63
  64 64
  65 65
  66 66
  67 67
  68 68
  69 69
  70 70
  71 71
  72 72
  73 73
  74 74
  75 75
  76 76
  77 77
  78 78
  79 79
  80 80
  81 81
  82 82
  83 83
  84 84
  85 85
  86 86
  87 87
  88 88
  89 89
  90 90
  91 91
  92 92
  93 93
  94 94
COMMENT: TIMESTEP: 1
ORDERS_SECTION
  1 2 3 4 5
  2 6 7
  3 8 9
  4 10 11 12 13 14 15
  5 16 17 18
  6 19 20 21 22 23 24 25 26
  7 27 28 29 30
  8 31 32 33
  9 34 35 36 37
  10 38 39 40 41 42 43
  11 44 45 46 47 48 49 50
  12 51 52 53 54 55 56
  13 57 58
  14 59 60
  15 61 62 63 64 65 66
  16 67 68 69 70 71 72 73 74
  17 75 76 77 78 79 80
  18 81 82 83 84
  19 85 86 87 88 89
  20 90 91 92 93 94
TIME_AVAIL_SECTION
  1 1
  2 1
  3 1
  4 1
  5 1
  6 1
  7 1
  8 1
  9 1
  10 1
  11 1
  12 1
  13 1
  14 1
  15 1
  16 1
  17 1
  18 1
  19 1
  20 1
OBSTACLES
  1 95 96 97 98
  2 99 100 101 102
  3 103 104 105 106
  4 107 108 109 110
  5 111 112 113 114
  6 115 116 117 118
  7 119 120 121 122
  8 123 124 125 126
  9 127 128 129 130
  10 131 132 133 134
  11 135 136 137 138
  12 139 140 141 142
  13 143 144 145 146
  14 147 148 149 150
  15 151 152 153 154
  16 155 156 157 158
  17 159 160 161 162
EOF
