VRPTEST 1.0
COMMENT: descr: Modified tsplib for the OBP
COMMENT: Best known objective: 1997.077
COMMENT: Computational time (s): 0.44332499999999997
NAME: c83_1fb7
NUM_CAPACITIES: 1
NUM_VISITS: 83
NUM_VEHICLES: 10
CAPACITIES: 4
DATA_SECTION
DEPOTS
  0
  1
VISIT_LOCATION_SECTION
  2 40
  3 107
  4 225
  5 51
  6 99
  7 129
  8 109
  9 142
  10 15
  11 47
  12 9
  13 104
  14 168
  15 152
  16 171
  17 75
  18 33
  19 130
  20 120
  21 214
  22 158
  23 69
  24 128
  25 95
  26 151
  27 181
  28 17
  29 28
  30 117
  31 102
  32 110
  33 88
  34 215
  35 207
  36 37
  37 12
  38 19
  39 105
  40 89
  41 116
  42 222
  43 29
  44 21
  45 100
  46 98
  47 220
  48 137
  49 209
  50 26
  51 66
  52 96
  53 210
  54 39
  55 23
  56 74
  57 81
  58 111
  59 166
  60 202
  61 4
  62 22
  63 91
  64 101
  65 90
  66 165
  67 183
  68 122
  69 57
  70 31
  71 63
  72 97
  73 106
  74 179
  75 146
  76 199
  77 16
  78 77
  79 14
  80 131
  81 108
  82 87
  83 197
  84 149
COMMENT: TIMESTEP: 1
ORDERS_SECTION
  1 2
  2 3
  3 4
  4 5
  5 6 7 8
  6 9
  7 10 11 12
  8 13
  9 14 15 16
  10 17 18
  11 19
  12 20 21 22
  13 23
  14 24 25 26
  15 27
  16 28 29 30
  17 31 32 33
  18 34 35
  19 36 37 38
  20 39 40
  21 41 42
  22 43 44
  23 45 46
  24 47 48 49
  25 50 51
  26 52
  27 53
  28 54 55 56
  29 57 58
  30 59 60
  31 61 62
  32 63 64 65
  33 66 67 68
  34 69 70 71
  35 72 73
  36 74 75 76
  37 77 78 79
  38 80 81 82
  39 83 84
TIME_AVAIL_SECTION
  1 1
  2 1
  3 1
  4 1
  5 1
  6 1
  7 1
  8 1
  9 1
  10 1
  11 1
  12 1
  13 1
  14 1
  15 1
  16 1
  17 1
  18 1
  19 1
  20 1
  21 1
  22 1
  23 1
  24 1
  25 1
  26 1
  27 1
  28 1
  29 1
  30 1
  31 1
  32 1
  33 1
  34 1
  35 1
  36 1
  37 1
  38 1
  39 1
EOF
