VRPTEST 1.0
COMMENT: descr: Modified tsplib for the OBP
COMMENT: Best known objective: 1479.417
COMMENT: Computational time (s): 0.39733299999999994
NAME: c53_c359
NUM_CAPACITIES: 1
NUM_VISITS: 53
NUM_VEHICLES: 10
CAPACITIES: 4
DATA_SECTION
DEPOTS
  0
  1
VISIT_LOCATION_SECTION
  2 286
  3 161
  4 125
  5 124
  6 199
  7 398
  8 444
  9 391
  10 308
  11 270
  12 304
  13 13
  14 428
  15 91
  16 168
  17 194
  18 152
  19 407
  20 75
  21 369
  22 61
  23 448
  24 320
  25 434
  26 185
  27 129
  28 296
  29 385
  30 221
  31 195
  32 372
  33 78
  34 409
  35 55
  36 165
  37 214
  38 30
  39 249
  40 58
  41 121
  42 57
  43 437
  44 364
  45 37
  46 406
  47 201
  48 339
  49 387
  50 340
  51 72
  52 452
  53 10
  54 96
COMMENT: TIMESTEP: 1
ORDERS_SECTION
  1 2 3
  2 4
  3 5 6
  4 7 8
  5 9 10
  6 11
  7 12
  8 13
  9 14 15
  10 16 17
  11 18
  12 19
  13 20 21
  14 22 23
  15 24 25
  16 26
  17 27
  18 28
  19 29 30
  20 31
  21 32
  22 33 34
  23 35 36
  24 37
  25 38
  26 39
  27 40
  28 41 42
  29 43
  30 44 45
  31 46
  32 47
  33 48
  34 49
  35 50 51
  36 52 53
  37 54
TIME_AVAIL_SECTION
  1 1
  2 1
  3 1
  4 1
  5 1
  6 1
  7 1
  8 1
  9 1
  10 1
  11 1
  12 1
  13 1
  14 1
  15 1
  16 1
  17 1
  18 1
  19 1
  20 1
  21 1
  22 1
  23 1
  24 1
  25 1
  26 1
  27 1
  28 1
  29 1
  30 1
  31 1
  32 1
  33 1
  34 1
  35 1
  36 1
  37 1
EOF
