VRPTEST 1.0
COMMENT: descr: Modified tsplib for the OBP
COMMENT: Best known objective: 697.0
COMMENT: Computational time (s): 0.045
NAME: c54_20f8
NUM_DEPOTS: 2
NUM_CAPACITIES: 1
NUM_VISITS: 54
NUM_LOCATIONS: 124
NUM_VEHICLES: 3
CAPACITIES: 4
DATA_SECTION
DEPOTS
  0
  1
LOCATION_COORD_SECTION
  0 70 40
  1 65 60
  2 21 24
  3 25 20
  4 13 24
  5 25 28
  6 19 16
  7 20 39
  8 27 24
  9 16 39
  10 19 24
  11 24 43
  12 39 28
  13 31 20
  14 28 39
  15 31 28
  16 15 24
  17 25 24
  18 36 55
  19 36 61
  20 24 63
  21 24 61
  22 32 57
  23 40 63
  24 40 61
  25 32 61
  26 28 57
  27 32 73
  28 40 69
  29 28 69
  30 36 73
  31 24 57
  32 40 57
  33 36 67
  34 36 45
  35 32 49
  36 36 43
  37 36 51
  38 16 55
  39 20 49
  40 28 43
  41 32 55
  42 28 45
  43 32 43
  44 48 63
  45 44 69
  46 48 39
  47 48 57
  48 48 43
  49 48 55
  50 48 61
  51 44 67
  52 48 49
  53 40 49
  54 44 63
  55 44 61
  56 10 10
  57 10 30
  58 12 30
  59 12 10
  60 16 10
  61 16 30
  62 18 30
  63 18 10
  64 22 10
  65 22 30
  66 24 30
  67 24 10
  68 28 10
  69 28 30
  70 30 30
  71 30 10
  72 34 10
  73 34 30
  74 36 30
  75 36 10
  76 40 10
  77 40 30
  78 42 30
  79 42 10
  80 46 10
  81 46 30
  82 48 30
  83 48 10
  84 52 10
  85 52 30
  86 54 30
  87 54 10
  88 58 10
  89 58 30
  90 60 30
  91 60 10
  92 64 10
  93 64 30
  94 66 30
  95 66 10
  96 70 10
  97 70 30
  98 72 30
  99 72 10
  100 10 40
  101 10 42
  102 50 42
  103 50 40
  104 10 46
  105 10 48
  106 50 48
  107 50 46
  108 10 52
  109 10 54
  110 50 54
  111 50 52
  112 10 58
  113 10 60
  114 50 60
  115 50 58
  116 10 64
  117 10 66
  118 50 66
  119 50 64
  120 10 70
  121 10 72
  122 50 72
  123 50 70
VISIT_LOCATION_SECTION
  2 2
  3 3
  4 4
  5 5
  6 6
  7 7
  8 8
  9 9
  10 10
  11 11
  12 12
  13 13
  14 14
  15 15
  16 16
  17 17
  18 18
  19 19
  20 20
  21 21
  22 22
  23 23
  24 24
  25 25
  26 26
  27 27
  28 28
  29 29
  30 30
  31 31
  32 32
  33 33
  34 34
  35 35
  36 36
  37 37
  38 38
  39 39
  40 40
  41 41
  42 42
  43 43
  44 44
  45 45
  46 46
  47 47
  48 48
  49 49
  50 50
  51 51
  52 52
  53 53
  54 54
  55 55
COMMENT: TIMESTEP: 1
ORDERS_SECTION
  1 2 3 4 5 6
  2 7 8 9 10 11
  3 12 13 14 15 16 17
  4 18 19 20 21 22 23 24 25
  5 26 27 28 29 30 31
  6 32 33
  7 34 35 36 37 38
  8 39 40 41 42 43
  9 44 45 46 47 48 49 50 51
  10 52 53 54 55
TIME_AVAIL_SECTION
  1 1
  2 1
  3 1
  4 1
  5 1
  6 1
  7 1
  8 1
  9 1
  10 1
OBSTACLES
  1 56 57 58 59
  2 60 61 62 63
  3 64 65 66 67
  4 68 69 70 71
  5 72 73 74 75
  6 76 77 78 79
  7 80 81 82 83
  8 84 85 86 87
  9 88 89 90 91
  10 92 93 94 95
  11 96 97 98 99
  12 100 101 102 103
  13 104 105 106 107
  14 108 109 110 111
  15 112 113 114 115
  16 116 117 118 119
  17 120 121 122 123
EOF
