VRPTEST 1.0
COMMENT: descr: Modified tsplib for the OBP
COMMENT: Best known objective: 509.0
COMMENT: Computational time (s): 0.143
NAME: c93_1281
NUM_DEPOTS: 2
NUM_CAPACITIES: 1
NUM_VISITS: 93
NUM_LOCATIONS: 95
NUM_VEHICLES: 3
CAPACITIES: 4
DATA_SECTION
DEPOTS
  0
  1
LOCATION_COORD_SECTION
  0 5 30
  1 5 50
  2 61 29
  3 37 29
  4 63 27
  5 57 31
  6 54 20
  7 64 30
  8 50 33
  9 46 50
  10 49 15
  11 40 17
  12 46 35
  13 40 24
  14 48 27
  15 44 39
  16 44 13
  17 51 24
  18 45 33
  19 37 30
  20 54 31
  21 41 29
  22 69 39
  23 65 40
  24 52 59
  25 64 37
  26 63 42
  27 61 46
  28 53 46
  29 62 45
  30 49 44
  31 55 48
  32 54 62
  33 63 33
  34 51 49
  35 51 59
  36 63 41
  37 52 44
  38 58 44
  39 50 51
  40 69 44
  41 66 38
  42 53 60
  43 56 57
  44 58 52
  45 55 44
  46 68 41
  47 66 47
  48 65 38
  49 52 53
  50 60 47
  51 72 33
  52 61 48
  53 57 45
  54 32 21
  55 32 45
  56 38 43
  57 23 34
  58 36 36
  59 23 22
  60 36 34
  61 13 33
  62 30 28
  63 27 23
  64 30 34
  65 35 24
  66 37 43
  67 18 27
  68 32 25
  69 12 43
  70 21 40
  71 38 44
  72 18 32
  73 27 43
  74 22 39
  75 33 42
  76 30 24
  77 24 53
  78 45 56
  79 25 56
  80 32 72
  81 15 61
  82 40 59
  83 16 65
  84 36 53
  85 30 69
  86 21 54
  87 33 57
  88 15 51
  89 36 69
  90 30 57
  91 11 62
  92 13 54
  93 22 67
  94 38 65
VISIT_LOCATION_SECTION
  2 2
  3 3
  4 4
  5 5
  6 6
  7 7
  8 8
  9 9
  10 10
  11 11
  12 12
  13 13
  14 14
  15 15
  16 16
  17 17
  18 18
  19 19
  20 20
  21 21
  22 22
  23 23
  24 24
  25 25
  26 26
  27 27
  28 28
  29 29
  30 30
  31 31
  32 32
  33 33
  34 34
  35 35
  36 36
  37 37
  38 38
  39 39
  40 40
  41 41
  42 42
  43 43
  44 44
  45 45
  46 46
  47 47
  48 48
  49 49
  50 50
  51 51
  52 52
  53 53
  54 54
  55 55
  56 56
  57 57
  58 58
  59 59
  60 60
  61 61
  62 62
  63 63
  64 64
  65 65
  66 66
  67 67
  68 68
  69 69
  70 70
  71 71
  72 72
  73 73
  74 74
  75 75
  76 76
  77 77
  78 78
  79 79
  80 80
  81 81
  82 82
  83 83
  84 84
  85 85
  86 86
  87 87
  88 88
  89 89
  90 90
  91 91
  92 92
  93 93
  94 94
COMMENT: TIMESTEP: 1
ORDERS_SECTION
  1 2 3 4 5 6 7 8
  2 9 10 11 12 13
  3 14 15 16 17 18 19 20 21
  4 22 23 24 25 26 27 28 29 30 31 32
  5 33 34 35 36 37 38 39 40
  6 41 42 43 44 45 46 47 48 49 50 51 52 53
  7 54 55 56 57 58 59 60 61 62 63 64 65
  8 66 67 68 69 70 71 72 73 74 75 76
  9 77 78 79 80 81
  10 82 83 84 85 86 87 88 89 90 91 92 93 94
TIME_AVAIL_SECTION
  1 1
  2 1
  3 1
  4 1
  5 1
  6 1
  7 1
  8 1
  9 1
  10 1
EOF
