VRPTEST 1.0
COMMENT: descr: Modified tsplib for the OBP
COMMENT: Best known objective: 689.0
COMMENT: Computational time (s): 0.111
NAME: c119_180f
NUM_DEPOTS: 2
NUM_CAPACITIES: 1
NUM_VISITS: 119
NUM_LOCATIONS: 169
NUM_VEHICLES: 4
CAPACITIES: 8
DATA_SECTION
DEPOTS
  0
  1
LOCATION_COORD_SECTION
  0 35 70
  1 50 70
  2 16 33
  3 15 52
  4 13 59
  5 21 17
  6 21 43
  7 20 59
  8 22 31
  9 22 32
  10 5 43
  11 14 42
  12 21 67
  13 25 46
  14 17 60
  15 7 45
  16 9 35
  17 23 32
  18 6 39
  19 20 21
  20 17 33
  21 19 57
  22 13 58
  23 20 55
  24 13 49
  25 21 41
  26 6 44
  27 25 56
  28 21 45
  29 4 41
  30 22 64
  31 14 34
  32 19 39
  33 15 60
  34 13 37
  35 16 34
  36 67 69
  37 65 56
  38 62 70
  39 71 62
  40 58 70
  41 65 61
  42 63 64
  43 64 68
  44 62 64
  45 63 51
  46 66 63
  47 58 77
  48 69 63
  49 58 59
  50 65 68
  51 67 65
  52 77 59
  53 64 65
  54 59 62
  55 73 58
  56 64 62
  57 67 57
  58 63 60
  59 67 64
  60 58 63
  61 69 52
  62 58 67
  63 68 68
  64 69 55
  65 75 57
  66 58 56
  67 71 60
  68 69 65
  69 71 53
  70 70 47
  71 64 36
  72 77 36
  73 59 38
  74 69 38
  75 76 42
  76 59 46
  77 74 33
  78 67 32
  79 59 50
  80 71 36
  81 65 33
  82 70 31
  83 61 34
  84 69 35
  85 65 49
  86 77 34
  87 58 45
  88 63 38
  89 65 50
  90 76 44
  91 70 39
  92 71 32
  93 61 31
  94 75 33
  95 58 32
  96 75 43
  97 59 30
  98 59 39
  99 76 25
  100 75 28
  101 76 24
  102 63 15
  103 78 25
  104 63 19
  105 59 8
  106 59 27
  107 59 13
  108 65 14
  109 58 16
  110 63 22
  111 77 29
  112 75 29
  113 70 26
  114 76 27
  115 63 23
  116 59 10
  117 77 25
  118 58 13
  119 75 21
  120 63 18
  121 10 10
  122 10 30
  123 12 30
  124 12 10
  125 16 10
  126 16 30
  127 18 30
  128 18 10
  129 22 10
  130 22 30
  131 24 30
  132 24 10
  133 10 36
  134 10 56
  135 12 56
  136 12 36
  137 16 36
  138 16 56
  139 18 56
  140 18 36
  141 22 36
  142 22 56
  143 24 56
  144 24 36
  145 60 10
  146 60 30
  147 62 30
  148 62 10
  149 66 10
  150 66 30
  151 68 30
  152 68 10
  153 72 10
  154 72 30
  155 74 30
  156 74 10
  157 60 36
  158 60 56
  159 62 56
  160 62 36
  161 66 36
  162 66 56
  163 68 56
  164 68 36
  165 72 36
  166 72 56
  167 74 56
  168 74 36
VISIT_LOCATION_SECTION
  2 2
  3 3
  4 4
  5 5
  6 6
  7 7
  8 8
  9 9
  10 10
  11 11
  12 12
  13 13
  14 14
  15 15
  16 16
  17 17
  18 18
  19 19
  20 20
  21 21
  22 22
  23 23
  24 24
  25 25
  26 26
  27 27
  28 28
  29 29
  30 30
  31 31
  32 32
  33 33
  34 34
  35 35
  36 36
  37 37
  38 38
  39 39
  40 40
  41 41
  42 42
  43 43
  44 44
  45 45
  46 46
  47 47
  48 48
  49 49
  50 50
  51 51
  52 52
  53 53
  54 54
  55 55
  56 56
  57 57
  58 58
  59 59
  60 60
  61 61
  62 62
  63 63
  64 64
  65 65
  66 66
  67 67
  68 68
  69 69
  70 70
  71 71
  72 72
  73 73
  74 74
  75 75
  76 76
  77 77
  78 78
  79 79
  80 80
  81 81
  82 82
  83 83
  84 84
  85 85
  86 86
  87 87
  88 88
  89 89
  90 90
  91 91
  92 92
  93 93
  94 94
  95 95
  96 96
  97 97
  98 98
  99 99
  100 100
  101 101
  102 102
  103 103
  104 104
  105 105
  106 106
  107 107
  108 108
  109 109
  110 110
  111 111
  112 112
  113 113
  114 114
  115 115
  116 116
  117 117
  118 118
  119 119
  120 120
COMMENT: TIMESTEP: 1
ORDERS_SECTION
  1 2 3 4
  2 5 6 7 8 9
  3 10 11
  4 12 13 14 15 16 17 18 19
  5 20 21 22 23 24 25 26 27
  6 28 29
  7 30 31
  8 32 33 34 35
  9 36 37
  10 38 39
  11 40 41 42 43 44
  12 45 46 47 48 49
  13 50 51 52 53 54 55 56 57
  14 58 59 60 61 62
  15 63 64
  16 65 66 67 68 69
  17 70 71 72 73 74 75 76
  18 77 78 79 80
  19 81 82 83
  20 84 85 86 87 88 89
  21 90 91 92
  22 93 94
  23 95 96 97 98
  24 99 100
  25 101 102
  26 103 104
  27 105 106
  28 107 108
  29 109 110 111 112 113 114 115
  30 116 117 118 119 120
TIME_AVAIL_SECTION
  1 1
  2 1
  3 1
  4 1
  5 1
  6 1
  7 1
  8 1
  9 1
  10 1
  11 1
  12 1
  13 1
  14 1
  15 1
  16 1
  17 1
  18 1
  19 1
  20 1
  21 1
  22 1
  23 1
  24 1
  25 1
  26 1
  27 1
  28 1
  29 1
  30 1
OBSTACLES
  1 121 122 123 124
  2 125 126 127 128
  3 129 130 131 132
  4 133 134 135 136
  5 137 138 139 140
  6 141 142 143 144
  7 145 146 147 148
  8 149 150 151 152
  9 153 154 155 156
  10 157 158 159 160
  11 161 162 163 164
  12 165 166 167 168
EOF
