VRPTEST 1.0
COMMENT: descr: Modified tsplib for the OBP
COMMENT: Best known objective: 1440.0
COMMENT: Computational time (s): 0.169
NAME: c200_19c7
NUM_DEPOTS: 2
NUM_CAPACITIES: 1
NUM_VISITS: 200
NUM_LOCATIONS: 206
NUM_VEHICLES: 7
CAPACITIES: 6
DATA_SECTION
DEPOTS
  0
  1
LOCATION_COORD_SECTION
  0 5 20
  1 5 50
  2 46 51
  3 66 26
  4 53 15
  5 68 28
  6 57 20
  7 47 25
  8 63 38
  9 47 44
  10 52 56
  11 60 43
  12 48 57
  13 35 27
  14 45 45
  15 61 49
  16 41 26
  17 55 44
  18 58 23
  19 73 36
  20 66 39
  21 51 23
  22 34 33
  23 49 26
  24 48 40
  25 49 22
  26 49 57
  27 59 32
  28 52 29
  29 46 38
  30 39 26
  31 61 40
  32 53 49
  33 50 45
  34 64 36
  35 40 33
  36 54 38
  37 55 34
  38 43 23
  39 61 39
  40 56 22
  41 58 32
  42 46 11
  43 48 24
  44 69 32
  45 38 15
  46 52 14
  47 56 17
  48 40 26
  49 55 29
  50 48 60
  51 70 39
  52 49 14
  53 59 50
  54 54 48
  55 50 11
  56 55 20
  57 56 19
  58 61 34
  59 52 25
  60 51 46
  61 54 41
  62 69 41
  63 52 51
  64 48 19
  65 46 14
  66 69 38
  67 45 10
  68 58 45
  69 48 54
  70 47 42
  71 59 30
  72 36 22
  73 36 18
  74 49 48
  75 53 53
  76 51 42
  77 47 52
  78 48 48
  79 49 61
  80 47 58
  81 62 45
  82 59 27
  83 57 17
  84 40 40
  85 37 38
  86 34 24
  87 42 29
  88 61 36
  89 55 28
  90 42 37
  91 49 35
  92 55 43
  93 17 61
  94 23 65
  95 24 45
  96 32 44
  97 36 42
  98 17 52
  99 28 50
  100 37 57
  101 13 58
  102 13 44
  103 40 53
  104 22 51
  105 24 33
  106 25 53
  107 18 52
  108 44 62
  109 42 55
  110 31 47
  111 30 69
  112 18 55
  113 29 54
  114 14 39
  115 27 65
  116 43 47
  117 20 49
  118 15 54
  119 16 43
  120 20 55
  121 17 57
  122 16 50
  123 21 41
  124 43 48
  125 22 48
  126 22 31
  127 43 56
  128 43 65
  129 32 50
  130 26 26
  131 14 56
  132 22 40
  133 35 51
  134 36 47
  135 37 43
  136 19 59
  137 35 45
  138 23 53
  139 26 43
  140 33 53
  141 23 62
  142 13 49
  143 34 51
  144 38 67
  145 17 47
  146 38 68
  147 32 70
  148 20 46
  149 30 21
  150 30 70
  151 36 63
  152 17 60
  153 19 39
  154 20 34
  155 31 45
  156 34 67
  157 19 51
  158 7 45
  159 19 36
  160 28 46
  161 28 65
  162 40 47
  163 27 64
  164 36 64
  165 39 47
  166 43 50
  167 36 73
  168 23 54
  169 31 69
  170 15 52
  171 42 48
  172 19 57
  173 41 65
  174 30 45
  175 44 48
  176 28 31
  177 20 59
  178 16 35
  179 36 41
  180 23 41
  181 5 49
  182 36 61
  183 22 60
  184 30 75
  185 42 62
  186 28 42
  187 33 56
  188 39 46
  189 23 51
  190 27 70
  191 17 36
  192 28 26
  193 24 63
  194 18 41
  195 40 46
  196 32 68
  197 21 66
  198 28 49
  199 33 59
  200 22 64
  201 39 56
  202 10 10
  203 10 60
  204 12 60
  205 12 10
VISIT_LOCATION_SECTION
  2 2
  3 3
  4 4
  5 5
  6 6
  7 7
  8 8
  9 9
  10 10
  11 11
  12 12
  13 13
  14 14
  15 15
  16 16
  17 17
  18 18
  19 19
  20 20
  21 21
  22 22
  23 23
  24 24
  25 25
  26 26
  27 27
  28 28
  29 29
  30 30
  31 31
  32 32
  33 33
  34 34
  35 35
  36 36
  37 37
  38 38
  39 39
  40 40
  41 41
  42 42
  43 43
  44 44
  45 45
  46 46
  47 47
  48 48
  49 49
  50 50
  51 51
  52 52
  53 53
  54 54
  55 55
  56 56
  57 57
  58 58
  59 59
  60 60
  61 61
  62 62
  63 63
  64 64
  65 65
  66 66
  67 67
  68 68
  69 69
  70 70
  71 71
  72 72
  73 73
  74 74
  75 75
  76 76
  77 77
  78 78
  79 79
  80 80
  81 81
  82 82
  83 83
  84 84
  85 85
  86 86
  87 87
  88 88
  89 89
  90 90
  91 91
  92 92
  93 93
  94 94
  95 95
  96 96
  97 97
  98 98
  99 99
  100 100
  101 101
  102 102
  103 103
  104 104
  105 105
  106 106
  107 107
  108 108
  109 109
  110 110
  111 111
  112 112
  113 113
  114 114
  115 115
  116 116
  117 117
  118 118
  119 119
  120 120
  121 121
  122 122
  123 123
  124 124
  125 125
  126 126
  127 127
  128 128
  129 129
  130 130
  131 131
  132 132
  133 133
  134 134
  135 135
  136 136
  137 137
  138 138
  139 139
  140 140
  141 141
  142 142
  143 143
  144 144
  145 145
  146 146
  147 147
  148 148
  149 149
  150 150
  151 151
  152 152
  153 153
  154 154
  155 155
  156 156
  157 157
  158 158
  159 159
  160 160
  161 161
  162 162
  163 163
  164 164
  165 165
  166 166
  167 167
  168 168
  169 169
  170 170
  171 171
  172 172
  173 173
  174 174
  175 175
  176 176
  177 177
  178 178
  179 179
  180 180
  181 181
  182 182
  183 183
  184 184
  185 185
  186 186
  187 187
  188 188
  189 189
  190 190
  191 191
  192 192
  193 193
  194 194
  195 195
  196 196
  197 197
  198 198
  199 199
  200 200
  201 201
COMMENT: TIMESTEP: 1
ORDERS_SECTION
  1 2 3
  2 4 5 6 7 8 9
  3 10 11 12 13
  4 14 15
  5 16 17 18 19 20 21 22 23
  6 24 25 26 27 28 29
  7 30 31 32 33 34 35 36
  8 37 38 39 40
  9 41 42 43
  10 44 45 46
  11 47 48 49 50 51 52 53 54
  12 55 56 57 58 59
  13 60 61 62 63 64
  14 65 66
  15 67 68 69 70 71
  16 72 73 74 75 76 77
  17 78 79 80 81
  18 82 83 84 85
  19 86 87 88 89 90
  20 91 92
  21 93 94
  22 95 96 97 98 99 100 101 102
  23 103 104 105 106
  24 107 108 109
  25 110 111 112 113 114 115 116 117
  26 118 119 120 121 122
  27 123 124 125 126
  28 127 128 129 130 131 132 133 134
  29 135 136 137 138 139 140 141 142
  30 143 144 145 146 147 148 149 150
  31 151 152 153 154 155 156
  32 157 158 159 160
  33 161 162 163
  34 164 165 166 167 168 169 170
  35 171 172 173
  36 174 175
  37 176 177 178 179 180 181
  38 182 183 184 185 186 187 188 189
  39 190 191 192 193 194 195 196
  40 197 198 199 200 201
TIME_AVAIL_SECTION
  1 1
  2 1
  3 1
  4 1
  5 1
  6 1
  7 1
  8 1
  9 1
  10 1
  11 1
  12 1
  13 1
  14 1
  15 1
  16 1
  17 1
  18 1
  19 1
  20 1
  21 1
  22 1
  23 1
  24 1
  25 1
  26 1
  27 1
  28 1
  29 1
  30 1
  31 1
  32 1
  33 1
  34 1
  35 1
  36 1
  37 1
  38 1
  39 1
  40 1
OBSTACLES
  1 202 203 204 205
EOF
