VRPTEST 1.0
COMMENT: descr: Modified tsplib for the OBP
COMMENT: Best known objective: 424.0
COMMENT: Computational time (s): 0.038
NAME: c52_241e
NUM_DEPOTS: 2
NUM_CAPACITIES: 1
NUM_VISITS: 52
NUM_LOCATIONS: 102
NUM_VEHICLES: 3
CAPACITIES: 4
DATA_SECTION
DEPOTS
  0
  1
LOCATION_COORD_SECTION
  0 35 70
  1 50 70
  2 19 59
  3 24 63
  4 13 49
  5 13 51
  6 21 45
  7 17 57
  8 19 57
  9 18 58
  10 13 44
  11 22 60
  12 19 48
  13 21 43
  14 20 49
  15 15 43
  16 20 46
  17 25 46
  18 65 49
  19 63 54
  20 59 46
  21 64 55
  22 63 60
  23 58 56
  24 58 45
  25 59 50
  26 69 52
  27 63 51
  28 64 49
  29 65 56
  30 59 62
  31 70 53
  32 59 44
  33 14 39
  34 22 32
  35 20 34
  36 24 33
  37 20 40
  38 19 36
  39 20 36
  40 25 28
  41 23 32
  42 61 34
  43 69 32
  44 65 30
  45 59 39
  46 58 13
  47 70 31
  48 58 38
  49 59 30
  50 65 33
  51 64 32
  52 64 36
  53 59 32
  54 10 10
  55 10 30
  56 12 30
  57 12 10
  58 16 10
  59 16 30
  60 18 30
  61 18 10
  62 22 10
  63 22 30
  64 24 30
  65 24 10
  66 10 36
  67 10 56
  68 12 56
  69 12 36
  70 16 36
  71 16 56
  72 18 56
  73 18 36
  74 22 36
  75 22 56
  76 24 56
  77 24 36
  78 60 10
  79 60 30
  80 62 30
  81 62 10
  82 66 10
  83 66 30
  84 68 30
  85 68 10
  86 72 10
  87 72 30
  88 74 30
  89 74 10
  90 60 36
  91 60 56
  92 62 56
  93 62 36
  94 66 36
  95 66 56
  96 68 56
  97 68 36
  98 72 36
  99 72 56
  100 74 56
  101 74 36
VISIT_LOCATION_SECTION
  2 2
  3 3
  4 4
  5 5
  6 6
  7 7
  8 8
  9 9
  10 10
  11 11
  12 12
  13 13
  14 14
  15 15
  16 16
  17 17
  18 18
  19 19
  20 20
  21 21
  22 22
  23 23
  24 24
  25 25
  26 26
  27 27
  28 28
  29 29
  30 30
  31 31
  32 32
  33 33
  34 34
  35 35
  36 36
  37 37
  38 38
  39 39
  40 40
  41 41
  42 42
  43 43
  44 44
  45 45
  46 46
  47 47
  48 48
  49 49
  50 50
  51 51
  52 52
  53 53
COMMENT: TIMESTEP: 1
ORDERS_SECTION
  1 2 3 4 5 6 7 8
  2 9 10 11
  3 12 13 14 15 16 17
  4 18 19 20 21 22
  5 23 24 25 26 27 28 29 30
  6 31 32
  7 33 34 35 36 37 38 39
  8 40 41
  9 42 43 44 45 46
  10 47 48 49 50 51 52 53
TIME_AVAIL_SECTION
  1 1
  2 1
  3 1
  4 1
  5 1
  6 1
  7 1
  8 1
  9 1
  10 1
OBSTACLES
  1 54 55 56 57
  2 58 59 60 61
  3 62 63 64 65
  4 66 67 68 69
  5 70 71 72 73
  6 74 75 76 77
  7 78 79 80 81
  8 82 83 84 85
  9 86 87 88 89
  10 90 91 92 93
  11 94 95 96 97
  12 98 99 100 101
EOF
