VRPTEST 1.0
COMMENT: descr: Modified tsplib for the OBP
COMMENT: Best known objective: 1829.318
COMMENT: Computational time (s): 0.697064
NAME: c163_6a19
NUM_CAPACITIES: 1
NUM_VISITS: 163
NUM_VEHICLES: 9
CAPACITIES: 4
DATA_SECTION
DEPOTS
  0
  1
VISIT_LOCATION_SECTION
  2 335
  3 142
  4 205
  5 322
  6 454
  7 188
  8 84
  9 343
  10 104
  11 374
  12 257
  13 75
  14 112
  15 341
  16 201
  17 208
  18 55
  19 53
  20 246
  21 435
  22 369
  23 395
  24 67
  25 74
  26 182
  27 396
  28 329
  29 347
  30 271
  31 376
  32 290
  33 136
  34 366
  35 33
  36 180
  37 2
  38 15
  39 398
  40 170
  41 167
  42 62
  43 242
  44 453
  45 98
  46 115
  47 363
  48 50
  49 402
  50 154
  51 427
  52 158
  53 400
  54 350
  55 353
  56 390
  57 103
  58 162
  59 132
  60 229
  61 414
  62 300
  63 278
  64 410
  65 168
  66 442
  67 224
  68 21
  69 6
  70 20
  71 468
  72 184
  73 49
  74 117
  75 287
  76 129
  77 299
  78 38
  79 431
  80 36
  81 10
  82 91
  83 56
  84 176
  85 57
  86 446
  87 311
  88 185
  89 149
  90 193
  91 134
  92 277
  93 437
  94 256
  95 65
  96 175
  97 86
  98 244
  99 61
  100 63
  101 97
  102 199
  103 336
  104 101
  105 217
  106 310
  107 96
  108 332
  109 399
  110 409
  111 166
  112 355
  113 13
  114 64
  115 247
  116 286
  117 467
  118 316
  119 321
  120 28
  121 232
  122 273
  123 382
  124 293
  125 424
  126 236
  127 190
  128 305
  129 51
  130 143
  131 100
  132 35
  133 304
  134 380
  135 387
  136 318
  137 187
  138 220
  139 352
  140 448
  141 345
  142 66
  143 105
  144 119
  145 25
  146 439
  147 285
  148 367
  149 384
  150 294
  151 95
  152 204
  153 263
  154 319
  155 173
  156 124
  157 349
  158 194
  159 422
  160 76
  161 470
  162 219
  163 94
  164 152
COMMENT: TIMESTEP: 1
ORDERS_SECTION
  1 2 3 4
  2 5 6 7 8 9
  3 10 11
  4 12 13 14 15
  5 16 17 18 19
  6 20 21
  7 22 23
  8 24 25 26 27 28 29 30
  9 31 32 33 34 35 36
  10 37 38 39
  11 40 41 42 43 44
  12 45 46 47 48 49 50
  13 51 52 53 54 55 56
  14 57 58
  15 59 60 61 62 63 64
  16 65 66 67 68 69 70 71
  17 72 73 74 75 76 77 78
  18 79 80 81 82 83 84
  19 85 86 87 88 89 90 91 92
  20 93 94 95 96 97 98 99 100
  21 101 102 103 104
  22 105 106 107 108 109 110
  23 111 112 113 114
  24 115
  25 116 117 118 119 120 121
  26 122 123 124 125 126 127 128 129
  27 130 131
  28 132 133 134 135 136
  29 137 138 139 140
  30 141 142 143 144 145 146 147
  31 148 149 150
  32 151 152 153 154 155
  33 156 157
  34 158 159 160
  35 161 162 163 164
TIME_AVAIL_SECTION
  1 1
  2 1
  3 1
  4 1
  5 1
  6 1
  7 1
  8 1
  9 1
  10 1
  11 1
  12 1
  13 1
  14 1
  15 1
  16 1
  17 1
  18 1
  19 1
  20 1
  21 1
  22 1
  23 1
  24 1
  25 1
  26 1
  27 1
  28 1
  29 1
  30 1
  31 1
  32 1
  33 1
  34 1
  35 1
EOF
