VRPTEST 1.0
COMMENT: descr: Modified tsplib for the OBP
COMMENT: Best known objective: 1467.506
COMMENT: Computational time (s): 0.461036
NAME: c142_37ce
NUM_CAPACITIES: 1
NUM_VISITS: 142
NUM_VEHICLES: 8
CAPACITIES: 4
DATA_SECTION
DEPOTS
  0
  1
VISIT_LOCATION_SECTION
  2 210
  3 334
  4 384
  5 359
  6 382
  7 40
  8 414
  9 337
  10 196
  11 336
  12 412
  13 252
  14 36
  15 33
  16 197
  17 119
  18 21
  19 290
  20 105
  21 14
  22 53
  23 90
  24 213
  25 9
  26 438
  27 363
  28 220
  29 326
  30 161
  31 130
  32 377
  33 34
  34 413
  35 300
  36 272
  37 264
  38 18
  39 410
  40 89
  41 217
  42 200
  43 246
  44 429
  45 24
  46 224
  47 218
  48 97
  49 245
  50 180
  51 379
  52 70
  53 123
  54 73
  55 406
  56 3
  57 229
  58 281
  59 458
  60 41
  61 102
  62 387
  63 253
  64 15
  65 408
  66 49
  67 350
  68 394
  69 372
  70 51
  71 106
  72 407
  73 155
  74 149
  75 381
  76 345
  77 464
  78 250
  79 445
  80 147
  81 444
  82 108
  83 457
  84 368
  85 93
  86 299
  87 128
  88 194
  89 440
  90 50
  91 138
  92 80
  93 85
  94 221
  95 351
  96 431
  97 319
  98 456
  99 369
  100 462
  101 468
  102 292
  103 94
  104 157
  105 451
  106 77
  107 437
  108 179
  109 222
  110 305
  111 27
  112 279
  113 211
  114 109
  115 344
  116 113
  117 67
  118 273
  119 131
  120 293
  121 471
  122 58
  123 144
  124 61
  125 450
  126 268
  127 175
  128 42
  129 396
  130 96
  131 263
  132 375
  133 361
  134 192
  135 78
  136 216
  137 54
  138 223
  139 424
  140 296
  141 236
  142 173
  143 266
COMMENT: TIMESTEP: 1
ORDERS_SECTION
  1 2 3
  2 4 5
  3 6 7 8 9 10 11 12
  4 13 14 15 16 17 18 19 20
  5 21 22
  6 23 24 25 26 27
  7 28
  8 29 30 31 32 33 34 35
  9 36 37
  10 38 39 40 41 42 43 44
  11 45 46 47 48 49 50 51 52
  12 53 54 55 56 57 58
  13 59 60 61 62 63
  14 64 65 66 67 68
  15 69 70
  16 71 72 73 74 75
  17 76
  18 77 78 79 80 81 82 83 84
  19 85 86 87 88 89 90
  20 91 92
  21 93 94 95 96
  22 97
  23 98
  24 99 100 101 102 103 104
  25 105
  26 106 107 108 109 110 111 112
  27 113 114 115 116 117 118
  28 119 120 121 122 123 124 125
  29 126 127 128 129 130 131 132 133
  30 134 135 136 137
  31 138 139 140 141 142 143
TIME_AVAIL_SECTION
  1 1
  2 1
  3 1
  4 1
  5 1
  6 1
  7 1
  8 1
  9 1
  10 1
  11 1
  12 1
  13 1
  14 1
  15 1
  16 1
  17 1
  18 1
  19 1
  20 1
  21 1
  22 1
  23 1
  24 1
  25 1
  26 1
  27 1
  28 1
  29 1
  30 1
  31 1
EOF
