VRPTEST 1.0
COMMENT: descr: Modified tsplib for the OBP
COMMENT: Best known objective: 877.0
COMMENT: Computational time (s): 0.096
NAME: c150_1867
NUM_DEPOTS: 2
NUM_CAPACITIES: 1
NUM_VISITS: 150
NUM_LOCATIONS: 152
NUM_VEHICLES: 6
CAPACITIES: 4
DATA_SECTION
DEPOTS
  0
  1
LOCATION_COORD_SECTION
  0 5 30
  1 5 50
  2 43 22
  3 41 38
  4 47 45
  5 49 25
  6 44 39
  7 42 32
  8 45 35
  9 42 40
  10 45 23
  11 35 33
  12 30 34
  13 44 24
  14 49 17
  15 34 27
  16 45 25
  17 37 29
  18 48 21
  19 48 16
  20 46 30
  21 48 40
  22 45 18
  23 31 32
  24 36 38
  25 41 29
  26 42 35
  27 38 24
  28 33 40
  29 33 42
  30 47 43
  31 38 42
  32 46 42
  33 42 31
  34 49 36
  35 46 32
  36 36 34
  37 42 18
  38 51 37
  39 50 36
  40 48 39
  41 38 43
  42 38 41
  43 47 29
  44 29 42
  45 39 31
  46 36 36
  47 39 22
  48 34 35
  49 50 26
  50 30 33
  51 32 45
  52 25 48
  53 40 59
  54 46 51
  55 32 47
  56 45 56
  57 31 44
  58 28 45
  59 28 56
  60 38 63
  61 38 49
  62 30 57
  63 46 64
  64 27 48
  65 34 56
  66 38 65
  67 26 53
  68 29 56
  69 39 66
  70 34 61
  71 43 49
  72 28 55
  73 44 46
  74 46 71
  75 26 47
  76 39 51
  77 25 50
  78 38 48
  79 42 49
  80 27 55
  81 36 51
  82 39 58
  83 46 56
  84 33 53
  85 44 57
  86 34 46
  87 41 65
  88 36 53
  89 34 52
  90 47 47
  91 25 54
  92 42 50
  93 39 61
  94 37 47
  95 61 40
  96 75 38
  97 63 27
  98 73 38
  99 53 25
  100 65 38
  101 70 35
  102 57 45
  103 69 30
  104 61 41
  105 55 19
  106 61 23
  107 69 45
  108 62 47
  109 69 39
  110 52 44
  111 53 46
  112 74 38
  113 60 47
  114 53 43
  115 62 49
  116 66 47
  117 61 30
  118 54 31
  119 58 52
  120 67 63
  121 60 69
  122 61 68
  123 71 54
  124 55 68
  125 49 60
  126 51 63
  127 57 65
  128 51 74
  129 69 59
  130 47 71
  131 52 53
  132 55 51
  133 52 68
  134 61 70
  135 49 54
  136 52 56
  137 60 61
  138 50 72
  139 48 69
  140 51 65
  141 58 60
  142 70 56
  143 59 67
  144 66 58
  145 51 66
  146 61 64
  147 55 55
  148 51 49
  149 49 59
  150 53 71
  151 65 58
VISIT_LOCATION_SECTION
  2 2
  3 3
  4 4
  5 5
  6 6
  7 7
  8 8
  9 9
  10 10
  11 11
  12 12
  13 13
  14 14
  15 15
  16 16
  17 17
  18 18
  19 19
  20 20
  21 21
  22 22
  23 23
  24 24
  25 25
  26 26
  27 27
  28 28
  29 29
  30 30
  31 31
  32 32
  33 33
  34 34
  35 35
  36 36
  37 37
  38 38
  39 39
  40 40
  41 41
  42 42
  43 43
  44 44
  45 45
  46 46
  47 47
  48 48
  49 49
  50 50
  51 51
  52 52
  53 53
  54 54
  55 55
  56 56
  57 57
  58 58
  59 59
  60 60
  61 61
  62 62
  63 63
  64 64
  65 65
  66 66
  67 67
  68 68
  69 69
  70 70
  71 71
  72 72
  73 73
  74 74
  75 75
  76 76
  77 77
  78 78
  79 79
  80 80
  81 81
  82 82
  83 83
  84 84
  85 85
  86 86
  87 87
  88 88
  89 89
  90 90
  91 91
  92 92
  93 93
  94 94
  95 95
  96 96
  97 97
  98 98
  99 99
  100 100
  101 101
  102 102
  103 103
  104 104
  105 105
  106 106
  107 107
  108 108
  109 109
  110 110
  111 111
  112 112
  113 113
  114 114
  115 115
  116 116
  117 117
  118 118
  119 119
  120 120
  121 121
  122 122
  123 123
  124 124
  125 125
  126 126
  127 127
  128 128
  129 129
  130 130
  131 131
  132 132
  133 133
  134 134
  135 135
  136 136
  137 137
  138 138
  139 139
  140 140
  141 141
  142 142
  143 143
  144 144
  145 145
  146 146
  147 147
  148 148
  149 149
  150 150
  151 151
COMMENT: TIMESTEP: 1
ORDERS_SECTION
  1 2 3 4 5 6 7 8 9 10 11 12
  2 13 14 15 16 17 18 19 20 21 22
  3 23 24 25 26 27 28 29 30 31 32 33 34
  4 35 36 37 38 39 40 41 42 43
  5 44 45 46 47 48 49 50
  6 51 52 53 54 55 56 57 58 59 60 61 62 63
  7 64 65 66 67 68 69 70 71 72
  8 73 74 75 76 77 78 79 80 81 82
  9 83 84 85 86 87 88 89 90 91
  10 92 93 94
  11 95 96 97
  12 98 99
  13 100 101 102 103 104 105 106
  14 107 108 109 110 111 112 113
  15 114 115 116 117 118
  16 119 120 121 122 123 124 125 126
  17 127 128 129 130 131 132
  18 133 134 135 136 137 138 139 140 141
  19 142 143 144
  20 145 146 147 148 149 150 151
TIME_AVAIL_SECTION
  1 1
  2 1
  3 1
  4 1
  5 1
  6 1
  7 1
  8 1
  9 1
  10 1
  11 1
  12 1
  13 1
  14 1
  15 1
  16 1
  17 1
  18 1
  19 1
  20 1
EOF
