VRPTEST 1.0
COMMENT: descr: Modified tsplib for the OBP
COMMENT: Best known objective: 1607.0
COMMENT: Computational time (s): 0.081
NAME: c122_1328
NUM_DEPOTS: 2
NUM_CAPACITIES: 1
NUM_VISITS: 122
NUM_LOCATIONS: 212
NUM_VEHICLES: 11
CAPACITIES: 4
DATA_SECTION
DEPOTS
  0
  1
LOCATION_COORD_SECTION
  0 35 70
  1 50 70
  2 31 56
  3 19 44
  4 19 40
  5 21 44
  6 21 56
  7 27 56
  8 21 48
  9 19 56
  10 33 56
  11 27 48
  12 33 48
  13 43 56
  14 13 48
  15 21 40
  16 9 52
  17 25 40
  18 13 56
  19 33 52
  20 15 56
  21 13 52
  22 15 44
  23 37 56
  24 27 52
  25 15 52
  26 25 56
  27 19 52
  28 9 56
  29 27 40
  30 15 48
  31 31 44
  32 25 44
  33 45 44
  34 37 40
  35 63 40
  36 55 48
  37 49 40
  38 61 48
  39 39 44
  40 49 44
  41 55 52
  42 69 40
  43 67 40
  44 51 48
  45 45 52
  46 43 48
  47 67 44
  48 51 52
  49 63 48
  50 37 48
  51 61 44
  52 49 48
  53 39 48
  54 37 44
  55 49 56
  56 57 48
  57 57 52
  58 33 40
  59 57 40
  60 45 56
  61 51 56
  62 49 20
  63 67 24
  64 43 16
  65 61 20
  66 49 28
  67 51 24
  68 55 16
  69 45 12
  70 55 20
  71 49 24
  72 55 24
  73 43 12
  74 61 24
  75 55 28
  76 61 28
  77 63 16
  78 49 12
  79 57 16
  80 45 16
  81 45 20
  82 51 16
  83 63 20
  84 51 28
  85 55 12
  86 49 16
  87 51 20
  88 67 20
  89 61 16
  90 51 12
  91 57 24
  92 21 28
  93 39 12
  94 25 28
  95 37 24
  96 25 20
  97 31 16
  98 27 20
  99 31 24
  100 33 12
  101 31 20
  102 27 28
  103 31 12
  104 31 28
  105 37 12
  106 37 20
  107 33 20
  108 27 24
  109 21 24
  110 39 24
  111 33 28
  112 19 24
  113 33 24
  114 43 24
  115 37 16
  116 39 28
  117 39 16
  118 43 28
  119 37 28
  120 45 28
  121 33 16
  122 39 20
  123 27 16
  124 10 10
  125 10 30
  126 12 30
  127 12 10
  128 16 10
  129 16 30
  130 18 30
  131 18 10
  132 22 10
  133 22 30
  134 24 30
  135 24 10
  136 28 10
  137 28 30
  138 30 30
  139 30 10
  140 34 10
  141 34 30
  142 36 30
  143 36 10
  144 40 10
  145 40 30
  146 42 30
  147 42 10
  148 46 10
  149 46 30
  150 48 30
  151 48 10
  152 52 10
  153 52 30
  154 54 30
  155 54 10
  156 58 10
  157 58 30
  158 60 30
  159 60 10
  160 64 10
  161 64 30
  162 66 30
  163 66 10
  164 70 10
  165 70 30
  166 72 30
  167 72 10
  168 10 40
  169 10 60
  170 12 60
  171 12 40
  172 16 40
  173 16 60
  174 18 60
  175 18 40
  176 22 40
  177 22 60
  178 24 60
  179 24 40
  180 28 40
  181 28 60
  182 30 60
  183 30 40
  184 34 40
  185 34 60
  186 36 60
  187 36 40
  188 40 40
  189 40 60
  190 42 60
  191 42 40
  192 46 40
  193 46 60
  194 48 60
  195 48 40
  196 52 40
  197 52 60
  198 54 60
  199 54 40
  200 58 40
  201 58 60
  202 60 60
  203 60 40
  204 64 40
  205 64 60
  206 66 60
  207 66 40
  208 70 40
  209 70 60
  210 72 60
  211 72 40
VISIT_LOCATION_SECTION
  2 2
  3 3
  4 4
  5 5
  6 6
  7 7
  8 8
  9 9
  10 10
  11 11
  12 12
  13 13
  14 14
  15 15
  16 16
  17 17
  18 18
  19 19
  20 20
  21 21
  22 22
  23 23
  24 24
  25 25
  26 26
  27 27
  28 28
  29 29
  30 30
  31 31
  32 32
  33 33
  34 34
  35 35
  36 36
  37 37
  38 38
  39 39
  40 40
  41 41
  42 42
  43 43
  44 44
  45 45
  46 46
  47 47
  48 48
  49 49
  50 50
  51 51
  52 52
  53 53
  54 54
  55 55
  56 56
  57 57
  58 58
  59 59
  60 60
  61 61
  62 62
  63 63
  64 64
  65 65
  66 66
  67 67
  68 68
  69 69
  70 70
  71 71
  72 72
  73 73
  74 74
  75 75
  76 76
  77 77
  78 78
  79 79
  80 80
  81 81
  82 82
  83 83
  84 84
  85 85
  86 86
  87 87
  88 88
  89 89
  90 90
  91 91
  92 92
  93 93
  94 94
  95 95
  96 96
  97 97
  98 98
  99 99
  100 100
  101 101
  102 102
  103 103
  104 104
  105 105
  106 106
  107 107
  108 108
  109 109
  110 110
  111 111
  112 112
  113 113
  114 114
  115 115
  116 116
  117 117
  118 118
  119 119
  120 120
  121 121
  122 122
  123 123
COMMENT: TIMESTEP: 1
ORDERS_SECTION
  1 2 3 4 5
  2 6 7 8 9
  3 10 11 12 13
  4 14 15 16
  5 17 18
  6 19 20 21 22
  7 23 24 25
  8 26 27
  9 28 29
  10 30 31 32
  11 33 34 35
  12 36 37 38 39
  13 40 41 42
  14 43 44
  15 45 46 47
  16 48 49 50
  17 51 52 53 54
  18 55 56
  19 57 58
  20 59 60 61
  21 62 63
  22 64 65 66 67
  23 68 69 70 71
  24 72 73
  25 74 75 76
  26 77 78
  27 79 80 81 82
  28 83 84 85
  29 86 87
  30 88 89 90 91
  31 92 93 94
  32 95 96 97 98
  33 99 100 101 102
  34 103 104
  35 105 106 107 108
  36 109 110 111 112
  37 113 114 115
  38 116 117 118
  39 119 120
  40 121 122 123
TIME_AVAIL_SECTION
  1 1
  2 1
  3 1
  4 1
  5 1
  6 1
  7 1
  8 1
  9 1
  10 1
  11 1
  12 1
  13 1
  14 1
  15 1
  16 1
  17 1
  18 1
  19 1
  20 1
  21 1
  22 1
  23 1
  24 1
  25 1
  26 1
  27 1
  28 1
  29 1
  30 1
  31 1
  32 1
  33 1
  34 1
  35 1
  36 1
  37 1
  38 1
  39 1
  40 1
OBSTACLES
  1 124 125 126 127
  2 128 129 130 131
  3 132 133 134 135
  4 136 137 138 139
  5 140 141 142 143
  6 144 145 146 147
  7 148 149 150 151
  8 152 153 154 155
  9 156 157 158 159
  10 160 161 162 163
  11 164 165 166 167
  12 168 169 170 171
  13 172 173 174 175
  14 176 177 178 179
  15 180 181 182 183
  16 184 185 186 187
  17 188 189 190 191
  18 192 193 194 195
  19 196 197 198 199
  20 200 201 202 203
  21 204 205 206 207
  22 208 209 210 211
EOF
