VRPTEST 1.0
COMMENT: descr: Modified tsplib for the OBP
COMMENT: Best known objective: 589.0
COMMENT: Computational time (s): 0.02
NAME: c41_0cbe
NUM_DEPOTS: 2
NUM_CAPACITIES: 1
NUM_VISITS: 41
NUM_LOCATIONS: 111
NUM_VEHICLES: 3
CAPACITIES: 4
DATA_SECTION
DEPOTS
  0
  1
LOCATION_COORD_SECTION
  0 70 40
  1 65 60
  2 43 24
  3 37 24
  4 43 12
  5 55 20
  6 33 16
  7 45 16
  8 31 16
  9 39 16
  10 39 28
  11 51 16
  12 45 20
  13 49 20
  14 37 16
  15 37 20
  16 27 20
  17 55 24
  18 20 49
  19 20 57
  20 16 55
  21 12 43
  22 28 61
  23 24 49
  24 20 45
  25 16 45
  26 16 49
  27 12 51
  28 36 55
  29 32 63
  30 44 43
  31 36 45
  32 32 45
  33 44 51
  34 44 45
  35 36 51
  36 32 43
  37 27 28
  38 20 39
  39 19 28
  40 21 24
  41 25 28
  42 15 28
  43 10 10
  44 10 30
  45 12 30
  46 12 10
  47 16 10
  48 16 30
  49 18 30
  50 18 10
  51 22 10
  52 22 30
  53 24 30
  54 24 10
  55 28 10
  56 28 30
  57 30 30
  58 30 10
  59 34 10
  60 34 30
  61 36 30
  62 36 10
  63 40 10
  64 40 30
  65 42 30
  66 42 10
  67 46 10
  68 46 30
  69 48 30
  70 48 10
  71 52 10
  72 52 30
  73 54 30
  74 54 10
  75 58 10
  76 58 30
  77 60 30
  78 60 10
  79 64 10
  80 64 30
  81 66 30
  82 66 10
  83 70 10
  84 70 30
  85 72 30
  86 72 10
  87 10 40
  88 10 42
  89 50 42
  90 50 40
  91 10 46
  92 10 48
  93 50 48
  94 50 46
  95 10 52
  96 10 54
  97 50 54
  98 50 52
  99 10 58
  100 10 60
  101 50 60
  102 50 58
  103 10 64
  104 10 66
  105 50 66
  106 50 64
  107 10 70
  108 10 72
  109 50 72
  110 50 70
VISIT_LOCATION_SECTION
  2 2
  3 3
  4 4
  5 5
  6 6
  7 7
  8 8
  9 9
  10 10
  11 11
  12 12
  13 13
  14 14
  15 15
  16 16
  17 17
  18 18
  19 19
  20 20
  21 21
  22 22
  23 23
  24 24
  25 25
  26 26
  27 27
  28 28
  29 29
  30 30
  31 31
  32 32
  33 33
  34 34
  35 35
  36 36
  37 37
  38 38
  39 39
  40 40
  41 41
  42 42
COMMENT: TIMESTEP: 1
ORDERS_SECTION
  1 2 3 4 5 6
  2 7 8 9
  3 10 11 12 13 14 15 16 17
  4 18 19 20
  5 21 22
  6 23 24 25 26 27
  7 28 29 30 31 32
  8 33 34 35 36
  9 37 38 39
  10 40 41 42
TIME_AVAIL_SECTION
  1 1
  2 1
  3 1
  4 1
  5 1
  6 1
  7 1
  8 1
  9 1
  10 1
OBSTACLES
  1 43 44 45 46
  2 47 48 49 50
  3 51 52 53 54
  4 55 56 57 58
  5 59 60 61 62
  6 63 64 65 66
  7 67 68 69 70
  8 71 72 73 74
  9 75 76 77 78
  10 79 80 81 82
  11 83 84 85 86
  12 87 88 89 90
  13 91 92 93 94
  14 95 96 97 98
  15 99 100 101 102
  16 103 104 105 106
  17 107 108 109 110
EOF
