VRPTEST 1.0
COMMENT: descr: Modified tsplib for the OBP
COMMENT: Best known objective: 638.0
COMMENT: Computational time (s): 0.061
NAME: c68_0dbe
NUM_DEPOTS: 2
NUM_CAPACITIES: 1
NUM_VISITS: 68
NUM_LOCATIONS: 158
NUM_VEHICLES: 3
CAPACITIES: 6
DATA_SECTION
DEPOTS
  0
  1
LOCATION_COORD_SECTION
  0 35 70
  1 50 70
  2 27 16
  3 33 24
  4 39 20
  5 27 24
  6 33 16
  7 19 16
  8 21 28
  9 15 24
  10 27 20
  11 39 24
  12 25 20
  13 21 20
  14 31 12
  15 19 28
  16 31 24
  17 37 24
  18 37 20
  19 31 20
  20 39 40
  21 39 52
  22 51 56
  23 45 52
  24 33 56
  25 43 48
  26 45 48
  27 37 48
  28 49 56
  29 33 52
  30 37 56
  31 39 48
  32 43 52
  33 49 52
  34 39 56
  35 43 44
  36 45 56
  37 51 52
  38 43 56
  39 21 44
  40 27 48
  41 27 40
  42 25 48
  43 19 48
  44 27 44
  45 33 40
  46 33 44
  47 31 40
  48 19 44
  49 31 48
  50 33 48
  51 27 56
  52 31 52
  53 31 44
  54 21 52
  55 67 28
  56 51 20
  57 45 28
  58 51 24
  59 61 28
  60 55 28
  61 55 24
  62 55 20
  63 67 24
  64 69 28
  65 49 24
  66 57 20
  67 61 20
  68 63 20
  69 61 24
  70 10 10
  71 10 30
  72 12 30
  73 12 10
  74 16 10
  75 16 30
  76 18 30
  77 18 10
  78 22 10
  79 22 30
  80 24 30
  81 24 10
  82 28 10
  83 28 30
  84 30 30
  85 30 10
  86 34 10
  87 34 30
  88 36 30
  89 36 10
  90 40 10
  91 40 30
  92 42 30
  93 42 10
  94 46 10
  95 46 30
  96 48 30
  97 48 10
  98 52 10
  99 52 30
  100 54 30
  101 54 10
  102 58 10
  103 58 30
  104 60 30
  105 60 10
  106 64 10
  107 64 30
  108 66 30
  109 66 10
  110 70 10
  111 70 30
  112 72 30
  113 72 10
  114 10 40
  115 10 60
  116 12 60
  117 12 40
  118 16 40
  119 16 60
  120 18 60
  121 18 40
  122 22 40
  123 22 60
  124 24 60
  125 24 40
  126 28 40
  127 28 60
  128 30 60
  129 30 40
  130 34 40
  131 34 60
  132 36 60
  133 36 40
  134 40 40
  135 40 60
  136 42 60
  137 42 40
  138 46 40
  139 46 60
  140 48 60
  141 48 40
  142 52 40
  143 52 60
  144 54 60
  145 54 40
  146 58 40
  147 58 60
  148 60 60
  149 60 40
  150 64 40
  151 64 60
  152 66 60
  153 66 40
  154 70 40
  155 70 60
  156 72 60
  157 72 40
VISIT_LOCATION_SECTION
  2 2
  3 3
  4 4
  5 5
  6 6
  7 7
  8 8
  9 9
  10 10
  11 11
  12 12
  13 13
  14 14
  15 15
  16 16
  17 17
  18 18
  19 19
  20 20
  21 21
  22 22
  23 23
  24 24
  25 25
  26 26
  27 27
  28 28
  29 29
  30 30
  31 31
  32 32
  33 33
  34 34
  35 35
  36 36
  37 37
  38 38
  39 39
  40 40
  41 41
  42 42
  43 43
  44 44
  45 45
  46 46
  47 47
  48 48
  49 49
  50 50
  51 51
  52 52
  53 53
  54 54
  55 55
  56 56
  57 57
  58 58
  59 59
  60 60
  61 61
  62 62
  63 63
  64 64
  65 65
  66 66
  67 67
  68 68
  69 69
COMMENT: TIMESTEP: 1
ORDERS_SECTION
  1 2 3
  2 4 5 6 7 8 9 10 11
  3 12 13 14 15
  4 16 17 18 19
  5 20 21 22
  6 23 24 25 26 27
  7 28 29 30
  8 31 32 33 34 35 36 37 38
  9 39 40
  10 41 42 43 44 45 46
  11 47 48 49 50 51
  12 52 53 54
  13 55 56 57 58
  14 59 60 61 62
  15 63 64 65 66 67 68 69
TIME_AVAIL_SECTION
  1 1
  2 1
  3 1
  4 1
  5 1
  6 1
  7 1
  8 1
  9 1
  10 1
  11 1
  12 1
  13 1
  14 1
  15 1
OBSTACLES
  1 70 71 72 73
  2 74 75 76 77
  3 78 79 80 81
  4 82 83 84 85
  5 86 87 88 89
  6 90 91 92 93
  7 94 95 96 97
  8 98 99 100 101
  9 102 103 104 105
  10 106 107 108 109
  11 110 111 112 113
  12 114 115 116 117
  13 118 119 120 121
  14 122 123 124 125
  15 126 127 128 129
  16 130 131 132 133
  17 134 135 136 137
  18 138 139 140 141
  19 142 143 144 145
  20 146 147 148 149
  21 150 151 152 153
  22 154 155 156 157
EOF
