VRPTEST 1.0
COMMENT: descr: Modified tsplib for the OBP
COMMENT: Best known objective: 1172.379
COMMENT: Computational time (s): 0.246045
NAME: c81_af19
NUM_CAPACITIES: 1
NUM_VISITS: 81
NUM_VEHICLES: 8
CAPACITIES: 4
DATA_SECTION
DEPOTS
  0
  1
VISIT_LOCATION_SECTION
  2 274
  3 146
  4 42
  5 175
  6 457
  7 98
  8 238
  9 320
  10 36
  11 173
  12 268
  13 188
  14 414
  15 330
  16 442
  17 105
  18 210
  19 201
  20 151
  21 63
  22 345
  23 462
  24 147
  25 197
  26 223
  27 82
  28 258
  29 59
  30 141
  31 396
  32 80
  33 349
  34 438
  35 410
  36 20
  37 366
  38 239
  39 13
  40 464
  41 133
  42 79
  43 424
  44 101
  45 155
  46 182
  47 49
  48 24
  49 263
  50 181
  51 265
  52 253
  53 423
  54 280
  55 403
  56 308
  57 359
  58 379
  59 174
  60 43
  61 281
  62 152
  63 429
  64 131
  65 6
  66 128
  67 27
  68 130
  69 229
  70 444
  71 106
  72 473
  73 300
  74 179
  75 14
  76 53
  77 465
  78 419
  79 276
  80 306
  81 325
  82 352
COMMENT: TIMESTEP: 1
ORDERS_SECTION
  1 2 3
  2 4 5
  3 6 7 8
  4 9 10 11
  5 12 13
  6 14 15
  7 16 17 18 19
  8 20 21 22
  9 23 24
  10 25 26 27 28
  11 29 30 31 32
  12 33 34
  13 35 36
  14 37 38 39
  15 40 41
  16 42 43 44 45
  17 46 47 48 49
  18 50 51
  19 52 53 54 55
  20 56 57 58
  21 59 60 61 62
  22 63 64 65 66
  23 67 68
  24 69 70
  25 71 72
  26 73 74 75 76
  27 77 78 79 80
  28 81 82
TIME_AVAIL_SECTION
  1 1
  2 1
  3 1
  4 1
  5 1
  6 1
  7 1
  8 1
  9 1
  10 1
  11 1
  12 1
  13 1
  14 1
  15 1
  16 1
  17 1
  18 1
  19 1
  20 1
  21 1
  22 1
  23 1
  24 1
  25 1
  26 1
  27 1
  28 1
EOF
