VRPTEST 1.0
COMMENT: descr: Modified tsplib for the OBP
COMMENT: Best known objective: 1392.0
COMMENT: Computational time (s): 0.331222
NAME: c89_7bba
NUM_CAPACITIES: 1
NUM_VISITS: 89
NUM_VEHICLES: 11
CAPACITIES: 3
DATA_SECTION
DEPOTS
  0
  1
VISIT_LOCATION_SECTION
  2 33
  3 31
  4 13
  5 103
  6 99
  7 133
  8 145
  9 7
  10 14
  11 216
  12 85
  13 64
  14 4
  15 142
  16 97
  17 215
  18 143
  19 54
  20 84
  21 193
  22 185
  23 34
  24 152
  25 20
  26 70
  27 80
  28 71
  29 91
  30 15
  31 59
  32 221
  33 219
  34 100
  35 217
  36 156
  37 5
  38 96
  39 218
  40 202
  41 105
  42 46
  43 37
  44 19
  45 208
  46 111
  47 162
  48 51
  49 214
  50 195
  51 88
  52 29
  53 44
  54 90
  55 205
  56 95
  57 212
  58 53
  59 26
  60 47
  61 28
  62 92
  63 204
  64 106
  65 203
  66 39
  67 9
  68 6
  69 163
  70 213
  71 104
  72 12
  73 56
  74 102
  75 211
  76 94
  77 60
  78 30
  79 109
  80 89
  81 183
  82 194
  83 74
  84 75
  85 45
  86 135
  87 110
  88 197
  89 209
  90 79
COMMENT: TIMESTEP: 1
ORDERS_SECTION
  1 2 3 4
  2 5 6
  3 7 8 9 10
  4 11 12
  5 13 14 15
  6 16 17
  7 18 19
  8 20 21 22
  9 23 24 25 26
  10 27 28 29
  11 30 31
  12 32 33 34 35
  13 36 37
  14 38 39 40 41
  15 42 43 44
  16 45 46
  17 47 48
  18 49 50 51
  19 52 53
  20 54 55 56 57
  21 58 59 60 61
  22 62 63 64 65
  23 66 67 68 69
  24 70 71
  25 72 73
  26 74 75 76
  27 77 78
  28 79 80 81 82
  29 83 84 85 86
  30 87 88 89 90
TIME_AVAIL_SECTION
  1 1
  2 1
  3 1
  4 1
  5 1
  6 1
  7 1
  8 1
  9 1
  10 1
  11 1
  12 1
  13 1
  14 1
  15 1
  16 1
  17 1
  18 1
  19 1
  20 1
  21 1
  22 1
  23 1
  24 1
  25 1
  26 1
  27 1
  28 1
  29 1
  30 1
EOF
