VRPTEST 1.0
COMMENT: descr: Modified tsplib for the OBP
COMMENT: Best known objective: 663.52
COMMENT: Computational time (s): 0.120467
NAME: c76_d23d
NUM_CAPACITIES: 1
NUM_VISITS: 76
NUM_VEHICLES: 3
CAPACITIES: 6
DATA_SECTION
DEPOTS
  0
  1
VISIT_LOCATION_SECTION
  2 82
  3 126
  4 173
  5 177
  6 171
  7 184
  8 9
  9 206
  10 116
  11 36
  12 77
  13 53
  14 29
  15 201
  16 189
  17 104
  18 83
  19 35
  20 152
  21 74
  22 136
  23 51
  24 98
  25 110
  26 131
  27 40
  28 60
  29 166
  30 204
  31 78
  32 21
  33 61
  34 55
  35 182
  36 151
  37 153
  38 102
  39 198
  40 75
  41 169
  42 33
  43 183
  44 3
  45 159
  46 192
  47 28
  48 139
  49 59
  50 188
  51 147
  52 172
  53 97
  54 174
  55 127
  56 202
  57 65
  58 119
  59 106
  60 203
  61 190
  62 16
  63 135
  64 113
  65 52
  66 64
  67 19
  68 73
  69 175
  70 112
  71 22
  72 47
  73 165
  74 4
  75 67
  76 162
  77 148
COMMENT: TIMESTEP: 1
ORDERS_SECTION
  1 2 3 4 5
  2 6 7 8
  3 9
  4 10 11 12 13 14 15
  5 16 17
  6 18
  7 19 20 21 22
  8 23 24 25 26 27 28 29 30
  9 31 32 33 34
  10 35 36 37 38 39
  11 40 41 42 43 44 45 46 47
  12 48 49 50 51 52 53 54
  13 55 56 57
  14 58 59 60 61
  15 62 63 64 65 66
  16 67 68 69 70 71 72
  17 73 74 75 76 77
TIME_AVAIL_SECTION
  1 1
  2 1
  3 1
  4 1
  5 1
  6 1
  7 1
  8 1
  9 1
  10 1
  11 1
  12 1
  13 1
  14 1
  15 1
  16 1
  17 1
EOF
