VRPTEST 1.0
COMMENT: descr: Modified tsplib for the OBP
COMMENT: Best known objective: 529.0
COMMENT: Computational time (s): 0.043
NAME: c74_0866
NUM_DEPOTS: 2
NUM_CAPACITIES: 1
NUM_VISITS: 74
NUM_LOCATIONS: 76
NUM_VEHICLES: 3
CAPACITIES: 4
DATA_SECTION
DEPOTS
  0
  1
LOCATION_COORD_SECTION
  0 5 30
  1 5 50
  2 38 44
  3 42 40
  4 44 39
  5 50 26
  6 45 33
  7 44 43
  8 48 26
  9 39 45
  10 42 32
  11 35 29
  12 37 29
  13 43 35
  14 46 32
  15 45 23
  16 38 42
  17 37 30
  18 46 35
  19 48 27
  20 34 27
  21 36 36
  22 42 35
  23 38 41
  24 31 32
  25 27 26
  26 38 43
  27 46 51
  28 55 55
  29 44 57
  30 52 59
  31 69 67
  32 62 47
  33 59 67
  34 75 54
  35 68 71
  36 61 56
  37 74 60
  38 70 58
  39 57 45
  40 58 45
  41 47 73
  42 62 75
  43 52 66
  44 40 59
  45 47 71
  46 39 58
  47 42 9
  48 34 24
  49 39 9
  50 30 24
  51 38 17
  52 40 8
  53 36 14
  54 38 24
  55 31 12
  56 35 24
  57 43 8
  58 44 13
  59 38 16
  60 29 10
  61 44 10
  62 63 27
  63 64 30
  64 59 22
  65 55 43
  66 49 43
  67 63 18
  68 68 28
  69 73 33
  70 66 38
  71 57 31
  72 49 40
  73 51 14
  74 61 40
  75 47 43
VISIT_LOCATION_SECTION
  2 2
  3 3
  4 4
  5 5
  6 6
  7 7
  8 8
  9 9
  10 10
  11 11
  12 12
  13 13
  14 14
  15 15
  16 16
  17 17
  18 18
  19 19
  20 20
  21 21
  22 22
  23 23
  24 24
  25 25
  26 26
  27 27
  28 28
  29 29
  30 30
  31 31
  32 32
  33 33
  34 34
  35 35
  36 36
  37 37
  38 38
  39 39
  40 40
  41 41
  42 42
  43 43
  44 44
  45 45
  46 46
  47 47
  48 48
  49 49
  50 50
  51 51
  52 52
  53 53
  54 54
  55 55
  56 56
  57 57
  58 58
  59 59
  60 60
  61 61
  62 62
  63 63
  64 64
  65 65
  66 66
  67 67
  68 68
  69 69
  70 70
  71 71
  72 72
  73 73
  74 74
  75 75
COMMENT: TIMESTEP: 1
ORDERS_SECTION
  1 2 3 4 5 6 7 8 9
  2 10 11 12 13 14 15 16 17 18 19
  3 20 21 22 23 24 25 26
  4 27 28 29 30 31 32 33
  5 34 35 36 37 38 39 40 41 42 43 44
  6 45 46
  7 47 48 49 50 51 52 53
  8 54 55 56 57 58 59 60 61
  9 62 63 64 65 66 67 68 69
  10 70 71 72 73 74 75
TIME_AVAIL_SECTION
  1 1
  2 1
  3 1
  4 1
  5 1
  6 1
  7 1
  8 1
  9 1
  10 1
EOF
