VRPTEST 1.0
COMMENT: descr: Modified tsplib for the OBP
COMMENT: Best known objective: 752.0
COMMENT: Computational time (s): 0.139
NAME: c163_1981
NUM_DEPOTS: 2
NUM_CAPACITIES: 1
NUM_VISITS: 163
NUM_LOCATIONS: 213
NUM_VEHICLES: 4
CAPACITIES: 8
DATA_SECTION
DEPOTS
  0
  1
LOCATION_COORD_SECTION
  0 35 70
  1 50 70
  2 23 65
  3 24 67
  4 15 68
  5 20 47
  6 5 55
  7 14 56
  8 14 66
  9 17 61
  10 22 64
  11 15 62
  12 21 66
  13 20 59
  14 17 60
  15 17 68
  16 24 75
  17 21 70
  18 13 49
  19 25 46
  20 16 62
  21 15 52
  22 24 63
  23 19 57
  24 21 45
  25 25 56
  26 16 64
  27 18 70
  28 14 67
  29 25 53
  30 15 54
  31 20 49
  32 13 58
  33 20 65
  34 19 73
  35 6 54
  36 22 71
  37 23 74
  38 20 55
  39 19 59
  40 13 64
  41 19 51
  42 22 60
  43 17 57
  44 6 62
  45 18 61
  46 19 48
  47 15 69
  48 13 63
  49 77 29
  50 63 54
  51 58 32
  52 70 31
  53 59 44
  54 64 36
  55 74 33
  56 60 31
  57 63 60
  58 69 52
  59 71 32
  60 59 38
  61 59 46
  62 70 44
  63 59 42
  64 67 32
  65 59 39
  66 65 33
  67 63 51
  68 61 31
  69 76 42
  70 69 41
  71 59 66
  72 65 56
  73 65 50
  74 78 33
  75 58 45
  76 58 38
  77 69 32
  78 61 34
  79 64 55
  80 70 39
  81 64 49
  82 59 62
  83 70 37
  84 77 36
  85 69 55
  86 59 50
  87 66 31
  88 59 30
  89 76 25
  90 76 24
  91 67 8
  92 63 23
  93 71 15
  94 76 27
  95 76 9
  96 65 14
  97 77 25
  98 76 10
  99 58 13
  100 74 9
  101 63 15
  102 70 23
  103 71 5
  104 78 25
  105 70 8
  106 76 20
  107 75 21
  108 58 23
  109 77 18
  110 67 4
  111 70 10
  112 75 14
  113 75 28
  114 59 8
  115 67 3
  116 59 13
  117 74 6
  118 76 8
  119 75 15
  120 76 21
  121 77 16
  122 63 22
  123 77 21
  124 58 16
  125 63 18
  126 15 40
  127 20 23
  128 7 31
  129 20 24
  130 12 34
  131 19 39
  132 20 31
  133 25 24
  134 11 34
  135 16 35
  136 25 28
  137 20 34
  138 8 30
  139 15 32
  140 10 33
  141 15 25
  142 23 35
  143 21 43
  144 16 34
  145 20 36
  146 23 32
  147 22 32
  148 13 37
  149 14 39
  150 13 29
  151 20 26
  152 12 32
  153 13 24
  154 19 31
  155 21 41
  156 9 28
  157 20 21
  158 20 40
  159 19 19
  160 13 26
  161 22 31
  162 17 33
  163 24 33
  164 19 36
  165 10 10
  166 10 30
  167 12 30
  168 12 10
  169 16 10
  170 16 30
  171 18 30
  172 18 10
  173 22 10
  174 22 30
  175 24 30
  176 24 10
  177 10 36
  178 10 56
  179 12 56
  180 12 36
  181 16 36
  182 16 56
  183 18 56
  184 18 36
  185 22 36
  186 22 56
  187 24 56
  188 24 36
  189 60 10
  190 60 30
  191 62 30
  192 62 10
  193 66 10
  194 66 30
  195 68 30
  196 68 10
  197 72 10
  198 72 30
  199 74 30
  200 74 10
  201 60 36
  202 60 56
  203 62 56
  204 62 36
  205 66 36
  206 66 56
  207 68 56
  208 68 36
  209 72 36
  210 72 56
  211 74 56
  212 74 36
VISIT_LOCATION_SECTION
  2 2
  3 3
  4 4
  5 5
  6 6
  7 7
  8 8
  9 9
  10 10
  11 11
  12 12
  13 13
  14 14
  15 15
  16 16
  17 17
  18 18
  19 19
  20 20
  21 21
  22 22
  23 23
  24 24
  25 25
  26 26
  27 27
  28 28
  29 29
  30 30
  31 31
  32 32
  33 33
  34 34
  35 35
  36 36
  37 37
  38 38
  39 39
  40 40
  41 41
  42 42
  43 43
  44 44
  45 45
  46 46
  47 47
  48 48
  49 49
  50 50
  51 51
  52 52
  53 53
  54 54
  55 55
  56 56
  57 57
  58 58
  59 59
  60 60
  61 61
  62 62
  63 63
  64 64
  65 65
  66 66
  67 67
  68 68
  69 69
  70 70
  71 71
  72 72
  73 73
  74 74
  75 75
  76 76
  77 77
  78 78
  79 79
  80 80
  81 81
  82 82
  83 83
  84 84
  85 85
  86 86
  87 87
  88 88
  89 89
  90 90
  91 91
  92 92
  93 93
  94 94
  95 95
  96 96
  97 97
  98 98
  99 99
  100 100
  101 101
  102 102
  103 103
  104 104
  105 105
  106 106
  107 107
  108 108
  109 109
  110 110
  111 111
  112 112
  113 113
  114 114
  115 115
  116 116
  117 117
  118 118
  119 119
  120 120
  121 121
  122 122
  123 123
  124 124
  125 125
  126 126
  127 127
  128 128
  129 129
  130 130
  131 131
  132 132
  133 133
  134 134
  135 135
  136 136
  137 137
  138 138
  139 139
  140 140
  141 141
  142 142
  143 143
  144 144
  145 145
  146 146
  147 147
  148 148
  149 149
  150 150
  151 151
  152 152
  153 153
  154 154
  155 155
  156 156
  157 157
  158 158
  159 159
  160 160
  161 161
  162 162
  163 163
  164 164
COMMENT: TIMESTEP: 1
ORDERS_SECTION
  1 2 3 4 5 6 7 8
  2 9 10 11 12 13 14 15 16
  3 17 18 19 20 21 22 23 24
  4 25 26 27
  5 28 29 30 31 32 33
  6 34 35 36 37
  7 38 39 40 41 42 43
  8 44 45 46 47 48
  9 49 50 51 52 53 54 55
  10 56 57
  11 58 59 60 61 62 63 64
  12 65 66 67 68 69 70 71
  13 72 73 74
  14 75 76 77 78
  15 79 80 81
  16 82 83 84 85 86 87 88
  17 89 90 91 92 93
  18 94 95
  19 96 97 98 99 100 101 102
  20 103 104 105
  21 106 107 108 109 110
  22 111 112 113 114 115 116 117 118
  23 119 120 121 122 123 124 125
  24 126 127 128 129 130 131 132
  25 133 134 135 136 137
  26 138 139 140 141 142 143 144 145
  27 146 147 148 149
  28 150 151 152 153 154 155 156
  29 157 158 159 160
  30 161 162 163 164
TIME_AVAIL_SECTION
  1 1
  2 1
  3 1
  4 1
  5 1
  6 1
  7 1
  8 1
  9 1
  10 1
  11 1
  12 1
  13 1
  14 1
  15 1
  16 1
  17 1
  18 1
  19 1
  20 1
  21 1
  22 1
  23 1
  24 1
  25 1
  26 1
  27 1
  28 1
  29 1
  30 1
OBSTACLES
  1 165 166 167 168
  2 169 170 171 172
  3 173 174 175 176
  4 177 178 179 180
  5 181 182 183 184
  6 185 186 187 188
  7 189 190 191 192
  8 193 194 195 196
  9 197 198 199 200
  10 201 202 203 204
  11 205 206 207 208
  12 209 210 211 212
EOF
