VRPTEST 1.0
COMMENT: descr: Modified tsplib for the OBP
COMMENT: Best known objective: 1736.67
COMMENT: Computational time (s): 0.928306
NAME: c290_f8e7
NUM_CAPACITIES: 1
NUM_VISITS: 290
NUM_VEHICLES: 9
CAPACITIES: 4
DATA_SECTION
DEPOTS
  0
  1
VISIT_LOCATION_SECTION
  2 6
  3 246
  4 399
  5 274
  6 116
  7 182
  8 185
  9 13
  10 321
  11 165
  12 333
  13 212
  14 380
  15 406
  16 412
  17 145
  18 457
  19 369
  20 202
  21 330
  22 109
  23 89
  24 146
  25 451
  26 440
  27 387
  28 324
  29 227
  30 386
  31 296
  32 75
  33 259
  34 376
  35 389
  36 408
  37 86
  38 37
  39 213
  40 129
  41 238
  42 264
  43 414
  44 152
  45 335
  46 462
  47 368
  48 419
  49 174
  50 9
  51 340
  52 201
  53 299
  54 197
  55 297
  56 325
  57 320
  58 367
  59 413
  60 234
  61 151
  62 80
  63 359
  64 263
  65 218
  66 372
  67 405
  68 216
  69 344
  70 295
  71 221
  72 276
  73 304
  74 265
  75 26
  76 452
  77 33
  78 429
  79 82
  80 194
  81 101
  82 290
  83 128
  84 131
  85 348
  86 437
  87 322
  88 188
  89 474
  90 180
  91 65
  92 161
  93 384
  94 53
  95 396
  96 100
  97 433
  98 289
  99 379
  100 30
  101 337
  102 122
  103 207
  104 67
  105 418
  106 142
  107 115
  108 280
  109 360
  110 220
  111 446
  112 270
  113 237
  114 102
  115 81
  116 124
  117 350
  118 331
  119 48
  120 104
  121 130
  122 222
  123 326
  124 63
  125 190
  126 394
  127 49
  128 232
  129 196
  130 215
  131 272
  132 388
  133 257
  134 382
  135 445
  136 83
  137 12
  138 94
  139 431
  140 78
  141 158
  142 20
  143 258
  144 121
  145 25
  146 260
  147 355
  148 398
  149 450
  150 105
  151 361
  152 59
  153 472
  154 34
  155 15
  156 239
  157 308
  158 454
  159 96
  160 126
  161 357
  162 271
  163 162
  164 179
  165 345
  166 39
  167 85
  168 281
  169 74
  170 243
  171 206
  172 47
  173 98
  174 465
  175 181
  176 114
  177 424
  178 8
  179 44
  180 22
  181 224
  182 316
  183 300
  184 356
  185 249
  186 279
  187 27
  188 99
  189 228
  190 19
  191 92
  192 328
  193 229
  194 336
  195 133
  196 32
  197 313
  198 171
  199 223
  200 293
  201 463
  202 347
  203 200
  204 278
  205 24
  206 77
  207 7
  208 175
  209 305
  210 375
  211 268
  212 123
  213 147
  214 40
  215 79
  216 370
  217 10
  218 420
  219 45
  220 112
  221 106
  222 247
  223 155
  224 18
  225 266
  226 327
  227 42
  228 110
  229 366
  230 468
  231 477
  232 306
  233 349
  234 43
  235 134
  236 442
  237 332
  238 95
  239 120
  240 50
  241 318
  242 119
  243 46
  244 36
  245 183
  246 184
  247 70
  248 464
  249 51
  250 72
  251 140
  252 292
  253 255
  254 315
  255 458
  256 117
  257 71
  258 342
  259 251
  260 422
  261 470
  262 334
  263 319
  264 61
  265 242
  266 35
  267 167
  268 137
  269 245
  270 189
  271 456
  272 76
  273 441
  274 138
  275 14
  276 169
  277 377
  278 421
  279 141
  280 195
  281 250
  282 125
  283 302
  284 351
  285 54
  286 261
  287 256
  288 60
  289 87
  290 432
  291 90
COMMENT: TIMESTEP: 1
ORDERS_SECTION
  1 2 3 4 5 6
  2 7 8 9 10 11
  3 12 13 14 15 16 17 18 19 20 21 22
  4 23 24 25 26 27 28 29 30 31 32
  5 33 34 35 36
  6 37 38 39 40 41 42 43 44 45 46 47 48 49 50
  7 51 52 53 54 55 56 57 58
  8 59 60 61 62 63 64 65
  9 66 67 68 69 70 71 72 73 74
  10 75 76 77 78 79 80 81 82 83 84 85
  11 86 87 88 89 90 91 92 93 94 95 96 97 98 99
  12 100 101 102 103 104 105
  13 106 107 108 109 110 111 112 113 114 115 116
  14 117 118 119 120 121 122 123 124 125 126 127 128
  15 129 130 131 132 133 134 135 136 137 138 139 140 141
  16 142 143 144 145 146 147 148 149 150
  17 151 152 153 154 155 156 157 158 159 160 161 162 163 164 165
  18 166 167 168 169 170 171 172 173 174 175
  19 176 177 178 179 180
  20 181 182 183 184 185 186 187 188
  21 189 190 191 192 193 194 195
  22 196 197 198 199 200 201 202 203 204
  23 205 206 207 208 209 210 211
  24 212 213 214
  25 215 216 217 218 219 220 221 222 223 224 225
  26 226 227 228 229
  27 230 231 232 233 234 235
  28 236 237 238 239 240 241 242 243 244 245
  29 246 247
  30 248 249 250 251 252
  31 253 254 255 256 257 258 259 260 261 262 263 264 265 266 267
  32 268 269 270 271 272 273 274 275 276 277 278 279
  33 280 281 282 283 284 285 286 287 288 289 290 291
TIME_AVAIL_SECTION
  1 1
  2 1
  3 1
  4 1
  5 1
  6 1
  7 1
  8 1
  9 1
  10 1
  11 1
  12 1
  13 1
  14 1
  15 1
  16 1
  17 1
  18 1
  19 1
  20 1
  21 1
  22 1
  23 1
  24 1
  25 1
  26 1
  27 1
  28 1
  29 1
  30 1
  31 1
  32 1
  33 1
EOF
