VRPTEST 1.0
COMMENT: descr: Modified tsplib for the OBP
COMMENT: Best known objective: 1771.871
COMMENT: Computational time (s): 0.850894
NAME: c170_8f37
NUM_CAPACITIES: 1
NUM_VISITS: 170
NUM_VEHICLES: 10
CAPACITIES: 4
DATA_SECTION
DEPOTS
  0
  1
VISIT_LOCATION_SECTION
  2 101
  3 293
  4 270
  5 114
  6 393
  7 245
  8 379
  9 361
  10 53
  11 232
  12 179
  13 257
  14 117
  15 21
  16 367
  17 458
  18 470
  19 217
  20 318
  21 197
  22 254
  23 356
  24 182
  25 63
  26 376
  27 300
  28 351
  29 229
  30 196
  31 292
  32 213
  33 243
  34 429
  35 10
  36 450
  37 84
  38 80
  39 94
  40 237
  41 18
  42 151
  43 70
  44 239
  45 456
  46 74
  47 337
  48 238
  49 420
  50 473
  51 14
  52 7
  53 76
  54 96
  55 441
  56 168
  57 268
  58 180
  59 321
  60 289
  61 419
  62 30
  63 206
  64 12
  65 349
  66 6
  67 340
  68 251
  69 446
  70 142
  71 121
  72 93
  73 452
  74 41
  75 384
  76 184
  77 234
  78 165
  79 437
  80 218
  81 190
  82 104
  83 414
  84 140
  85 86
  86 304
  87 131
  88 262
  89 394
  90 77
  91 396
  92 408
  93 100
  94 48
  95 249
  96 413
  97 259
  98 92
  99 81
  100 89
  101 105
  102 442
  103 15
  104 322
  105 87
  106 302
  107 412
  108 3
  109 324
  110 255
  111 118
  112 22
  113 42
  114 427
  115 59
  116 130
  117 99
  118 359
  119 454
  120 279
  121 133
  122 173
  123 127
  124 82
  125 355
  126 253
  127 370
  128 161
  129 34
  130 137
  131 126
  132 298
  133 141
  134 263
  135 65
  136 366
  137 333
  138 445
  139 403
  140 475
  141 200
  142 20
  143 46
  144 399
  145 389
  146 305
  147 222
  148 49
  149 192
  150 336
  151 125
  152 174
  153 276
  154 438
  155 181
  156 144
  157 274
  158 387
  159 247
  160 397
  161 423
  162 201
  163 421
  164 212
  165 344
  166 40
  167 424
  168 357
  169 375
  170 27
  171 405
COMMENT: TIMESTEP: 1
ORDERS_SECTION
  1 2 3 4 5 6
  2 7 8 9 10 11 12
  3 13
  4 14 15 16 17 18 19 20 21 22
  5 23 24 25 26 27
  6 28 29 30 31 32 33
  7 34 35 36 37
  8 38
  9 39
  10 40 41
  11 42 43 44 45
  12 46 47 48
  13 49 50
  14 51 52 53 54 55 56 57 58 59 60
  15 61 62 63 64 65
  16 66 67 68 69 70 71 72 73 74
  17 75 76 77 78 79 80 81 82
  18 83 84 85 86
  19 87 88
  20 89 90 91 92 93 94 95 96 97
  21 98
  22 99 100 101 102
  23 103 104
  24 105 106 107 108
  25 109 110 111 112
  26 113 114 115 116 117 118 119 120
  27 121
  28 122 123 124 125 126 127
  29 128 129 130 131 132 133 134 135 136
  30 137 138
  31 139 140 141 142 143 144
  32 145 146 147 148
  33 149 150 151 152 153 154 155
  34 156 157 158 159 160 161 162
  35 163
  36 164 165 166
  37 167
  38 168 169 170
  39 171
TIME_AVAIL_SECTION
  1 1
  2 1
  3 1
  4 1
  5 1
  6 1
  7 1
  8 1
  9 1
  10 1
  11 1
  12 1
  13 1
  14 1
  15 1
  16 1
  17 1
  18 1
  19 1
  20 1
  21 1
  22 1
  23 1
  24 1
  25 1
  26 1
  27 1
  28 1
  29 1
  30 1
  31 1
  32 1
  33 1
  34 1
  35 1
  36 1
  37 1
  38 1
  39 1
EOF
