VRPTEST 1.0
COMMENT: descr: Modified tsplib for the OBP
COMMENT: Best known objective: 740.0
COMMENT: Computational time (s): 0.035
NAME: c60_200b
NUM_DEPOTS: 2
NUM_CAPACITIES: 1
NUM_VISITS: 60
NUM_LOCATIONS: 144
NUM_VEHICLES: 4
CAPACITIES: 5
DATA_SECTION
DEPOTS
  0
  1
LOCATION_COORD_SECTION
  0 32 5
  1 45 5
  2 69 16
  3 67 16
  4 55 24
  5 63 12
  6 51 16
  7 73 44
  8 73 20
  9 9 48
  10 67 56
  11 61 24
  12 63 20
  13 61 16
  14 69 24
  15 73 16
  16 55 16
  17 69 12
  18 61 44
  19 73 52
  20 61 48
  21 63 40
  22 69 52
  23 55 48
  24 61 52
  25 67 52
  26 63 44
  27 63 52
  28 51 52
  29 67 40
  30 55 56
  31 57 52
  32 67 48
  33 43 16
  34 33 16
  35 45 12
  36 37 20
  37 25 12
  38 45 20
  39 33 20
  40 37 24
  41 39 16
  42 25 16
  43 33 12
  44 49 16
  45 31 48
  46 19 52
  47 31 52
  48 27 56
  49 27 52
  50 25 44
  51 25 56
  52 13 52
  53 69 44
  54 33 52
  55 15 52
  56 10 10
  57 10 30
  58 12 30
  59 12 10
  60 16 10
  61 16 30
  62 18 30
  63 18 10
  64 22 10
  65 22 30
  66 24 30
  67 24 10
  68 28 10
  69 28 30
  70 30 30
  71 30 10
  72 34 10
  73 34 30
  74 36 30
  75 36 10
  76 40 10
  77 40 30
  78 42 30
  79 42 10
  80 46 10
  81 46 30
  82 48 30
  83 48 10
  84 52 10
  85 52 30
  86 54 30
  87 54 10
  88 58 10
  89 58 30
  90 60 30
  91 60 10
  92 64 10
  93 64 30
  94 66 30
  95 66 10
  96 70 10
  97 70 30
  98 72 30
  99 72 10
  100 10 40
  101 10 60
  102 12 60
  103 12 40
  104 16 40
  105 16 60
  106 18 60
  107 18 40
  108 22 40
  109 22 60
  110 24 60
  111 24 40
  112 28 40
  113 28 60
  114 30 60
  115 30 40
  116 34 40
  117 34 60
  118 36 60
  119 36 40
  120 40 40
  121 40 60
  122 42 60
  123 42 40
  124 46 40
  125 46 60
  126 48 60
  127 48 40
  128 52 40
  129 52 60
  130 54 60
  131 54 40
  132 58 40
  133 58 60
  134 60 60
  135 60 40
  136 64 40
  137 64 60
  138 66 60
  139 66 40
  140 70 40
  141 70 60
  142 72 60
  143 72 40
VISIT_LOCATION_SECTION
  2 2
  3 3
  4 4
  5 5
  6 6
  7 7
  8 8
  9 9
  10 10
  11 11
  12 12
  13 13
  14 14
  15 15
  16 16
  17 17
  18 18
  19 19
  20 20
  21 21
  22 22
  23 23
  24 24
  25 25
  26 26
  27 27
  28 28
  29 29
  30 30
  31 31
  32 32
  33 33
  34 34
  35 35
  36 36
  37 37
  38 38
  39 39
  40 40
  41 41
  42 42
  43 43
  44 44
  45 45
  46 46
  47 47
  48 48
  49 49
  50 50
  51 51
  52 52
  53 53
  54 54
  55 55
COMMENT: TIMESTEP: 1
ORDERS_SECTION
  1 2 3 4 5 6
  2 7 8 24 43
  3 9 10 11
  4 12 13 14 15
  5 16 17 18 19 20 54
  6 21 22
  7 23 24 25 26 27
  8 28 29 30
  9 31 32 33
  10 34 35 36
  11 37 38 39 40
  12 41 42 43 51
  13 44 45 46
  14 47 48 49 50 51 7 53
  15 52 53 54 55
TIME_AVAIL_SECTION
  1 1
  2 1
  3 1
  4 1
  5 1
  6 1
  7 1
  8 1
  9 1
  10 1
  11 1
  12 1
  13 1
  14 1
  15 1
OBSTACLES
  1 56 57 58 59
  2 60 61 62 63
  3 64 65 66 67
  4 68 69 70 71
  5 72 73 74 75
  6 76 77 78 79
  7 80 81 82 83
  8 84 85 86 87
  9 88 89 90 91
  10 92 93 94 95
  11 96 97 98 99
  12 100 101 102 103
  13 104 105 106 107
  14 108 109 110 111
  15 112 113 114 115
  16 116 117 118 119
  17 120 121 122 123
  18 124 125 126 127
  19 128 129 130 131
  20 132 133 134 135
  21 136 137 138 139
  22 140 141 142 143
EOF
