VRPTEST 1.0
COMMENT: descr: Modified tsplib for the OBP
COMMENT: Best known objective: 1094.0
COMMENT: Computational time (s): 0.099
NAME: c102_1afa
NUM_DEPOTS: 2
NUM_CAPACITIES: 1
NUM_VISITS: 102
NUM_LOCATIONS: 192
NUM_VEHICLES: 4
CAPACITIES: 8
DATA_SECTION
DEPOTS
  0
  1
LOCATION_COORD_SECTION
  0 5 30
  1 5 15
  2 56 51
  3 60 45
  4 60 57
  5 60 69
  6 44 57
  7 68 51
  8 52 67
  9 56 57
  10 52 49
  11 68 57
  12 48 55
  13 48 57
  14 52 69
  15 64 45
  16 52 51
  17 56 69
  18 60 55
  19 64 43
  20 60 61
  21 56 61
  22 52 45
  23 44 45
  24 60 49
  25 48 67
  26 64 49
  27 56 43
  28 68 55
  29 68 43
  30 44 63
  31 12 55
  32 24 51
  33 32 57
  34 8 61
  35 24 61
  36 20 63
  37 16 51
  38 20 57
  39 20 73
  40 20 51
  41 8 63
  42 16 69
  43 12 51
  44 16 55
  45 24 69
  46 24 55
  47 12 61
  48 24 73
  49 28 61
  50 12 67
  51 32 67
  52 32 69
  53 20 61
  54 24 57
  55 16 61
  56 28 69
  57 8 51
  58 20 67
  59 8 55
  60 62 28
  61 60 28
  62 54 24
  63 48 39
  64 36 28
  65 56 39
  66 38 24
  67 44 39
  68 52 39
  69 42 20
  70 56 20
  71 62 24
  72 54 12
  73 56 16
  74 40 39
  75 60 20
  76 60 39
  77 48 20
  78 66 28
  79 50 12
  80 44 28
  81 48 43
  82 68 39
  83 44 43
  84 16 49
  85 32 28
  86 24 45
  87 24 43
  88 8 45
  89 20 43
  90 28 45
  91 28 39
  92 20 45
  93 16 39
  94 26 28
  95 8 49
  96 12 43
  97 16 45
  98 24 39
  99 28 49
  100 30 28
  101 28 43
  102 24 49
  103 12 49
  104 15 10
  105 15 30
  106 17 30
  107 17 10
  108 21 10
  109 21 30
  110 23 30
  111 23 10
  112 27 10
  113 27 30
  114 29 30
  115 29 10
  116 33 10
  117 33 30
  118 35 30
  119 35 10
  120 39 10
  121 39 30
  122 41 30
  123 41 10
  124 45 10
  125 45 30
  126 47 30
  127 47 10
  128 51 10
  129 51 30
  130 53 30
  131 53 10
  132 57 10
  133 57 30
  134 59 30
  135 59 10
  136 63 10
  137 63 30
  138 65 30
  139 65 10
  140 69 10
  141 69 30
  142 71 30
  143 71 10
  144 5 40
  145 5 42
  146 30 42
  147 30 40
  148 5 46
  149 5 48
  150 31 48
  151 31 46
  152 5 52
  153 5 54
  154 32 54
  155 32 52
  156 5 58
  157 5 60
  158 33 60
  159 33 58
  160 5 64
  161 5 66
  162 34 66
  163 34 64
  164 5 70
  165 5 72
  166 35 72
  167 35 70
  168 40 40
  169 40 42
  170 75 42
  171 75 40
  172 41 46
  173 41 48
  174 75 48
  175 75 46
  176 42 52
  177 42 54
  178 75 54
  179 75 52
  180 43 58
  181 43 60
  182 75 60
  183 75 58
  184 44 64
  185 44 66
  186 75 66
  187 75 64
  188 45 70
  189 45 72
  190 75 72
  191 75 70
VISIT_LOCATION_SECTION
  2 2
  3 3
  4 4
  5 5
  6 6
  7 7
  8 8
  9 9
  10 10
  11 11
  12 12
  13 13
  14 14
  15 15
  16 16
  17 17
  18 18
  19 19
  20 20
  21 21
  22 22
  23 23
  24 24
  25 25
  26 26
  27 27
  28 28
  29 29
  30 30
  31 31
  32 32
  33 33
  34 34
  35 35
  36 36
  37 37
  38 38
  39 39
  40 40
  41 41
  42 42
  43 43
  44 44
  45 45
  46 46
  47 47
  48 48
  49 49
  50 50
  51 51
  52 52
  53 53
  54 54
  55 55
  56 56
  57 57
  58 58
  59 59
  60 60
  61 61
  62 62
  63 63
  64 64
  65 65
  66 66
  67 67
  68 68
  69 69
  70 70
  71 71
  72 72
  73 73
  74 74
  75 75
  76 76
  77 77
  78 78
  79 79
  80 80
  81 81
  82 82
  83 83
  84 84
  85 85
  86 86
  87 87
  88 88
  89 89
  90 90
  91 91
  92 92
  93 93
  94 94
  95 95
  96 96
  97 97
  98 98
  99 99
  100 100
  101 101
  102 102
  103 103
COMMENT: TIMESTEP: 1
ORDERS_SECTION
  1 2 3 4 5 6
  2 7 8 9 10
  3 11 12 13
  4 14 15 16 17 18
  5 19 20 21 22
  6 23 24
  7 25 26
  8 27 28 29 30
  9 31 32 33
  10 34 35
  11 36 37 38 39
  12 40 41 42 43
  13 44 45 46 47
  14 48 49 50 51
  15 52 53 54
  16 55 56 57 58 59
  17 60 61 62 63 64
  18 65 66 67 68
  19 69 70 71 72
  20 73 74
  21 75 76 77
  22 78 79
  23 80 81 82 83
  24 84 85
  25 86 87
  26 88 89 90
  27 91 92 93 94
  28 95 96 97
  29 98 99
  30 100 101 102 103
TIME_AVAIL_SECTION
  1 1
  2 1
  3 1
  4 1
  5 1
  6 1
  7 1
  8 1
  9 1
  10 1
  11 1
  12 1
  13 1
  14 1
  15 1
  16 1
  17 1
  18 1
  19 1
  20 1
  21 1
  22 1
  23 1
  24 1
  25 1
  26 1
  27 1
  28 1
  29 1
  30 1
OBSTACLES
  1 104 105 106 107
  2 108 109 110 111
  3 112 113 114 115
  4 116 117 118 119
  5 120 121 122 123
  6 124 125 126 127
  7 128 129 130 131
  8 132 133 134 135
  9 136 137 138 139
  10 140 141 142 143
  11 144 145 146 147
  12 148 149 150 151
  13 152 153 154 155
  14 156 157 158 159
  15 160 161 162 163
  16 164 165 166 167
  17 168 169 170 171
  18 172 173 174 175
  19 176 177 178 179
  20 180 181 182 183
  21 184 185 186 187
  22 188 189 190 191
EOF
