VRPTEST 1.0
COMMENT: descr: Modified tsplib for the OBP
COMMENT: Best known objective: 1235.0
COMMENT: Computational time (s): 0.094
NAME: c134_227e
NUM_DEPOTS: 2
NUM_CAPACITIES: 1
NUM_VISITS: 134
NUM_LOCATIONS: 184
NUM_VEHICLES: 8
CAPACITIES: 4
DATA_SECTION
DEPOTS
  0
  1
LOCATION_COORD_SECTION
  0 35 70
  1 50 70
  2 15 54
  3 13 51
  4 20 59
  5 7 45
  6 15 62
  7 14 66
  8 17 61
  9 13 49
  10 5 55
  11 5 54
  12 24 63
  13 7 57
  14 24 67
  15 23 74
  16 20 47
  17 25 76
  18 20 49
  19 7 53
  20 22 71
  21 24 75
  22 16 64
  23 15 52
  24 20 55
  25 13 63
  26 19 48
  27 25 46
  28 21 45
  29 13 44
  30 20 46
  31 14 67
  32 14 50
  33 21 67
  34 14 46
  35 23 62
  36 25 56
  37 22 60
  38 3 53
  39 13 58
  40 13 64
  41 76 42
  42 75 33
  43 58 38
  44 69 32
  45 61 34
  46 59 27
  47 63 51
  48 77 34
  49 74 31
  50 59 42
  51 59 30
  52 76 44
  53 64 56
  54 66 33
  55 75 41
  56 65 50
  57 70 47
  58 63 23
  59 58 63
  60 66 31
  61 70 39
  62 64 32
  63 58 16
  64 65 30
  65 70 31
  66 64 36
  67 60 31
  68 65 32
  69 71 32
  70 21 17
  71 6 18
  72 25 24
  73 21 4
  74 23 3
  75 19 9
  76 15 25
  77 20 24
  78 20 21
  79 13 21
  80 4 20
  81 17 9
  82 19 19
  83 3 24
  84 18 8
  85 13 26
  86 21 20
  87 19 14
  88 9 17
  89 6 20
  90 15 11
  91 6 23
  92 19 6
  93 13 15
  94 13 24
  95 3 21
  96 5 27
  97 16 9
  98 8 22
  99 20 7
  100 20 26
  101 5 31
  102 3 34
  103 17 33
  104 22 31
  105 16 35
  106 13 37
  107 11 34
  108 4 32
  109 12 34
  110 7 31
  111 5 30
  112 24 33
  113 6 28
  114 15 43
  115 20 34
  116 15 40
  117 8 30
  118 4 36
  119 16 34
  120 16 33
  121 20 40
  122 20 31
  123 20 36
  124 12 32
  125 10 33
  126 15 32
  127 23 32
  128 4 41
  129 5 37
  130 14 42
  131 5 43
  132 9 35
  133 25 28
  134 5 39
  135 7 43
  136 10 10
  137 10 30
  138 12 30
  139 12 10
  140 16 10
  141 16 30
  142 18 30
  143 18 10
  144 22 10
  145 22 30
  146 24 30
  147 24 10
  148 10 36
  149 10 56
  150 12 56
  151 12 36
  152 16 36
  153 16 56
  154 18 56
  155 18 36
  156 22 36
  157 22 56
  158 24 56
  159 24 36
  160 60 10
  161 60 30
  162 62 30
  163 62 10
  164 66 10
  165 66 30
  166 68 30
  167 68 10
  168 72 10
  169 72 30
  170 74 30
  171 74 10
  172 60 36
  173 60 56
  174 62 56
  175 62 36
  176 66 36
  177 66 56
  178 68 56
  179 68 36
  180 72 36
  181 72 56
  182 74 56
  183 74 36
VISIT_LOCATION_SECTION
  2 2
  3 3
  4 4
  5 5
  6 6
  7 7
  8 8
  9 9
  10 10
  11 11
  12 12
  13 13
  14 14
  15 15
  16 16
  17 17
  18 18
  19 19
  20 20
  21 21
  22 22
  23 23
  24 24
  25 25
  26 26
  27 27
  28 28
  29 29
  30 30
  31 31
  32 32
  33 33
  34 34
  35 35
  36 36
  37 37
  38 38
  39 39
  40 40
  41 41
  42 42
  43 43
  44 44
  45 45
  46 46
  47 47
  48 48
  49 49
  50 50
  51 51
  52 52
  53 53
  54 54
  55 55
  56 56
  57 57
  58 58
  59 59
  60 60
  61 61
  62 62
  63 63
  64 64
  65 65
  66 66
  67 67
  68 68
  69 69
  70 70
  71 71
  72 72
  73 73
  74 74
  75 75
  76 76
  77 77
  78 78
  79 79
  80 80
  81 81
  82 82
  83 83
  84 84
  85 85
  86 86
  87 87
  88 88
  89 89
  90 90
  91 91
  92 92
  93 93
  94 94
  95 95
  96 96
  97 97
  98 98
  99 99
  100 100
  101 101
  102 102
  103 103
  104 104
  105 105
  106 106
  107 107
  108 108
  109 109
  110 110
  111 111
  112 112
  113 113
  114 114
  115 115
  116 116
  117 117
  118 118
  119 119
  120 120
  121 121
  122 122
  123 123
  124 124
  125 125
  126 126
  127 127
  128 128
  129 129
  130 130
  131 131
  132 132
  133 133
  134 134
  135 135
COMMENT: TIMESTEP: 1
ORDERS_SECTION
  1 2 3 4 5 6 7
  2 8 9 10 11 12
  3 13 14 15 16 17 18
  4 19 20 21 22 23 24
  5 25 26 27
  6 28 29 30 31
  7 32 33 34
  8 35 36 37 38 39 40
  9 41 42
  10 43 44 45 46
  11 47 48 49 50 51 52
  12 53 54 55 56
  13 57 58 59
  14 60 61
  15 62 63 64 65
  16 66 67 68 69
  17 70 71
  18 72 73 74 75 76
  19 77 78 79 80 81
  20 82 83 84 85
  21 86 87 88 89
  22 90 91 92 93 94
  23 95 96 97 98 99 100
  24 101 102 103
  25 104 105 106 107 108 109
  26 110 111 112
  27 113 114 115 116 117 118
  28 119 120 121 122 123 124
  29 125 126 127 128 129
  30 130 131 132 133 134 135
TIME_AVAIL_SECTION
  1 1
  2 1
  3 1
  4 1
  5 1
  6 1
  7 1
  8 1
  9 1
  10 1
  11 1
  12 1
  13 1
  14 1
  15 1
  16 1
  17 1
  18 1
  19 1
  20 1
  21 1
  22 1
  23 1
  24 1
  25 1
  26 1
  27 1
  28 1
  29 1
  30 1
OBSTACLES
  1 136 137 138 139
  2 140 141 142 143
  3 144 145 146 147
  4 148 149 150 151
  5 152 153 154 155
  6 156 157 158 159
  7 160 161 162 163
  8 164 165 166 167
  9 168 169 170 171
  10 172 173 174 175
  11 176 177 178 179
  12 180 181 182 183
EOF
