VRPTEST 1.0
COMMENT: descr: Modified tsplib for the OBP
COMMENT: Best known objective: 1070.875
COMMENT: Computational time (s): 0.235267
NAME: c115_2ada
NUM_CAPACITIES: 1
NUM_VISITS: 115
NUM_VEHICLES: 5
CAPACITIES: 4
DATA_SECTION
DEPOTS
  0
  1
VISIT_LOCATION_SECTION
  2 50
  3 446
  4 128
  5 203
  6 260
  7 423
  8 385
  9 350
  10 268
  11 206
  12 333
  13 336
  14 243
  15 78
  16 418
  17 45
  18 386
  19 112
  20 31
  21 298
  22 437
  23 100
  24 289
  25 263
  26 308
  27 438
  28 196
  29 92
  30 352
  31 424
  32 313
  33 124
  34 398
  35 217
  36 320
  37 309
  38 167
  39 427
  40 77
  41 331
  42 130
  43 234
  44 185
  45 245
  46 9
  47 351
  48 344
  49 72
  50 195
  51 414
  52 118
  53 144
  54 318
  55 442
  56 135
  57 162
  58 34
  59 48
  60 359
  61 305
  62 76
  63 161
  64 65
  65 86
  66 192
  67 405
  68 140
  69 215
  70 280
  71 434
  72 422
  73 472
  74 377
  75 141
  76 168
  77 356
  78 70
  79 99
  80 454
  81 133
  82 265
  83 412
  84 276
  85 174
  86 67
  87 129
  88 444
  89 328
  90 194
  91 425
  92 101
  93 32
  94 375
  95 110
  96 366
  97 249
  98 189
  99 188
  100 180
  101 24
  102 229
  103 295
  104 94
  105 85
  106 465
  107 261
  108 41
  109 71
  110 106
  111 171
  112 102
  113 220
  114 334
  115 452
  116 197
COMMENT: TIMESTEP: 1
ORDERS_SECTION
  1 2 3 4 5 6 7 8
  2 9 10
  3 11 12 13 14 15 16
  4 17 18 19 20
  5 21 22 23 24 25 26
  6 27 28 29
  7 30 31 32 33 34 35 36 37 38
  8 39 40 41 42 43 44 45
  9 46 47 48 49 50 51
  10 52 53 54 55 56
  11 57 58 59 60 61 62 63 64
  12 65 66 67 68 69
  13 70 71 72
  14 73 74 75 76 77 78 79 80
  15 81 82 83 84 85 86 87 88 89
  16 90 91 92 93
  17 94 95 96 97 98 99 100 101
  18 102 103 104 105 106 107
  19 108 109 110 111 112 113 114 115 116
TIME_AVAIL_SECTION
  1 1
  2 1
  3 1
  4 1
  5 1
  6 1
  7 1
  8 1
  9 1
  10 1
  11 1
  12 1
  13 1
  14 1
  15 1
  16 1
  17 1
  18 1
  19 1
EOF
