VRPTEST 1.0
COMMENT: descr: Modified tsplib for the OBP
COMMENT: Best known objective: 844.0
COMMENT: Computational time (s): 0.095
NAME: c103_07d0
NUM_DEPOTS: 2
NUM_CAPACITIES: 1
NUM_VISITS: 103
NUM_LOCATIONS: 193
NUM_VEHICLES: 4
CAPACITIES: 8
DATA_SECTION
DEPOTS
  0
  1
LOCATION_COORD_SECTION
  0 5 30
  1 5 15
  2 32 63
  3 28 61
  4 16 49
  5 32 69
  6 24 43
  7 24 49
  8 44 55
  9 12 43
  10 28 39
  11 16 43
  12 20 45
  13 24 45
  14 32 57
  15 28 55
  16 32 67
  17 32 61
  18 20 49
  19 44 57
  20 28 51
  21 20 55
  22 20 57
  23 24 61
  24 28 57
  25 24 39
  26 28 43
  27 44 51
  28 20 43
  29 28 45
  30 20 51
  31 16 51
  32 30 16
  33 32 24
  34 48 24
  35 36 12
  36 44 28
  37 44 16
  38 32 28
  39 42 20
  40 50 24
  41 42 24
  42 36 28
  43 48 16
  44 38 12
  45 36 24
  46 56 24
  47 54 20
  48 44 12
  49 38 20
  50 48 12
  51 50 20
  52 36 16
  53 36 20
  54 42 16
  55 38 24
  56 42 12
  57 50 16
  58 30 24
  59 44 24
  60 18 28
  61 26 16
  62 26 28
  63 24 16
  64 24 20
  65 14 12
  66 20 20
  67 20 28
  68 24 12
  69 16 39
  70 18 24
  71 26 12
  72 24 28
  73 12 39
  74 14 24
  75 18 12
  76 20 24
  77 14 28
  78 8 39
  79 26 20
  80 48 55
  81 48 43
  82 48 51
  83 40 39
  84 62 28
  85 48 39
  86 56 28
  87 64 39
  88 52 45
  89 52 39
  90 54 28
  91 44 43
  92 48 49
  93 60 43
  94 48 28
  95 52 43
  96 48 45
  97 60 39
  98 52 51
  99 60 28
  100 50 28
  101 56 45
  102 56 43
  103 52 49
  104 44 39
  105 15 10
  106 15 30
  107 17 30
  108 17 10
  109 21 10
  110 21 30
  111 23 30
  112 23 10
  113 27 10
  114 27 30
  115 29 30
  116 29 10
  117 33 10
  118 33 30
  119 35 30
  120 35 10
  121 39 10
  122 39 30
  123 41 30
  124 41 10
  125 45 10
  126 45 30
  127 47 30
  128 47 10
  129 51 10
  130 51 30
  131 53 30
  132 53 10
  133 57 10
  134 57 30
  135 59 30
  136 59 10
  137 63 10
  138 63 30
  139 65 30
  140 65 10
  141 69 10
  142 69 30
  143 71 30
  144 71 10
  145 5 40
  146 5 42
  147 30 42
  148 30 40
  149 5 46
  150 5 48
  151 31 48
  152 31 46
  153 5 52
  154 5 54
  155 32 54
  156 32 52
  157 5 58
  158 5 60
  159 33 60
  160 33 58
  161 5 64
  162 5 66
  163 34 66
  164 34 64
  165 5 70
  166 5 72
  167 35 72
  168 35 70
  169 40 40
  170 40 42
  171 75 42
  172 75 40
  173 41 46
  174 41 48
  175 75 48
  176 75 46
  177 42 52
  178 42 54
  179 75 54
  180 75 52
  181 43 58
  182 43 60
  183 75 60
  184 75 58
  185 44 64
  186 44 66
  187 75 66
  188 75 64
  189 45 70
  190 45 72
  191 75 72
  192 75 70
VISIT_LOCATION_SECTION
  2 2
  3 3
  4 4
  5 5
  6 6
  7 7
  8 8
  9 9
  10 10
  11 11
  12 12
  13 13
  14 14
  15 15
  16 16
  17 17
  18 18
  19 19
  20 20
  21 21
  22 22
  23 23
  24 24
  25 25
  26 26
  27 27
  28 28
  29 29
  30 30
  31 31
  32 32
  33 33
  34 34
  35 35
  36 36
  37 37
  38 38
  39 39
  40 40
  41 41
  42 42
  43 43
  44 44
  45 45
  46 46
  47 47
  48 48
  49 49
  50 50
  51 51
  52 52
  53 53
  54 54
  55 55
  56 56
  57 57
  58 58
  59 59
  60 60
  61 61
  62 62
  63 63
  64 64
  65 65
  66 66
  67 67
  68 68
  69 69
  70 70
  71 71
  72 72
  73 73
  74 74
  75 75
  76 76
  77 77
  78 78
  79 79
  80 80
  81 81
  82 82
  83 83
  84 84
  85 85
  86 86
  87 87
  88 88
  89 89
  90 90
  91 91
  92 92
  93 93
  94 94
  95 95
  96 96
  97 97
  98 98
  99 99
  100 100
  101 101
  102 102
  103 103
  104 104
COMMENT: TIMESTEP: 1
ORDERS_SECTION
  1 2 3 4 5 6
  2 7 8
  3 9 10 11 12 13
  4 14 15 16 17
  5 18 19 20
  6 21 22 23
  7 24 25 26 27 28
  8 29 30 31
  9 32 33 34
  10 35 36 37 38
  11 39 40 41 42
  12 43 44 45 46 47
  13 48 49
  14 50 51 52
  15 53 54
  16 55 56 57 58 59
  17 60 61 62
  18 63 64
  19 65 66
  20 67 68 69
  21 70 71 72 73 74
  22 75 76
  23 77 78 79
  24 80 81
  25 82 83 84 85
  26 86 87 88 89 90
  27 91 92 93 94 95
  28 96 97
  29 98 99 100 101
  30 102 103 104
TIME_AVAIL_SECTION
  1 1
  2 1
  3 1
  4 1
  5 1
  6 1
  7 1
  8 1
  9 1
  10 1
  11 1
  12 1
  13 1
  14 1
  15 1
  16 1
  17 1
  18 1
  19 1
  20 1
  21 1
  22 1
  23 1
  24 1
  25 1
  26 1
  27 1
  28 1
  29 1
  30 1
OBSTACLES
  1 105 106 107 108
  2 109 110 111 112
  3 113 114 115 116
  4 117 118 119 120
  5 121 122 123 124
  6 125 126 127 128
  7 129 130 131 132
  8 133 134 135 136
  9 137 138 139 140
  10 141 142 143 144
  11 145 146 147 148
  12 149 150 151 152
  13 153 154 155 156
  14 157 158 159 160
  15 161 162 163 164
  16 165 166 167 168
  17 169 170 171 172
  18 173 174 175 176
  19 177 178 179 180
  20 181 182 183 184
  21 185 186 187 188
  22 189 190 191 192
EOF
