VRPTEST 1.0
COMMENT: descr: Modified tsplib for the OBP
COMMENT: Best known objective: 1048.0
COMMENT: Computational time (s): 0.139
NAME: c200_199b
NUM_DEPOTS: 2
NUM_CAPACITIES: 1
NUM_VISITS: 200
NUM_LOCATIONS: 202
NUM_VEHICLES: 9
CAPACITIES: 5
DATA_SECTION
DEPOTS
  0
  1
LOCATION_COORD_SECTION
  0 5 30
  1 5 50
  2 47 29
  3 38 23
  4 34 27
  5 48 27
  6 42 18
  7 58 27
  8 32 25
  9 48 25
  10 39 31
  11 53 25
  12 50 18
  13 53 21
  14 44 24
  15 44 31
  16 50 26
  17 48 26
  18 43 19
  19 38 24
  20 42 35
  21 44 39
  22 42 32
  23 39 22
  24 35 29
  25 35 24
  26 50 33
  27 43 15
  28 37 29
  29 42 31
  30 45 33
  31 37 30
  32 42 15
  33 34 24
  34 45 35
  35 48 33
  36 39 25
  37 46 35
  38 48 16
  39 45 18
  40 45 25
  41 45 23
  42 49 25
  43 46 13
  44 43 22
  45 41 29
  46 40 17
  47 44 32
  48 46 30
  49 48 21
  50 57 27
  51 40 24
  52 44 13
  53 51 24
  54 43 35
  55 46 32
  56 50 24
  57 45 15
  58 49 17
  59 22 50
  60 27 43
  61 25 48
  62 24 42
  63 8 47
  64 9 47
  65 14 54
  66 23 47
  67 18 42
  68 19 57
  69 27 48
  70 28 44
  71 24 50
  72 27 55
  73 21 43
  74 22 45
  75 13 54
  76 20 57
  77 19 37
  78 12 47
  79 10 52
  80 28 55
  81 23 56
  82 22 48
  83 19 53
  84 22 39
  85 28 45
  86 21 38
  87 25 56
  88 23 43
  89 21 40
  90 9 49
  91 16 41
  92 20 59
  93 17 45
  94 27 42
  95 21 41
  96 16 48
  97 21 54
  98 15 51
  99 23 45
  100 22 61
  101 16 58
  102 26 47
  103 21 49
  104 32 47
  105 13 49
  106 12 48
  107 52 69
  108 52 59
  109 39 58
  110 46 56
  111 52 66
  112 53 71
  113 44 57
  114 63 61
  115 55 55
  116 61 64
  117 51 63
  118 59 62
  119 58 52
  120 51 66
  121 42 56
  122 50 68
  123 53 60
  124 59 59
  125 42 55
  126 58 60
  127 54 62
  128 49 54
  129 51 59
  130 40 59
  131 60 65
  132 60 61
  133 56 57
  134 55 59
  135 65 58
  136 52 56
  137 52 68
  138 62 57
  139 54 68
  140 51 64
  141 49 60
  142 66 58
  143 45 56
  144 50 51
  145 55 51
  146 51 65
  147 55 68
  148 61 56
  149 51 49
  150 45 58
  151 46 51
  152 58 55
  153 60 58
  154 40 57
  155 49 36
  156 64 37
  157 57 30
  158 65 40
  159 55 44
  160 63 42
  161 46 43
  162 51 37
  163 66 38
  164 53 46
  165 61 30
  166 49 41
  167 61 46
  168 61 41
  169 63 33
  170 69 39
  171 55 43
  172 53 43
  173 60 40
  174 58 44
  175 54 31
  176 57 28
  177 56 32
  178 57 31
  179 65 38
  180 62 47
  181 58 49
  182 61 40
  183 62 45
  184 59 30
  185 61 34
  186 57 45
  187 52 44
  188 50 36
  189 63 41
  190 62 49
  191 55 48
  192 58 45
  193 48 40
  194 61 48
  195 68 41
  196 63 38
  197 49 40
  198 49 44
  199 50 44
  200 47 43
  201 71 40
VISIT_LOCATION_SECTION
  2 2
  3 3
  4 4
  5 5
  6 6
  7 7
  8 8
  9 9
  10 10
  11 11
  12 12
  13 13
  14 14
  15 15
  16 16
  17 17
  18 18
  19 19
  20 20
  21 21
  22 22
  23 23
  24 24
  25 25
  26 26
  27 27
  28 28
  29 29
  30 30
  31 31
  32 32
  33 33
  34 34
  35 35
  36 36
  37 37
  38 38
  39 39
  40 40
  41 41
  42 42
  43 43
  44 44
  45 45
  46 46
  47 47
  48 48
  49 49
  50 50
  51 51
  52 52
  53 53
  54 54
  55 55
  56 56
  57 57
  58 58
  59 59
  60 60
  61 61
  62 62
  63 63
  64 64
  65 65
  66 66
  67 67
  68 68
  69 69
  70 70
  71 71
  72 72
  73 73
  74 74
  75 75
  76 76
  77 77
  78 78
  79 79
  80 80
  81 81
  82 82
  83 83
  84 84
  85 85
  86 86
  87 87
  88 88
  89 89
  90 90
  91 91
  92 92
  93 93
  94 94
  95 95
  96 96
  97 97
  98 98
  99 99
  100 100
  101 101
  102 102
  103 103
  104 104
  105 105
  106 106
  107 107
  108 108
  109 109
  110 110
  111 111
  112 112
  113 113
  114 114
  115 115
  116 116
  117 117
  118 118
  119 119
  120 120
  121 121
  122 122
  123 123
  124 124
  125 125
  126 126
  127 127
  128 128
  129 129
  130 130
  131 131
  132 132
  133 133
  134 134
  135 135
  136 136
  137 137
  138 138
  139 139
  140 140
  141 141
  142 142
  143 143
  144 144
  145 145
  146 146
  147 147
  148 148
  149 149
  150 150
  151 151
  152 152
  153 153
  154 154
  155 155
  156 156
  157 157
  158 158
  159 159
  160 160
  161 161
  162 162
  163 163
  164 164
  165 165
  166 166
  167 167
  168 168
  169 169
  170 170
  171 171
  172 172
  173 173
  174 174
  175 175
  176 176
  177 177
  178 178
  179 179
  180 180
  181 181
  182 182
  183 183
  184 184
  185 185
  186 186
  187 187
  188 188
  189 189
  190 190
  191 191
  192 192
  193 193
  194 194
  195 195
  196 196
  197 197
  198 198
  199 199
  200 200
  201 201
COMMENT: TIMESTEP: 1
ORDERS_SECTION
  1 2 3 4 5 6 7
  2 8 9 10 11 12 13 14 15
  3 16 17 18 19 20
  4 21 22 23 24 25 26 27 28
  5 29 30 31 32 33
  6 34 35 36 37 38 39
  7 40 41 42 43 44
  8 45 46 47
  9 48 49 50 51 52 53
  10 54 55 56 57 58
  11 59 60
  12 61 62 63 64
  13 65 66 67 68 69
  14 70 71 72 73
  15 74 75 76 77 78
  16 79 80 81
  17 82 83 84 85 86 87 88 89
  18 90 91 92 93 94 95 96 97
  19 98 99 100 101
  20 102 103 104 105 106
  21 107 108 109 110 111 112 113 114
  22 115 116 117 118 119 120
  23 121 122 123 124 125 126 127
  24 128 129
  25 130 131
  26 132 133 134 135 136 137 138
  27 139 140 141 142 143
  28 144 145 146 147 148
  29 149 150 151 152
  30 153 154
  31 155 156 157 158 159 160 161 162
  32 163 164 165
  33 166 167
  34 168 169 170 171 172
  35 173 174 175 176 177 178
  36 179 180 181 182 183 184
  37 185 186 187 188 189 190
  38 191 192 193 194
  39 195 196 197 198 199
  40 200 201
TIME_AVAIL_SECTION
  1 1
  2 1
  3 1
  4 1
  5 1
  6 1
  7 1
  8 1
  9 1
  10 1
  11 1
  12 1
  13 1
  14 1
  15 1
  16 1
  17 1
  18 1
  19 1
  20 1
  21 1
  22 1
  23 1
  24 1
  25 1
  26 1
  27 1
  28 1
  29 1
  30 1
  31 1
  32 1
  33 1
  34 1
  35 1
  36 1
  37 1
  38 1
  39 1
  40 1
EOF
