VRPTEST 1.0
COMMENT: descr: Modified tsplib for the OBP
COMMENT: Best known objective: 1050.0
COMMENT: Computational time (s): 0.063
NAME: c86_1d43
NUM_DEPOTS: 2
NUM_CAPACITIES: 1
NUM_VISITS: 86
NUM_LOCATIONS: 156
NUM_VEHICLES: 6
CAPACITIES: 4
DATA_SECTION
DEPOTS
  0
  1
LOCATION_COORD_SECTION
  0 70 40
  1 65 60
  2 12 39
  3 12 49
  4 20 49
  5 24 49
  6 20 43
  7 12 43
  8 24 45
  9 12 45
  10 20 51
  11 16 45
  12 24 43
  13 20 55
  14 16 49
  15 24 39
  16 16 39
  17 20 45
  18 24 51
  19 20 57
  20 32 43
  21 31 20
  22 31 24
  23 32 49
  24 33 24
  25 37 16
  26 31 16
  27 27 24
  28 37 28
  29 27 20
  30 32 39
  31 37 20
  32 27 28
  33 27 16
  34 25 24
  35 33 20
  36 33 16
  37 28 49
  38 28 51
  39 27 12
  40 25 20
  41 9 20
  42 15 16
  43 19 12
  44 13 28
  45 19 28
  46 21 16
  47 13 24
  48 21 20
  49 19 24
  50 15 24
  51 9 28
  52 19 20
  53 19 16
  54 21 12
  55 13 12
  56 21 24
  57 9 16
  58 9 24
  59 15 12
  60 13 16
  61 15 28
  62 44 49
  63 36 49
  64 44 39
  65 44 51
  66 39 16
  67 48 39
  68 44 57
  69 57 28
  70 44 43
  71 55 28
  72 36 43
  73 44 55
  74 51 24
  75 49 28
  76 39 24
  77 43 24
  78 51 28
  79 40 55
  80 48 43
  81 43 16
  82 40 39
  83 45 20
  84 44 45
  85 40 43
  86 45 16
  87 49 20
  88 10 10
  89 10 30
  90 12 30
  91 12 10
  92 16 10
  93 16 30
  94 18 30
  95 18 10
  96 22 10
  97 22 30
  98 24 30
  99 24 10
  100 28 10
  101 28 30
  102 30 30
  103 30 10
  104 34 10
  105 34 30
  106 36 30
  107 36 10
  108 40 10
  109 40 30
  110 42 30
  111 42 10
  112 46 10
  113 46 30
  114 48 30
  115 48 10
  116 52 10
  117 52 30
  118 54 30
  119 54 10
  120 58 10
  121 58 30
  122 60 30
  123 60 10
  124 64 10
  125 64 30
  126 66 30
  127 66 10
  128 70 10
  129 70 30
  130 72 30
  131 72 10
  132 10 40
  133 10 42
  134 50 42
  135 50 40
  136 10 46
  137 10 48
  138 50 48
  139 50 46
  140 10 52
  141 10 54
  142 50 54
  143 50 52
  144 10 58
  145 10 60
  146 50 60
  147 50 58
  148 10 64
  149 10 66
  150 50 66
  151 50 64
  152 10 70
  153 10 72
  154 50 72
  155 50 70
VISIT_LOCATION_SECTION
  2 2
  3 3
  4 4
  5 5
  6 6
  7 7
  8 8
  9 9
  10 10
  11 11
  12 12
  13 13
  14 14
  15 15
  16 16
  17 17
  18 18
  19 19
  20 20
  21 21
  22 22
  23 23
  24 24
  25 25
  26 26
  27 27
  28 28
  29 29
  30 30
  31 31
  32 32
  33 33
  34 34
  35 35
  36 36
  37 37
  38 38
  39 39
  40 40
  41 41
  42 42
  43 43
  44 44
  45 45
  46 46
  47 47
  48 48
  49 49
  50 50
  51 51
  52 52
  53 53
  54 54
  55 55
  56 56
  57 57
  58 58
  59 59
  60 60
  61 61
  62 62
  63 63
  64 64
  65 65
  66 66
  67 67
  68 68
  69 69
  70 70
  71 71
  72 72
  73 73
  74 74
  75 75
  76 76
  77 77
  78 78
  79 79
  80 80
  81 81
  82 82
  83 83
  84 84
  85 85
  86 86
  87 87
COMMENT: TIMESTEP: 1
ORDERS_SECTION
  1 2 3 4 5 6 7
  2 8 9
  3 10 11
  4 12 13 14 15 16 17
  5 18 19
  6 20 21
  7 22 23 24
  8 25 26 27 28 29 30
  9 31 32
  10 33 34 35 36 37 38 39 40
  11 41 42 43 44 45 46 47 48
  12 49 50 51
  13 52 53 54
  14 55 56 57 58
  15 59 60 61
  16 62 63 64 65 66 67 68 69
  17 70 71 72 73
  18 74 75 76
  19 77 78 79 80 81 82 83 84
  20 85 86 87
TIME_AVAIL_SECTION
  1 1
  2 1
  3 1
  4 1
  5 1
  6 1
  7 1
  8 1
  9 1
  10 1
  11 1
  12 1
  13 1
  14 1
  15 1
  16 1
  17 1
  18 1
  19 1
  20 1
OBSTACLES
  1 88 89 90 91
  2 92 93 94 95
  3 96 97 98 99
  4 100 101 102 103
  5 104 105 106 107
  6 108 109 110 111
  7 112 113 114 115
  8 116 117 118 119
  9 120 121 122 123
  10 124 125 126 127
  11 128 129 130 131
  12 132 133 134 135
  13 136 137 138 139
  14 140 141 142 143
  15 144 145 146 147
  16 148 149 150 151
  17 152 153 154 155
EOF
