VRPTEST 1.0
COMMENT: descr: Modified tsplib for the OBP
COMMENT: Best known objective: 1338.0
COMMENT: Computational time (s): 0.280031
NAME: c123_b5a1
NUM_CAPACITIES: 1
NUM_VISITS: 123
NUM_VEHICLES: 8
CAPACITIES: 3
DATA_SECTION
DEPOTS
  0
  1
VISIT_LOCATION_SECTION
  2 53
  3 69
  4 20
  5 36
  6 40
  7 13
  8 21
  9 164
  10 219
  11 109
  12 92
  13 220
  14 218
  15 84
  16 87
  17 101
  18 35
  19 10
  20 76
  21 8
  22 52
  23 56
  24 163
  25 22
  26 103
  27 221
  28 90
  29 88
  30 211
  31 108
  32 195
  33 100
  34 65
  35 15
  36 17
  37 9
  38 62
  39 33
  40 31
  41 145
  42 192
  43 183
  44 86
  45 162
  46 132
  47 51
  48 46
  49 57
  50 68
  51 182
  52 96
  53 206
  54 207
  55 80
  56 215
  57 194
  58 49
  59 45
  60 32
  61 59
  62 29
  63 5
  64 202
  65 91
  66 110
  67 71
  68 203
  69 95
  70 27
  71 12
  72 47
  73 55
  74 16
  75 50
  76 107
  77 99
  78 79
  79 78
  80 43
  81 197
  82 208
  83 214
  84 193
  85 64
  86 156
  87 74
  88 7
  89 153
  90 70
  91 38
  92 14
  93 94
  94 209
  95 93
  96 6
  97 143
  98 75
  99 154
  100 216
  101 83
  102 111
  103 205
  104 212
  105 105
  106 102
  107 11
  108 34
  109 4
  110 60
  111 58
  112 30
  113 185
  114 213
  115 85
  116 81
  117 104
  118 48
  119 44
  120 77
  121 67
  122 152
  123 19
  124 142
COMMENT: TIMESTEP: 1
ORDERS_SECTION
  1 2 3 4 5 6 7 8 9
  2 10 11 12 13 14 15 16 17
  3 18 19 20 21 22 23 24 25
  4 26 27 28 29 30 31 32 33
  5 34 35 36 37 38 39 40 41
  6 42 43 44
  7 45 46 47 48 49 50
  8 51 52 53 54 55 56 57
  9 58 59 60 61 62 63
  10 64 65 66 67 68 69
  11 70 71 72 73 74 75
  12 76 77 78
  13 79 80
  14 81 82 83 84
  15 85 86 87 88 89 90 91 92
  16 93 94 95
  17 96 97 98 99
  18 100 101 102 103 104 105 106
  19 107 108 109 110 111 112
  20 113 114 115 116 117
  21 118 119 120 121 122 123 124
TIME_AVAIL_SECTION
  1 1
  2 1
  3 1
  4 1
  5 1
  6 1
  7 1
  8 1
  9 1
  10 1
  11 1
  12 1
  13 1
  14 1
  15 1
  16 1
  17 1
  18 1
  19 1
  20 1
  21 1
EOF
