VRPTEST 1.0
COMMENT: descr: Modified tsplib for the OBP
COMMENT: Best known objective: 1956.344
COMMENT: Computational time (s): 0.43199000000000004
NAME: c140_ceae
NUM_CAPACITIES: 1
NUM_VISITS: 140
NUM_VEHICLES: 7
CAPACITIES: 5
DATA_SECTION
DEPOTS
  0
  1
VISIT_LOCATION_SECTION
  2 55
  3 36
  4 11
  5 109
  6 22
  7 5
  8 16
  9 52
  10 98
  11 202
  12 211
  13 129
  14 164
  15 32
  16 47
  17 31
  18 204
  19 223
  20 261
  21 80
  22 259
  23 245
  24 217
  25 249
  26 145
  27 51
  28 78
  29 35
  30 41
  31 18
  32 241
  33 125
  34 120
  35 248
  36 132
  37 173
  38 200
  39 161
  40 136
  41 246
  42 43
  43 20
  44 10
  45 206
  46 210
  47 188
  48 118
  49 247
  50 137
  51 139
  52 134
  53 214
  54 175
  55 59
  56 34
  57 6
  58 74
  59 24
  60 90
  61 244
  62 143
  63 177
  64 135
  65 234
  66 8
  67 95
  68 184
  69 236
  70 128
  71 142
  72 124
  73 180
  74 158
  75 58
  76 227
  77 93
  78 195
  79 94
  80 197
  81 91
  82 260
  83 198
  84 138
  85 250
  86 64
  87 70
  88 15
  89 209
  90 224
  91 239
  92 89
  93 169
  94 232
  95 151
  96 179
  97 49
  98 23
  99 9
  100 46
  101 61
  102 101
  103 79
  104 196
  105 88
  106 258
  107 228
  108 186
  109 212
  110 229
  111 156
  112 231
  113 131
  114 112
  115 133
  116 119
  117 215
  118 150
  119 141
  120 174
  121 45
  122 257
  123 243
  124 201
  125 251
  126 148
  127 123
  128 155
  129 163
  130 54
  131 86
  132 205
  133 92
  134 192
  135 191
  136 108
  137 235
  138 170
  139 39
  140 28
  141 181
COMMENT: TIMESTEP: 1
ORDERS_SECTION
  1 2 3 4 5 6 7 8 9
  2 10 11 12
  3 13 14
  4 15 16 17
  5 18 19 20 21 22 23
  6 24 25 26
  7 27 28 29 30 31
  8 32
  9 33 34 35 36 37 38 39 40 41
  10 42 43 44
  11 45 46 47
  12 48 49 50 51 52 53 54
  13 55 56 57 58 59
  14 60 61
  15 62 63 64 65
  16 66
  17 67 68
  18 69 70 71 72 73 74
  19 75
  20 76 77 78 79 80 81 82
  21 83 84 85
  22 86 87 88
  23 89 90 91 92
  24 93 94 95 96
  25 97 98 99 100 101
  26 102 103 104 105 106 107 108 109 110
  27 111 112 113 114 115 116 117 118 119 120
  28 121
  29 122 123 124
  30 125 126 127 128 129
  31 130
  32 131 132 133 134 135
  33 136 137 138
  34 139 140 141
TIME_AVAIL_SECTION
  1 1
  2 1
  3 1
  4 1
  5 1
  6 1
  7 1
  8 1
  9 1
  10 1
  11 1
  12 1
  13 1
  14 1
  15 1
  16 1
  17 1
  18 1
  19 1
  20 1
  21 1
  22 1
  23 1
  24 1
  25 1
  26 1
  27 1
  28 1
  29 1
  30 1
  31 1
  32 1
  33 1
  34 1
EOF
