VRPTEST 1.0
COMMENT: descr: Modified tsplib for the OBP
COMMENT: Best known objective: 830.0
COMMENT: Computational time (s): 0.052
NAME: c82_04f3
NUM_DEPOTS: 2
NUM_CAPACITIES: 1
NUM_VISITS: 82
NUM_LOCATIONS: 152
NUM_VEHICLES: 4
CAPACITIES: 4
DATA_SECTION
DEPOTS
  0
  1
LOCATION_COORD_SECTION
  0 70 40
  1 65 60
  2 36 45
  3 32 39
  4 28 39
  5 32 43
  6 40 49
  7 37 16
  8 40 39
  9 37 28
  10 33 20
  11 33 28
  12 39 24
  13 36 39
  14 39 16
  15 31 24
  16 36 43
  17 40 45
  18 25 28
  19 40 43
  20 37 24
  21 33 24
  22 16 63
  23 32 63
  24 24 63
  25 20 69
  26 24 67
  27 24 61
  28 36 61
  29 28 63
  30 16 57
  31 16 69
  32 28 57
  33 20 73
  34 20 61
  35 32 55
  36 12 61
  37 36 57
  38 32 61
  39 24 57
  40 32 57
  41 24 55
  42 36 55
  43 24 69
  44 20 39
  45 24 49
  46 32 49
  47 28 51
  48 20 51
  49 24 43
  50 20 43
  51 32 45
  52 20 55
  53 16 45
  54 16 39
  55 24 51
  56 16 51
  57 12 45
  58 20 49
  59 16 55
  60 28 49
  61 32 51
  62 12 43
  63 36 49
  64 24 45
  65 36 51
  66 12 49
  67 20 45
  68 16 49
  69 49 24
  70 49 20
  71 51 28
  72 45 20
  73 44 39
  74 44 43
  75 49 28
  76 55 24
  77 44 49
  78 55 28
  79 43 24
  80 43 20
  81 48 43
  82 48 39
  83 43 28
  84 10 10
  85 10 30
  86 12 30
  87 12 10
  88 16 10
  89 16 30
  90 18 30
  91 18 10
  92 22 10
  93 22 30
  94 24 30
  95 24 10
  96 28 10
  97 28 30
  98 30 30
  99 30 10
  100 34 10
  101 34 30
  102 36 30
  103 36 10
  104 40 10
  105 40 30
  106 42 30
  107 42 10
  108 46 10
  109 46 30
  110 48 30
  111 48 10
  112 52 10
  113 52 30
  114 54 30
  115 54 10
  116 58 10
  117 58 30
  118 60 30
  119 60 10
  120 64 10
  121 64 30
  122 66 30
  123 66 10
  124 70 10
  125 70 30
  126 72 30
  127 72 10
  128 10 40
  129 10 42
  130 50 42
  131 50 40
  132 10 46
  133 10 48
  134 50 48
  135 50 46
  136 10 52
  137 10 54
  138 50 54
  139 50 52
  140 10 58
  141 10 60
  142 50 60
  143 50 58
  144 10 64
  145 10 66
  146 50 66
  147 50 64
  148 10 70
  149 10 72
  150 50 72
  151 50 70
VISIT_LOCATION_SECTION
  2 2
  3 3
  4 4
  5 5
  6 6
  7 7
  8 8
  9 9
  10 10
  11 11
  12 12
  13 13
  14 14
  15 15
  16 16
  17 17
  18 18
  19 19
  20 20
  21 21
  22 22
  23 23
  24 24
  25 25
  26 26
  27 27
  28 28
  29 29
  30 30
  31 31
  32 32
  33 33
  34 34
  35 35
  36 36
  37 37
  38 38
  39 39
  40 40
  41 41
  42 42
  43 43
  44 44
  45 45
  46 46
  47 47
  48 48
  49 49
  50 50
  51 51
  52 52
  53 53
  54 54
  55 55
  56 56
  57 57
  58 58
  59 59
  60 60
  61 61
  62 62
  63 63
  64 64
  65 65
  66 66
  67 67
  68 68
  69 69
  70 70
  71 71
  72 72
  73 73
  74 74
  75 75
  76 76
  77 77
  78 78
  79 79
  80 80
  81 81
  82 82
  83 83
COMMENT: TIMESTEP: 1
ORDERS_SECTION
  1 2 3
  2 4 5 6 7 8 9
  3 10 11 12 13
  4 14 15 16 17 18 19 20 21
  5 22 23 24
  6 25 26 27 28 29
  7 30 31 32 33 34 35 36
  8 37 38 39 40 41 42 43
  9 44 45 46 47 48 49 50 51
  10 52 53 54 55 56 57 58
  11 59 60 61 62
  12 63 64 65 66 67 68
  13 69 70 71
  14 72 73 74 75 76 77
  15 78 79 80 81 82 83
TIME_AVAIL_SECTION
  1 1
  2 1
  3 1
  4 1
  5 1
  6 1
  7 1
  8 1
  9 1
  10 1
  11 1
  12 1
  13 1
  14 1
  15 1
OBSTACLES
  1 84 85 86 87
  2 88 89 90 91
  3 92 93 94 95
  4 96 97 98 99
  5 100 101 102 103
  6 104 105 106 107
  7 108 109 110 111
  8 112 113 114 115
  9 116 117 118 119
  10 120 121 122 123
  11 124 125 126 127
  12 128 129 130 131
  13 132 133 134 135
  14 136 137 138 139
  15 140 141 142 143
  16 144 145 146 147
  17 148 149 150 151
EOF
