VRPTEST 1.0
COMMENT: descr: Modified tsplib for the OBP
COMMENT: Best known objective: 1541.221
COMMENT: Computational time (s): 0.22109499999999999
NAME: c80_5da8
NUM_CAPACITIES: 1
NUM_VISITS: 80
NUM_VEHICLES: 6
CAPACITIES: 5
DATA_SECTION
DEPOTS
  0
  1
VISIT_LOCATION_SECTION
  2 67
  3 6
  4 32
  5 14
  6 17
  7 80
  8 223
  9 119
  10 147
  11 248
  12 49
  13 58
  14 187
  15 96
  16 204
  17 241
  18 90
  19 174
  20 134
  21 108
  22 165
  23 155
  24 65
  25 70
  26 77
  27 44
  28 79
  29 137
  30 234
  31 180
  32 164
  33 55
  34 188
  35 205
  36 222
  37 158
  38 153
  39 172
  40 37
  41 41
  42 59
  43 258
  44 160
  45 159
  46 232
  47 146
  48 47
  49 56
  50 260
  51 242
  52 118
  53 123
  54 247
  55 148
  56 18
  57 24
  58 92
  59 163
  60 8
  61 10
  62 50
  63 15
  64 209
  65 189
  66 207
  67 91
  68 245
  69 200
  70 150
  71 149
  72 46
  73 38
  74 109
  75 94
  76 190
  77 182
  78 178
  79 139
  80 116
  81 263
COMMENT: TIMESTEP: 1
ORDERS_SECTION
  1 2 3 4 5 6
  2 7 8
  3 9 10 11
  4 12 13
  5 14 15 16 17 18
  6 19 20 21 22 23
  7 24 25 26 27
  8 28
  9 29 30 31 32
  10 33
  11 34 35 36
  12 37 38 39
  13 40 41 42
  14 43
  15 44 45 46 47
  16 48 49
  17 50 51
  18 52 53 54 55
  19 56 57
  20 58
  21 59
  22 60 61 62 63
  23 64 65 66 67 68
  24 69 70 71
  25 72 73 74
  26 75 76 77
  27 78 79 80 81
TIME_AVAIL_SECTION
  1 1
  2 1
  3 1
  4 1
  5 1
  6 1
  7 1
  8 1
  9 1
  10 1
  11 1
  12 1
  13 1
  14 1
  15 1
  16 1
  17 1
  18 1
  19 1
  20 1
  21 1
  22 1
  23 1
  24 1
  25 1
  26 1
  27 1
EOF
