VRPTEST 1.0
COMMENT: descr: Modified tsplib for the OBP
COMMENT: Best known objective: 1180.0
COMMENT: Computational time (s): 0.075
NAME: c108_09ba
NUM_DEPOTS: 2
NUM_CAPACITIES: 1
NUM_VISITS: 108
NUM_LOCATIONS: 158
NUM_VEHICLES: 8
CAPACITIES: 4
DATA_SECTION
DEPOTS
  0
  1
LOCATION_COORD_SECTION
  0 35 70
  1 50 70
  2 18 58
  3 11 68
  4 15 68
  5 17 57
  6 23 65
  7 5 62
  8 13 64
  9 17 75
  10 12 68
  11 21 70
  12 6 62
  13 21 66
  14 19 75
  15 22 64
  16 20 59
  17 24 75
  18 21 67
  19 20 77
  20 11 72
  21 7 57
  22 24 63
  23 17 61
  24 19 73
  25 8 69
  26 18 70
  27 25 76
  28 12 59
  29 4 65
  30 15 71
  31 3 61
  32 12 70
  33 7 44
  34 5 55
  35 7 43
  36 21 45
  37 20 49
  38 25 56
  39 6 44
  40 3 53
  41 21 43
  42 5 53
  43 20 46
  44 21 41
  45 7 45
  46 14 42
  47 3 45
  48 14 50
  49 4 51
  50 7 47
  51 3 50
  52 5 54
  53 9 44
  54 14 46
  55 20 55
  56 59 27
  57 63 23
  58 25 11
  59 20 24
  60 25 24
  61 20 10
  62 23 5
  63 13 26
  64 21 17
  65 8 22
  66 13 20
  67 13 24
  68 20 21
  69 13 16
  70 20 26
  71 13 21
  72 20 23
  73 21 20
  74 8 20
  75 19 9
  76 19 14
  77 63 19
  78 19 19
  79 13 15
  80 15 25
  81 58 23
  82 15 32
  83 14 39
  84 19 36
  85 11 34
  86 10 33
  87 58 38
  88 20 36
  89 12 34
  90 19 39
  91 23 32
  92 22 32
  93 16 33
  94 5 37
  95 16 35
  96 13 37
  97 6 39
  98 59 38
  99 16 34
  100 24 33
  101 12 32
  102 22 31
  103 9 35
  104 14 34
  105 25 28
  106 13 29
  107 20 34
  108 19 31
  109 20 31
  110 10 10
  111 10 30
  112 12 30
  113 12 10
  114 16 10
  115 16 30
  116 18 30
  117 18 10
  118 22 10
  119 22 30
  120 24 30
  121 24 10
  122 10 36
  123 10 56
  124 12 56
  125 12 36
  126 16 36
  127 16 56
  128 18 56
  129 18 36
  130 22 36
  131 22 56
  132 24 56
  133 24 36
  134 60 10
  135 60 30
  136 62 30
  137 62 10
  138 66 10
  139 66 30
  140 68 30
  141 68 10
  142 72 10
  143 72 30
  144 74 30
  145 74 10
  146 60 36
  147 60 56
  148 62 56
  149 62 36
  150 66 36
  151 66 56
  152 68 56
  153 68 36
  154 72 36
  155 72 56
  156 74 56
  157 74 36
VISIT_LOCATION_SECTION
  2 2
  3 3
  4 4
  5 5
  6 6
  7 7
  8 8
  9 9
  10 10
  11 11
  12 12
  13 13
  14 14
  15 15
  16 16
  17 17
  18 18
  19 19
  20 20
  21 21
  22 22
  23 23
  24 24
  25 25
  26 26
  27 27
  28 28
  29 29
  30 30
  31 31
  32 32
  33 33
  34 34
  35 35
  36 36
  37 37
  38 38
  39 39
  40 40
  41 41
  42 42
  43 43
  44 44
  45 45
  46 46
  47 47
  48 48
  49 49
  50 50
  51 51
  52 52
  53 53
  54 54
  55 55
  56 56
  57 57
  58 58
  59 59
  60 60
  61 61
  62 62
  63 63
  64 64
  65 65
  66 66
  67 67
  68 68
  69 69
  70 70
  71 71
  72 72
  73 73
  74 74
  75 75
  76 76
  77 77
  78 78
  79 79
  80 80
  81 81
  82 82
  83 83
  84 84
  85 85
  86 86
  87 87
  88 88
  89 89
  90 90
  91 91
  92 92
  93 93
  94 94
  95 95
  96 96
  97 97
  98 98
  99 99
  100 100
  101 101
  102 102
  103 103
  104 104
  105 105
  106 106
  107 107
  108 108
  109 109
COMMENT: TIMESTEP: 1
ORDERS_SECTION
  1 2 3 4 5
  2 6 7 8 9 10 11
  3 12 13
  4 14 15
  5 16 17 18 19
  6 20 21 22 23 24 25
  7 26 27 28 29 30
  8 31 32
  9 33 34
  10 35 36
  11 37 38
  12 39 40 41 42
  13 43 44 45 46
  14 47 48 49 50
  15 51 52
  16 53 54 55
  17 56 57 58
  18 59 60 61 62
  19 63 64 65 66 67 68
  20 69 70
  21 71 72 73
  22 74 75 76 77
  23 78 79 80 81
  24 82 83 84 85
  25 86 87
  26 88 89 90 91 92 93
  27 94 95
  28 96 97 98 99 100 101
  29 102 103 104 105
  30 106 107 108 109
TIME_AVAIL_SECTION
  1 1
  2 1
  3 1
  4 1
  5 1
  6 1
  7 1
  8 1
  9 1
  10 1
  11 1
  12 1
  13 1
  14 1
  15 1
  16 1
  17 1
  18 1
  19 1
  20 1
  21 1
  22 1
  23 1
  24 1
  25 1
  26 1
  27 1
  28 1
  29 1
  30 1
OBSTACLES
  1 110 111 112 113
  2 114 115 116 117
  3 118 119 120 121
  4 122 123 124 125
  5 126 127 128 129
  6 130 131 132 133
  7 134 135 136 137
  8 138 139 140 141
  9 142 143 144 145
  10 146 147 148 149
  11 150 151 152 153
  12 154 155 156 157
EOF
