VRPTEST 1.0
COMMENT: descr: Modified tsplib for the OBP
COMMENT: Best known objective: 1917.0
COMMENT: Computational time (s): 0.9705229999999999
NAME: c129_fc7c
NUM_CAPACITIES: 1
NUM_VISITS: 129
NUM_VEHICLES: 13
CAPACITIES: 3
DATA_SECTION
DEPOTS
  0
  1
VISIT_LOCATION_SECTION
  2 142
  3 65
  4 45
  5 3
  6 5
  7 86
  8 182
  9 145
  10 4
  11 91
  12 96
  13 81
  14 47
  15 162
  16 38
  17 59
  18 101
  19 221
  20 205
  21 204
  22 208
  23 133
  24 76
  25 56
  26 50
  27 44
  28 219
  29 103
  30 18
  31 7
  32 26
  33 36
  34 41
  35 217
  36 87
  37 80
  38 85
  39 211
  40 37
  41 35
  42 107
  43 213
  44 90
  45 152
  46 67
  47 71
  48 108
  49 209
  50 156
  51 58
  52 9
  53 34
  54 88
  55 185
  56 220
  57 100
  58 105
  59 69
  60 52
  61 28
  62 89
  63 212
  64 98
  65 33
  66 19
  67 27
  68 144
  69 195
  70 102
  71 183
  72 93
  73 53
  74 155
  75 61
  76 197
  77 206
  78 214
  79 68
  80 17
  81 202
  82 194
  83 99
  84 111
  85 46
  86 11
  87 54
  88 8
  89 216
  90 192
  91 207
  92 75
  93 164
  94 92
  95 106
  96 55
  97 13
  98 42
  99 32
  100 15
  101 193
  102 104
  103 110
  104 215
  105 203
  106 72
  107 60
  108 147
  109 51
  110 6
  111 94
  112 97
  113 95
  114 57
  115 24
  116 153
  117 29
  118 83
  119 218
  120 39
  121 21
  122 30
  123 78
  124 84
  125 79
  126 109
  127 132
  128 63
  129 135
  130 31
COMMENT: TIMESTEP: 1
ORDERS_SECTION
  1 2 3 4 5 6
  2 7 8
  3 9 10
  4 11 12 13
  5 14 15 16 17
  6 18 19 20 21 22
  7 23 24 25 26 27
  8 28 29
  9 30 31 32 33 34
  10 35 36 37 38 39
  11 40 41
  12 42 43 44
  13 45 46
  14 47 48 49
  15 50 51 52 53
  16 54 55 56 57 58
  17 59 60 61
  18 62 63 64
  19 65 66 67 68
  20 69 70 71 72
  21 73 74 75
  22 76 77 78
  23 79 80
  24 81 82 83 84
  25 85 86 87 88
  26 89 90 91
  27 92 93
  28 94 95
  29 96 97 98 99 100
  30 101 102 103 104 105
  31 106 107 108 109 110
  32 111 112 113
  33 114 115 116 117
  34 118 119
  35 120 121 122 123
  36 124 125 126
  37 127 128 129 130
TIME_AVAIL_SECTION
  1 1
  2 1
  3 1
  4 1
  5 1
  6 1
  7 1
  8 1
  9 1
  10 1
  11 1
  12 1
  13 1
  14 1
  15 1
  16 1
  17 1
  18 1
  19 1
  20 1
  21 1
  22 1
  23 1
  24 1
  25 1
  26 1
  27 1
  28 1
  29 1
  30 1
  31 1
  32 1
  33 1
  34 1
  35 1
  36 1
  37 1
EOF
