VRPTEST 1.0
COMMENT: descr: Modified tsplib for the OBP
COMMENT: Best known objective: 893.0
COMMENT: Computational time (s): 0.146
NAME: c161_1b61
NUM_DEPOTS: 2
NUM_CAPACITIES: 1
NUM_VISITS: 161
NUM_LOCATIONS: 167
NUM_VEHICLES: 4
CAPACITIES: 8
DATA_SECTION
DEPOTS
  0
  1
LOCATION_COORD_SECTION
  0 5 20
  1 5 50
  2 53 42
  3 39 26
  4 48 44
  5 51 46
  6 49 35
  7 44 30
  8 58 32
  9 55 34
  10 61 31
  11 52 51
  12 46 33
  13 63 38
  14 47 44
  15 57 22
  16 54 35
  17 59 42
  18 53 49
  19 54 32
  20 66 37
  21 54 31
  22 49 34
  23 67 37
  24 55 28
  25 75 28
  26 61 39
  27 44 41
  28 68 25
  29 45 45
  30 67 32
  31 40 33
  32 47 42
  33 44 38
  34 66 29
  35 46 38
  36 66 39
  37 55 43
  38 58 45
  39 69 32
  40 54 41
  41 42 29
  42 43 43
  43 51 42
  44 60 43
  45 66 22
  46 46 28
  47 66 26
  48 66 33
  49 73 26
  50 59 38
  51 45 43
  52 30 11
  53 30 8
  54 17 16
  55 6 18
  56 15 7
  57 32 10
  58 34 4
  59 25 11
  60 27 10
  61 15 11
  62 17 9
  63 13 24
  64 34 12
  65 17 4
  66 17 24
  67 15 25
  68 33 10
  69 28 22
  70 25 24
  71 21 17
  72 22 11
  73 19 9
  74 16 9
  75 20 26
  76 20 21
  77 13 26
  78 5 9
  79 28 3
  80 8 6
  81 28 5
  82 28 4
  83 36 18
  84 30 21
  85 20 24
  86 32 4
  87 7 13
  88 3 21
  89 23 5
  90 27 17
  91 24 20
  92 26 11
  93 43 21
  94 56 17
  95 56 19
  96 57 16
  97 38 6
  98 68 12
  99 38 10
  100 48 19
  101 46 23
  102 51 4
  103 63 18
  104 74 18
  105 58 16
  106 54 10
  107 60 15
  108 42 18
  109 42 8
  110 54 4
  111 71 15
  112 51 17
  113 42 4
  114 51 6
  115 52 14
  116 49 14
  117 58 13
  118 37 5
  119 51 11
  120 43 23
  121 49 3
  122 41 20
  123 57 17
  124 67 21
  125 35 45
  126 40 46
  127 25 56
  128 17 61
  129 22 40
  130 18 52
  131 42 37
  132 17 52
  133 25 46
  134 28 49
  135 28 31
  136 20 47
  137 14 56
  138 13 29
  139 22 64
  140 15 52
  141 35 51
  142 18 58
  143 19 31
  144 13 49
  145 14 34
  146 15 32
  147 33 53
  148 19 57
  149 7 45
  150 16 35
  151 17 47
  152 16 49
  153 40 34
  154 31 38
  155 21 43
  156 24 45
  157 4 36
  158 32 50
  159 6 39
  160 27 59
  161 39 46
  162 3 45
  163 10 10
  164 10 60
  165 12 60
  166 12 10
VISIT_LOCATION_SECTION
  2 2
  3 3
  4 4
  5 5
  6 6
  7 7
  8 8
  9 9
  10 10
  11 11
  12 12
  13 13
  14 14
  15 15
  16 16
  17 17
  18 18
  19 19
  20 20
  21 21
  22 22
  23 23
  24 24
  25 25
  26 26
  27 27
  28 28
  29 29
  30 30
  31 31
  32 32
  33 33
  34 34
  35 35
  36 36
  37 37
  38 38
  39 39
  40 40
  41 41
  42 42
  43 43
  44 44
  45 45
  46 46
  47 47
  48 48
  49 49
  50 50
  51 51
  52 52
  53 53
  54 54
  55 55
  56 56
  57 57
  58 58
  59 59
  60 60
  61 61
  62 62
  63 63
  64 64
  65 65
  66 66
  67 67
  68 68
  69 69
  70 70
  71 71
  72 72
  73 73
  74 74
  75 75
  76 76
  77 77
  78 78
  79 79
  80 80
  81 81
  82 82
  83 83
  84 84
  85 85
  86 86
  87 87
  88 88
  89 89
  90 90
  91 91
  92 92
  93 93
  94 94
  95 95
  96 96
  97 97
  98 98
  99 99
  100 100
  101 101
  102 102
  103 103
  104 104
  105 105
  106 106
  107 107
  108 108
  109 109
  110 110
  111 111
  112 112
  113 113
  114 114
  115 115
  116 116
  117 117
  118 118
  119 119
  120 120
  121 121
  122 122
  123 123
  124 124
  125 125
  126 126
  127 127
  128 128
  129 129
  130 130
  131 131
  132 132
  133 133
  134 134
  135 135
  136 136
  137 137
  138 138
  139 139
  140 140
  141 141
  142 142
  143 143
  144 144
  145 145
  146 146
  147 147
  148 148
  149 149
  150 150
  151 151
  152 152
  153 153
  154 154
  155 155
  156 156
  157 157
  158 158
  159 159
  160 160
  161 161
  162 162
COMMENT: TIMESTEP: 1
ORDERS_SECTION
  1 2 3 4 5
  2 6 7 8 9 10
  3 11 12 13 14 15 16 17 18
  4 19 20 21 22 23 24 25
  5 26 27 28 29 30
  6 31 32 33 34 35 36 37 38
  7 39 40 41 42 43 44 45
  8 46 47 48 49 50 51
  9 52 53 54 55
  10 56 57
  11 58 59 60 61 62 63 64
  12 65 66 67 68 69
  13 70 71 72 73 74 75 76
  14 77 78 79 80 81
  15 82 83 84 85 86 87 88
  16 89 90 91 92
  17 93 94
  18 95 96 97
  19 98 99 100
  20 101 102 103 104 105 106 107 108
  21 109 110 111 112
  22 113 114 115 116
  23 117 118 119 120 121 122 123 124
  24 125 126 127 128 129 130 131 132
  25 133 134 135
  26 136 137 138 139 140
  27 141 142 143 144 145 146 147
  28 148 149 150 151
  29 152 153 154 155 156 157 158
  30 159 160 161 162
TIME_AVAIL_SECTION
  1 1
  2 1
  3 1
  4 1
  5 1
  6 1
  7 1
  8 1
  9 1
  10 1
  11 1
  12 1
  13 1
  14 1
  15 1
  16 1
  17 1
  18 1
  19 1
  20 1
  21 1
  22 1
  23 1
  24 1
  25 1
  26 1
  27 1
  28 1
  29 1
  30 1
OBSTACLES
  1 163 164 165 166
EOF
