VRPTEST 1.0
COMMENT: descr: Modified tsplib for the OBP
COMMENT: Best known objective: 1630.0
COMMENT: Computational time (s): 0.081
NAME: c123_18e2
NUM_DEPOTS: 2
NUM_CAPACITIES: 1
NUM_VISITS: 123
NUM_LOCATIONS: 213
NUM_VEHICLES: 11
CAPACITIES: 4
DATA_SECTION
DEPOTS
  0
  1
LOCATION_COORD_SECTION
  0 35 70
  1 50 70
  2 51 16
  3 73 24
  4 61 24
  5 55 16
  6 63 28
  7 55 20
  8 63 12
  9 57 28
  10 63 16
  11 67 28
  12 61 16
  13 55 12
  14 55 24
  15 61 28
  16 57 16
  17 55 28
  18 69 20
  19 67 16
  20 63 24
  21 63 20
  22 57 12
  23 51 28
  24 69 24
  25 61 12
  26 49 24
  27 49 28
  28 67 24
  29 69 28
  30 73 28
  31 57 24
  32 51 24
  33 33 52
  34 37 52
  35 43 56
  36 31 44
  37 43 52
  38 25 40
  39 33 56
  40 33 40
  41 39 40
  42 49 52
  43 27 40
  44 21 44
  45 43 44
  46 31 52
  47 49 40
  48 45 44
  49 45 40
  50 49 56
  51 49 48
  52 27 44
  53 45 56
  54 37 56
  55 39 52
  56 37 40
  57 31 40
  58 37 48
  59 39 44
  60 25 44
  61 25 48
  62 21 24
  63 49 20
  64 33 16
  65 31 16
  66 45 20
  67 37 16
  68 27 16
  69 39 16
  70 37 20
  71 27 24
  72 43 12
  73 31 12
  74 27 20
  75 37 24
  76 27 28
  77 49 12
  78 43 20
  79 25 24
  80 37 28
  81 39 20
  82 39 12
  83 45 28
  84 33 28
  85 25 28
  86 43 24
  87 39 28
  88 37 12
  89 43 16
  90 49 16
  91 33 12
  92 51 40
  93 63 44
  94 69 48
  95 61 52
  96 67 52
  97 73 40
  98 67 56
  99 61 48
  100 57 52
  101 63 40
  102 61 56
  103 55 40
  104 55 52
  105 61 44
  106 63 52
  107 67 44
  108 57 44
  109 51 52
  110 73 44
  111 55 56
  112 69 44
  113 51 48
  114 57 56
  115 69 52
  116 73 52
  117 57 40
  118 61 40
  119 67 40
  120 51 56
  121 63 48
  122 73 48
  123 63 56
  124 57 48
  125 10 10
  126 10 30
  127 12 30
  128 12 10
  129 16 10
  130 16 30
  131 18 30
  132 18 10
  133 22 10
  134 22 30
  135 24 30
  136 24 10
  137 28 10
  138 28 30
  139 30 30
  140 30 10
  141 34 10
  142 34 30
  143 36 30
  144 36 10
  145 40 10
  146 40 30
  147 42 30
  148 42 10
  149 46 10
  150 46 30
  151 48 30
  152 48 10
  153 52 10
  154 52 30
  155 54 30
  156 54 10
  157 58 10
  158 58 30
  159 60 30
  160 60 10
  161 64 10
  162 64 30
  163 66 30
  164 66 10
  165 70 10
  166 70 30
  167 72 30
  168 72 10
  169 10 40
  170 10 60
  171 12 60
  172 12 40
  173 16 40
  174 16 60
  175 18 60
  176 18 40
  177 22 40
  178 22 60
  179 24 60
  180 24 40
  181 28 40
  182 28 60
  183 30 60
  184 30 40
  185 34 40
  186 34 60
  187 36 60
  188 36 40
  189 40 40
  190 40 60
  191 42 60
  192 42 40
  193 46 40
  194 46 60
  195 48 60
  196 48 40
  197 52 40
  198 52 60
  199 54 60
  200 54 40
  201 58 40
  202 58 60
  203 60 60
  204 60 40
  205 64 40
  206 64 60
  207 66 60
  208 66 40
  209 70 40
  210 70 60
  211 72 60
  212 72 40
VISIT_LOCATION_SECTION
  2 2
  3 3
  4 4
  5 5
  6 6
  7 7
  8 8
  9 9
  10 10
  11 11
  12 12
  13 13
  14 14
  15 15
  16 16
  17 17
  18 18
  19 19
  20 20
  21 21
  22 22
  23 23
  24 24
  25 25
  26 26
  27 27
  28 28
  29 29
  30 30
  31 31
  32 32
  33 33
  34 34
  35 35
  36 36
  37 37
  38 38
  39 39
  40 40
  41 41
  42 42
  43 43
  44 44
  45 45
  46 46
  47 47
  48 48
  49 49
  50 50
  51 51
  52 52
  53 53
  54 54
  55 55
  56 56
  57 57
  58 58
  59 59
  60 60
  61 61
  62 62
  63 63
  64 64
  65 65
  66 66
  67 67
  68 68
  69 69
  70 70
  71 71
  72 72
  73 73
  74 74
  75 75
  76 76
  77 77
  78 78
  79 79
  80 80
  81 81
  82 82
  83 83
  84 84
  85 85
  86 86
  87 87
  88 88
  89 89
  90 90
  91 91
  92 92
  93 93
  94 94
  95 95
  96 96
  97 97
  98 98
  99 99
  100 100
  101 101
  102 102
  103 103
  104 104
  105 105
  106 106
  107 107
  108 108
  109 109
  110 110
  111 111
  112 112
  113 113
  114 114
  115 115
  116 116
  117 117
  118 118
  119 119
  120 120
  121 121
  122 122
  123 123
  124 124
COMMENT: TIMESTEP: 1
ORDERS_SECTION
  1 2 3
  2 4 5 6
  3 7 8 9 10
  4 11 12 13 14
  5 15 16 17 18
  6 19 20
  7 21 22
  8 23 24 25 26
  9 27 28
  10 29 30 31 32
  11 33 34 35
  12 36 37 38
  13 39 40
  14 41 42 43 44
  15 45 46
  16 47 48 49
  17 50 51 52
  18 53 54 55 56
  19 57 58 59
  20 60 61
  21 62 63 64 65
  22 66 67
  23 68 69 70 71
  24 72 73
  25 74 75
  26 76 77
  27 78 79 80 81
  28 82 83 84
  29 85 86 87 88
  30 89 90 91
  31 92 93 94 95
  32 96 97
  33 98 99 100 101
  34 102 103 104 105
  35 106 107 108
  36 109 110 111
  37 112 113 114
  38 115 116 117 118
  39 119 120
  40 121 122 123 124
TIME_AVAIL_SECTION
  1 1
  2 1
  3 1
  4 1
  5 1
  6 1
  7 1
  8 1
  9 1
  10 1
  11 1
  12 1
  13 1
  14 1
  15 1
  16 1
  17 1
  18 1
  19 1
  20 1
  21 1
  22 1
  23 1
  24 1
  25 1
  26 1
  27 1
  28 1
  29 1
  30 1
  31 1
  32 1
  33 1
  34 1
  35 1
  36 1
  37 1
  38 1
  39 1
  40 1
OBSTACLES
  1 125 126 127 128
  2 129 130 131 132
  3 133 134 135 136
  4 137 138 139 140
  5 141 142 143 144
  6 145 146 147 148
  7 149 150 151 152
  8 153 154 155 156
  9 157 158 159 160
  10 161 162 163 164
  11 165 166 167 168
  12 169 170 171 172
  13 173 174 175 176
  14 177 178 179 180
  15 181 182 183 184
  16 185 186 187 188
  17 189 190 191 192
  18 193 194 195 196
  19 197 198 199 200
  20 201 202 203 204
  21 205 206 207 208
  22 209 210 211 212
EOF
