VRPTEST 1.0
COMMENT: descr: Modified tsplib for the OBP
COMMENT: Best known objective: 594.0
COMMENT: Computational time (s): 0.025
NAME: c42_16ae
NUM_DEPOTS: 2
NUM_CAPACITIES: 1
NUM_VISITS: 42
NUM_LOCATIONS: 112
NUM_VEHICLES: 3
CAPACITIES: 4
DATA_SECTION
DEPOTS
  0
  1
LOCATION_COORD_SECTION
  0 70 40
  1 65 60
  2 51 16
  3 40 39
  4 51 20
  5 51 24
  6 43 12
  7 63 28
  8 39 24
  9 43 28
  10 55 28
  11 55 24
  12 57 20
  13 45 16
  14 20 61
  15 32 63
  16 32 73
  17 32 61
  18 24 69
  19 28 67
  20 36 63
  21 36 69
  22 44 57
  23 44 63
  24 36 61
  25 36 57
  26 28 61
  27 28 63
  28 16 51
  29 36 51
  30 36 55
  31 32 49
  32 32 51
  33 12 51
  34 40 49
  35 28 49
  36 28 51
  37 32 43
  38 24 49
  39 24 39
  40 24 45
  41 20 43
  42 40 45
  43 32 45
  44 10 10
  45 10 30
  46 12 30
  47 12 10
  48 16 10
  49 16 30
  50 18 30
  51 18 10
  52 22 10
  53 22 30
  54 24 30
  55 24 10
  56 28 10
  57 28 30
  58 30 30
  59 30 10
  60 34 10
  61 34 30
  62 36 30
  63 36 10
  64 40 10
  65 40 30
  66 42 30
  67 42 10
  68 46 10
  69 46 30
  70 48 30
  71 48 10
  72 52 10
  73 52 30
  74 54 30
  75 54 10
  76 58 10
  77 58 30
  78 60 30
  79 60 10
  80 64 10
  81 64 30
  82 66 30
  83 66 10
  84 70 10
  85 70 30
  86 72 30
  87 72 10
  88 10 40
  89 10 42
  90 50 42
  91 50 40
  92 10 46
  93 10 48
  94 50 48
  95 50 46
  96 10 52
  97 10 54
  98 50 54
  99 50 52
  100 10 58
  101 10 60
  102 50 60
  103 50 58
  104 10 64
  105 10 66
  106 50 66
  107 50 64
  108 10 70
  109 10 72
  110 50 72
  111 50 70
VISIT_LOCATION_SECTION
  2 2
  3 3
  4 4
  5 5
  6 6
  7 7
  8 8
  9 9
  10 10
  11 11
  12 12
  13 13
  14 14
  15 15
  16 16
  17 17
  18 18
  19 19
  20 20
  21 21
  22 22
  23 23
  24 24
  25 25
  26 26
  27 27
  28 28
  29 29
  30 30
  31 31
  32 32
  33 33
  34 34
  35 35
  36 36
  37 37
  38 38
  39 39
  40 40
  41 41
  42 42
  43 43
COMMENT: TIMESTEP: 1
ORDERS_SECTION
  1 2 3
  2 4 5 6 7
  3 8 9 10 11 12 13
  4 14 15 16 17 18
  5 19 20 21
  6 22 23 24 25 26 27
  7 28 29 30 31 32 33
  8 34 35 36
  9 37 38 39 40 41
  10 42 43
TIME_AVAIL_SECTION
  1 1
  2 1
  3 1
  4 1
  5 1
  6 1
  7 1
  8 1
  9 1
  10 1
OBSTACLES
  1 44 45 46 47
  2 48 49 50 51
  3 52 53 54 55
  4 56 57 58 59
  5 60 61 62 63
  6 64 65 66 67
  7 68 69 70 71
  8 72 73 74 75
  9 76 77 78 79
  10 80 81 82 83
  11 84 85 86 87
  12 88 89 90 91
  13 92 93 94 95
  14 96 97 98 99
  15 100 101 102 103
  16 104 105 106 107
  17 108 109 110 111
EOF
