VRPTEST 1.0
COMMENT: descr: Modified tsplib for the OBP
COMMENT: Best known objective: 2241.129
COMMENT: Computational time (s): 0.602686
NAME: c185_8823
NUM_CAPACITIES: 1
NUM_VISITS: 185
NUM_VEHICLES: 7
CAPACITIES: 5
DATA_SECTION
DEPOTS
  0
  1
VISIT_LOCATION_SECTION
  2 74
  3 50
  4 25
  5 77
  6 26
  7 109
  8 181
  9 35
  10 67
  11 61
  12 228
  13 195
  14 210
  15 260
  16 128
  17 143
  18 131
  19 234
  20 155
  21 175
  22 171
  23 124
  24 137
  25 173
  26 41
  27 53
  28 49
  29 70
  30 87
  31 151
  32 214
  33 157
  34 178
  35 138
  36 33
  37 17
  38 212
  39 196
  40 219
  41 261
  42 90
  43 197
  44 186
  45 94
  46 126
  47 248
  48 149
  49 120
  50 180
  51 118
  52 162
  53 22
  54 62
  55 3
  56 58
  57 52
  58 65
  59 37
  60 93
  61 91
  62 130
  63 174
  64 161
  65 66
  66 43
  67 55
  68 183
  69 240
  70 92
  71 250
  72 177
  73 156
  74 112
  75 163
  76 148
  77 19
  78 9
  79 20
  80 38
  81 36
  82 68
  83 59
  84 113
  85 48
  86 42
  87 208
  88 187
  89 204
  90 192
  91 99
  92 159
  93 230
  94 141
  95 176
  96 215
  97 247
  98 134
  99 263
  100 4
  101 51
  102 69
  103 6
  104 78
  105 18
  106 7
  107 23
  108 11
  109 220
  110 205
  111 79
  112 71
  113 217
  114 150
  115 164
  116 231
  117 158
  118 253
  119 108
  120 116
  121 216
  122 15
  123 64
  124 206
  125 224
  126 160
  127 123
  128 129
  129 198
  130 136
  131 237
  132 199
  133 142
  134 46
  135 13
  136 10
  137 14
  138 32
  139 21
  140 40
  141 5
  142 188
  143 207
  144 259
  145 96
  146 146
  147 57
  148 12
  149 76
  150 27
  151 8
  152 56
  153 45
  154 39
  155 241
  156 101
  157 203
  158 95
  159 170
  160 125
  161 218
  162 140
  163 165
  164 145
  165 169
  166 147
  167 236
  168 121
  169 16
  170 24
  171 44
  172 47
  173 86
  174 194
  175 225
  176 81
  177 227
  178 88
  179 226
  180 200
  181 132
  182 249
  183 110
  184 233
  185 119
  186 246
COMMENT: TIMESTEP: 1
ORDERS_SECTION
  1 2 3 4 5 6 7 8 9 10 11
  2 12 13 14 15
  3 16 17 18 19 20 21 22 23 24 25
  4 26 27 28 29
  5 30
  6 31 32 33 34 35
  7 36 37
  8 38 39 40 41 42 43 44 45
  9 46 47 48 49 50 51 52
  10 53 54 55 56 57 58 59
  11 60 61
  12 62 63 64
  13 65 66 67
  14 68 69 70
  15 71 72 73 74 75 76
  16 77 78 79 80 81 82 83 84 85 86
  17 87 88 89 90 91
  18 92 93 94 95 96 97 98 99
  19 100 101 102 103 104 105 106 107 108
  20 109 110 111 112
  21 113 114 115 116 117 118 119 120 121
  22 122 123
  23 124 125
  24 126 127 128 129 130 131 132 133
  25 134 135 136 137 138 139 140 141
  26 142 143 144 145
  27 146
  28 147 148 149 150 151 152 153 154
  29 155 156 157 158
  30 159 160 161 162 163 164 165 166 167 168
  31 169 170 171 172
  32 173 174 175 176 177 178 179
  33 180 181 182 183 184 185 186
TIME_AVAIL_SECTION
  1 1
  2 1
  3 1
  4 1
  5 1
  6 1
  7 1
  8 1
  9 1
  10 1
  11 1
  12 1
  13 1
  14 1
  15 1
  16 1
  17 1
  18 1
  19 1
  20 1
  21 1
  22 1
  23 1
  24 1
  25 1
  26 1
  27 1
  28 1
  29 1
  30 1
  31 1
  32 1
  33 1
EOF
