VRPTEST 1.0
COMMENT: descr: Modified tsplib for the OBP
COMMENT: Best known objective: 1170.0
COMMENT: Computational time (s): 0.148
NAME: c224_257b
NUM_DEPOTS: 2
NUM_CAPACITIES: 1
NUM_VISITS: 224
NUM_LOCATIONS: 226
NUM_VEHICLES: 7
CAPACITIES: 5
DATA_SECTION
DEPOTS
  0
  1
LOCATION_COORD_SECTION
  0 5 30
  1 5 50
  2 57 28
  3 57 27
  4 61 40
  5 58 44
  6 71 43
  7 58 55
  8 51 64
  9 66 47
  10 60 65
  11 62 47
  12 65 40
  13 64 51
  14 61 48
  15 62 45
  16 52 56
  17 65 58
  18 58 49
  19 58 27
  20 69 44
  21 70 44
  22 64 37
  23 64 56
  24 66 34
  25 59 37
  26 57 31
  27 65 61
  28 73 38
  29 69 45
  30 67 53
  31 51 50
  32 67 48
  33 61 56
  34 62 27
  35 72 52
  36 72 54
  37 60 47
  38 70 53
  39 61 46
  40 57 45
  41 61 52
  42 59 68
  43 55 44
  44 64 30
  45 55 59
  46 51 63
  47 55 43
  48 61 68
  49 58 60
  50 53 46
  51 60 40
  52 55 68
  53 59 30
  54 63 38
  55 60 61
  56 60 34
  57 57 65
  58 58 53
  59 57 30
  60 55 51
  61 61 29
  62 65 38
  63 71 46
  64 73 45
  65 37 47
  66 43 49
  67 42 55
  68 42 35
  69 42 40
  70 38 42
  71 44 39
  72 54 31
  73 50 35
  74 47 43
  75 49 43
  76 48 27
  77 43 50
  78 49 59
  79 47 29
  80 50 33
  81 50 51
  82 48 33
  83 46 35
  84 47 47
  85 38 43
  86 49 60
  87 38 49
  88 39 52
  89 49 54
  90 53 43
  91 44 46
  92 46 50
  93 50 36
  94 41 38
  95 46 51
  96 39 51
  97 49 36
  98 44 31
  99 39 58
  100 45 43
  101 42 49
  102 46 56
  103 52 44
  104 44 32
  105 37 43
  106 42 56
  107 45 58
  108 39 45
  109 45 35
  110 45 33
  111 46 43
  112 27 26
  113 14 41
  114 20 28
  115 36 53
  116 28 44
  117 13 41
  118 23 34
  119 21 38
  120 30 33
  121 16 52
  122 21 54
  123 18 32
  124 23 56
  125 22 61
  126 11 37
  127 20 46
  128 27 48
  129 22 54
  130 19 40
  131 20 59
  132 17 45
  133 26 46
  134 26 47
  135 31 44
  136 31 32
  137 28 57
  138 14 33
  139 28 35
  140 23 43
  141 15 51
  142 22 57
  143 24 42
  144 19 37
  145 23 47
  146 24 33
  147 29 42
  148 21 49
  149 12 43
  150 16 48
  151 31 56
  152 21 50
  153 36 51
  154 12 44
  155 28 65
  156 32 47
  157 28 56
  158 27 43
  159 33 42
  160 6 42
  161 14 32
  162 25 34
  163 21 43
  164 25 50
  165 10 42
  166 22 48
  167 13 33
  168 5 41
  169 25 48
  170 33 57
  171 14 38
  172 42 18
  173 18 15
  174 30 28
  175 38 16
  176 39 31
  177 48 26
  178 29 10
  179 51 10
  180 51 24
  181 40 14
  182 49 25
  183 21 14
  184 44 13
  185 25 15
  186 45 18
  187 54 15
  188 40 8
  189 54 16
  190 27 13
  191 21 21
  192 48 16
  193 42 31
  194 38 24
  195 42 9
  196 44 10
  197 22 18
  198 32 25
  199 50 26
  200 16 21
  201 39 22
  202 57 19
  203 30 24
  204 34 24
  205 44 11
  206 20 18
  207 36 34
  208 38 23
  209 32 5
  210 25 23
  211 18 19
  212 40 12
  213 23 19
  214 32 21
  215 56 19
  216 15 22
  217 38 17
  218 23 22
  219 54 20
  220 39 14
  221 15 18
  222 49 13
  223 43 19
  224 45 23
  225 34 17
VISIT_LOCATION_SECTION
  2 2
  3 3
  4 4
  5 5
  6 6
  7 7
  8 8
  9 9
  10 10
  11 11
  12 12
  13 13
  14 14
  15 15
  16 16
  17 17
  18 18
  19 19
  20 20
  21 21
  22 22
  23 23
  24 24
  25 25
  26 26
  27 27
  28 28
  29 29
  30 30
  31 31
  32 32
  33 33
  34 34
  35 35
  36 36
  37 37
  38 38
  39 39
  40 40
  41 41
  42 42
  43 43
  44 44
  45 45
  46 46
  47 47
  48 48
  49 49
  50 50
  51 51
  52 52
  53 53
  54 54
  55 55
  56 56
  57 57
  58 58
  59 59
  60 60
  61 61
  62 62
  63 63
  64 64
  65 65
  66 66
  67 67
  68 68
  69 69
  70 70
  71 71
  72 72
  73 73
  74 74
  75 75
  76 76
  77 77
  78 78
  79 79
  80 80
  81 81
  82 82
  83 83
  84 84
  85 85
  86 86
  87 87
  88 88
  89 89
  90 90
  91 91
  92 92
  93 93
  94 94
  95 95
  96 96
  97 97
  98 98
  99 99
  100 100
  101 101
  102 102
  103 103
  104 104
  105 105
  106 106
  107 107
  108 108
  109 109
  110 110
  111 111
  112 112
  113 113
  114 114
  115 115
  116 116
  117 117
  118 118
  119 119
  120 120
  121 121
  122 122
  123 123
  124 124
  125 125
  126 126
  127 127
  128 128
  129 129
  130 130
  131 131
  132 132
  133 133
  134 134
  135 135
  136 136
  137 137
  138 138
  139 139
  140 140
  141 141
  142 142
  143 143
  144 144
  145 145
  146 146
  147 147
  148 148
  149 149
  150 150
  151 151
  152 152
  153 153
  154 154
  155 155
  156 156
  157 157
  158 158
  159 159
  160 160
  161 161
  162 162
  163 163
  164 164
  165 165
  166 166
  167 167
  168 168
  169 169
  170 170
  171 171
  172 172
  173 173
  174 174
  175 175
  176 176
  177 177
  178 178
  179 179
  180 180
  181 181
  182 182
  183 183
  184 184
  185 185
  186 186
  187 187
  188 188
  189 189
  190 190
  191 191
  192 192
  193 193
  194 194
  195 195
  196 196
  197 197
  198 198
  199 199
  200 200
  201 201
  202 202
  203 203
  204 204
  205 205
  206 206
  207 207
  208 208
  209 209
  210 210
  211 211
  212 212
  213 213
  214 214
  215 215
  216 216
  217 217
  218 218
  219 219
  220 220
  221 221
  222 222
  223 223
  224 224
  225 225
COMMENT: TIMESTEP: 1
ORDERS_SECTION
  1 2 3 4 5 6 7 8 9 10 11 12 13
  2 14 15
  3 16 17 18 19 20 21 22 23 24 25
  4 26 27 28 29 30 31
  5 32 33 34 35 36
  6 37 38 39 40 41 42 43 44 45 46
  7 47 48 49 50 51 52 53
  8 54 55 56 57 58 59 60 61 62 63 64
  9 65 66 67 68 69 70 71 72 73 74 75 76 77
  10 78 79
  11 80 81 82 83 84 85 86 87 88 89
  12 90 91
  13 92 93 94 95
  14 96 97 98 99 100
  15 101 102 103 104
  16 105 106 107 108 109 110 111
  17 112 113 114 115 116 117 118 119 120
  18 121 122
  19 123 124 125 126 127 128 129 130 131 132 133
  20 134 135 136 137 138 139 140 141 142
  21 143 144 145 146 147 148 149 150
  22 151 152 153 154 155 156 157 158 159 160
  23 161 162 163 164 165 166 167 168 169 170 171
  24 172 173 174 175 176 177 178 179
  25 180 181 182 183 184 185 186 187 188 189 190 191
  26 192 193 194
  27 195 196 197 198 199
  28 200 201 202 203 204 205 206 207 208
  29 209 210 211 212 213 214 215 216 217 218 219 220 221
  30 222 223 224 225
TIME_AVAIL_SECTION
  1 1
  2 1
  3 1
  4 1
  5 1
  6 1
  7 1
  8 1
  9 1
  10 1
  11 1
  12 1
  13 1
  14 1
  15 1
  16 1
  17 1
  18 1
  19 1
  20 1
  21 1
  22 1
  23 1
  24 1
  25 1
  26 1
  27 1
  28 1
  29 1
  30 1
EOF
