VRPTEST 1.0
COMMENT: descr: Modified tsplib for the OBP
COMMENT: Best known objective: 887.223
COMMENT: Computational time (s): 0.141874
NAME: c83_779d
NUM_CAPACITIES: 1
NUM_VISITS: 83
NUM_VEHICLES: 3
CAPACITIES: 5
DATA_SECTION
DEPOTS
  0
  1
VISIT_LOCATION_SECTION
  2 3
  3 21
  4 20
  5 55
  6 28
  7 227
  8 100
  9 259
  10 88
  11 186
  12 206
  13 98
  14 146
  15 147
  16 141
  17 172
  18 179
  19 148
  20 236
  21 138
  22 18
  23 24
  24 49
  25 14
  26 42
  27 69
  28 35
  29 10
  30 15
  31 11
  32 209
  33 101
  34 182
  35 261
  36 212
  37 71
  38 174
  39 200
  40 176
  41 128
  42 217
  43 249
  44 232
  45 51
  46 30
  47 59
  48 2
  49 113
  50 213
  51 81
  52 108
  53 234
  54 215
  55 133
  56 144
  57 230
  58 116
  59 218
  60 253
  61 122
  62 60
  63 48
  64 22
  65 77
  66 5
  67 7
  68 41
  69 76
  70 224
  71 226
  72 244
  73 142
  74 247
  75 154
  76 29
  77 6
  78 13
  79 32
  80 109
  81 53
  82 225
  83 80
  84 258
COMMENT: TIMESTEP: 1
ORDERS_SECTION
  1 2 3 4 5 6
  2 7 8 9 10 11 12 13
  3 14 15 16 17 18 19 20 21
  4 22 23 24 25 26 27 28 29 30 31
  5 32 33 34 35 36 37
  6 38 39 40 41 42 43 44
  7 45 46 47 48 49
  8 50 51
  9 52 53 54 55 56 57 58 59 60 61
  10 62 63 64 65 66 67 68 69
  11 70 71 72
  12 73 74 75
  13 76 77 78 79 80 81
  14 82 83 84
TIME_AVAIL_SECTION
  1 1
  2 1
  3 1
  4 1
  5 1
  6 1
  7 1
  8 1
  9 1
  10 1
  11 1
  12 1
  13 1
  14 1
EOF
