VRPTEST 1.0
COMMENT: descr: Modified tsplib for the OBP
COMMENT: Best known objective: 1209.871
COMMENT: Computational time (s): 0.19639
NAME: c98_ac3d
NUM_CAPACITIES: 1
NUM_VISITS: 98
NUM_VEHICLES: 4
CAPACITIES: 4
DATA_SECTION
DEPOTS
  0
  1
VISIT_LOCATION_SECTION
  2 20
  3 81
  4 98
  5 90
  6 88
  7 129
  8 126
  9 214
  10 193
  11 165
  12 195
  13 213
  14 70
  15 26
  16 13
  17 22
  18 17
  19 11
  20 58
  21 15
  22 79
  23 65
  24 37
  25 59
  26 105
  27 89
  28 128
  29 99
  30 151
  31 102
  32 141
  33 116
  34 183
  35 178
  36 217
  37 224
  38 138
  39 189
  40 177
  41 181
  42 220
  43 208
  44 76
  45 130
  46 211
  47 203
  48 201
  49 160
  50 145
  51 207
  52 118
  53 168
  54 139
  55 171
  56 204
  57 186
  58 161
  59 173
  60 24
  61 25
  62 63
  63 56
  64 78
  65 12
  66 43
  67 23
  68 68
  69 33
  70 42
  71 86
  72 69
  73 47
  74 131
  75 100
  76 96
  77 101
  78 110
  79 95
  80 91
  81 104
  82 164
  83 223
  84 206
  85 226
  86 176
  87 153
  88 228
  89 159
  90 192
  91 184
  92 142
  93 205
  94 21
  95 3
  96 119
  97 36
  98 123
  99 50
COMMENT: TIMESTEP: 1
ORDERS_SECTION
  1 2
  2 3 4 5 6 7
  3 8 9 10 11 12 13
  4 14 15 16 17 18 19 20 21 22 23 24 25
  5 26 27 28 29 30 31
  6 32 33 34 35 36 37 38 39 40 41 42 43
  7 44
  8 45
  9 46 47 48 49 50 51 52 53 54 55 56 57 58 59
  10 60 61 62 63 64 65 66 67 68 69 70 71 72 73
  11 74 75 76 77 78 79 80 81
  12 82 83 84 85 86 87 88 89 90 91 92 93
  13 94 95 96 97 98 99
TIME_AVAIL_SECTION
  1 1
  2 1
  3 1
  4 1
  5 1
  6 1
  7 1
  8 1
  9 1
  10 1
  11 1
  12 1
  13 1
EOF
