VRPTEST 1.0
COMMENT: descr: Modified tsplib for the OBP
COMMENT: Best known objective: 984.418
COMMENT: Computational time (s): 0.075109
NAME: c62_96c0
NUM_CAPACITIES: 1
NUM_VISITS: 62
NUM_VEHICLES: 4
CAPACITIES: 7
DATA_SECTION
DEPOTS
  0
  1
VISIT_LOCATION_SECTION
  2 2
  3 4
  4 58
  5 242
  6 223
  7 81
  8 80
  9 156
  10 144
  11 180
  12 250
  13 199
  14 35
  15 244
  16 226
  17 206
  18 257
  19 86
  20 124
  21 133
  22 129
  23 152
  24 263
  25 78
  26 109
  27 71
  28 91
  29 191
  30 197
  31 88
  32 164
  33 214
  34 154
  35 40
  36 53
  37 245
  38 145
  39 143
  40 173
  41 151
  42 64
  43 76
  44 33
  45 188
  46 112
  47 146
  48 47
  49 59
  50 202
  51 198
  52 122
  53 131
  54 181
  55 45
  56 49
  57 100
  58 201
  59 148
  60 126
  61 132
  62 155
  63 231
COMMENT: TIMESTEP: 1
ORDERS_SECTION
  1 2 3 4
  2 5 6 7 8
  3 9 10 11 12 13
  4 14
  5 15 16 17 18 19
  6 20 21 22 23 24
  7 25 26
  8 27 28 29 30 31
  9 32 33 34
  10 35 36
  11 37
  12 38 39 40 41
  13 42 43 44
  14 45
  15 46 47
  16 48 49
  17 50
  18 51 52 53
  19 54 55 56
  20 57 58
  21 59 60 61 62 63
TIME_AVAIL_SECTION
  1 1
  2 1
  3 1
  4 1
  5 1
  6 1
  7 1
  8 1
  9 1
  10 1
  11 1
  12 1
  13 1
  14 1
  15 1
  16 1
  17 1
  18 1
  19 1
  20 1
  21 1
EOF
