VRPTEST 1.0
COMMENT: descr: Modified tsplib for the OBP
COMMENT: Best known objective: 679.0
COMMENT: Computational time (s): 0.028
NAME: c59_1950
NUM_DEPOTS: 2
NUM_CAPACITIES: 1
NUM_VISITS: 59
NUM_LOCATIONS: 143
NUM_VEHICLES: 4
CAPACITIES: 5
DATA_SECTION
DEPOTS
  0
  1
LOCATION_COORD_SECTION
  0 32 5
  1 45 5
  2 63 20
  3 67 44
  4 67 40
  5 61 40
  6 63 44
  7 69 44
  8 63 48
  9 57 40
  10 63 40
  11 21 48
  12 73 40
  13 61 44
  14 49 52
  15 33 44
  16 43 44
  17 37 52
  18 43 48
  19 37 48
  20 37 56
  21 45 52
  22 31 56
  23 45 48
  24 39 56
  25 51 56
  26 39 48
  27 33 52
  28 55 56
  29 33 28
  30 25 12
  31 21 24
  32 27 12
  33 33 24
  34 21 56
  35 19 24
  36 33 20
  37 25 16
  38 27 28
  39 25 20
  40 21 16
  41 61 24
  42 45 28
  43 67 24
  44 49 24
  45 51 28
  46 57 28
  47 49 28
  48 57 16
  49 61 28
  50 63 28
  51 51 24
  52 55 24
  53 55 28
  54 73 28
  55 10 10
  56 10 30
  57 12 30
  58 12 10
  59 16 10
  60 16 30
  61 18 30
  62 18 10
  63 22 10
  64 22 30
  65 24 30
  66 24 10
  67 28 10
  68 28 30
  69 30 30
  70 30 10
  71 34 10
  72 34 30
  73 36 30
  74 36 10
  75 40 10
  76 40 30
  77 42 30
  78 42 10
  79 46 10
  80 46 30
  81 48 30
  82 48 10
  83 52 10
  84 52 30
  85 54 30
  86 54 10
  87 58 10
  88 58 30
  89 60 30
  90 60 10
  91 64 10
  92 64 30
  93 66 30
  94 66 10
  95 70 10
  96 70 30
  97 72 30
  98 72 10
  99 10 40
  100 10 60
  101 12 60
  102 12 40
  103 16 40
  104 16 60
  105 18 60
  106 18 40
  107 22 40
  108 22 60
  109 24 60
  110 24 40
  111 28 40
  112 28 60
  113 30 60
  114 30 40
  115 34 40
  116 34 60
  117 36 60
  118 36 40
  119 40 40
  120 40 60
  121 42 60
  122 42 40
  123 46 40
  124 46 60
  125 48 60
  126 48 40
  127 52 40
  128 52 60
  129 54 60
  130 54 40
  131 58 40
  132 58 60
  133 60 60
  134 60 40
  135 64 40
  136 64 60
  137 66 60
  138 66 40
  139 70 40
  140 70 60
  141 72 60
  142 72 40
VISIT_LOCATION_SECTION
  2 2
  3 3
  4 4
  5 5
  6 6
  7 7
  8 8
  9 9
  10 10
  11 11
  12 12
  13 13
  14 14
  15 15
  16 16
  17 17
  18 18
  19 19
  20 20
  21 21
  22 22
  23 23
  24 24
  25 25
  26 26
  27 27
  28 28
  29 29
  30 30
  31 31
  32 32
  33 33
  34 34
  35 35
  36 36
  37 37
  38 38
  39 39
  40 40
  41 41
  42 42
  43 43
  44 44
  45 45
  46 46
  47 47
  48 48
  49 49
  50 50
  51 51
  52 52
  53 53
  54 54
COMMENT: TIMESTEP: 1
ORDERS_SECTION
  1 2 3
  2 4 5 6 7
  3 8 9
  4 10 11 12 13 11
  5 14 15 15
  6 16 17 18 19 20
  7 21 22 23 24 25
  8 26 27 28
  9 29 30 31 14
  10 32 33 51
  11 34 35 36
  12 37 38 39
  13 40 41 42 43 44 15
  14 45 46 47 48 49 2
  15 50 51 52 53 54
TIME_AVAIL_SECTION
  1 1
  2 1
  3 1
  4 1
  5 1
  6 1
  7 1
  8 1
  9 1
  10 1
  11 1
  12 1
  13 1
  14 1
  15 1
OBSTACLES
  1 55 56 57 58
  2 59 60 61 62
  3 63 64 65 66
  4 67 68 69 70
  5 71 72 73 74
  6 75 76 77 78
  7 79 80 81 82
  8 83 84 85 86
  9 87 88 89 90
  10 91 92 93 94
  11 95 96 97 98
  12 99 100 101 102
  13 103 104 105 106
  14 107 108 109 110
  15 111 112 113 114
  16 115 116 117 118
  17 119 120 121 122
  18 123 124 125 126
  19 127 128 129 130
  20 131 132 133 134
  21 135 136 137 138
  22 139 140 141 142
EOF
