VRPTEST 1.0
COMMENT: descr: Modified tsplib for the OBP
COMMENT: Best known objective: 1236.711
COMMENT: Computational time (s): 0.362959
NAME: c125_5158
NUM_CAPACITIES: 1
NUM_VISITS: 125
NUM_VEHICLES: 7
CAPACITIES: 4
DATA_SECTION
DEPOTS
  0
  1
VISIT_LOCATION_SECTION
  2 398
  3 26
  4 289
  5 268
  6 157
  7 388
  8 122
  9 405
  10 181
  11 406
  12 464
  13 393
  14 450
  15 214
  16 194
  17 315
  18 182
  19 298
  20 474
  21 40
  22 43
  23 216
  24 418
  25 72
  26 47
  27 46
  28 387
  29 397
  30 379
  31 300
  32 224
  33 396
  34 85
  35 207
  36 465
  37 78
  38 318
  39 223
  40 45
  41 197
  42 259
  43 7
  44 161
  45 249
  46 12
  47 51
  48 243
  49 242
  50 25
  51 420
  52 332
  53 352
  54 313
  55 271
  56 96
  57 350
  58 179
  59 126
  60 133
  61 335
  62 213
  63 272
  64 109
  65 325
  66 425
  67 10
  68 106
  69 274
  70 22
  71 232
  72 263
  73 366
  74 65
  75 427
  76 188
  77 98
  78 392
  79 3
  80 306
  81 417
  82 60
  83 446
  84 347
  85 20
  86 278
  87 327
  88 180
  89 63
  90 59
  91 34
  92 326
  93 42
  94 468
  95 276
  96 145
  97 462
  98 235
  99 422
  100 283
  101 255
  102 218
  103 331
  104 137
  105 394
  106 125
  107 438
  108 412
  109 206
  110 281
  111 129
  112 152
  113 102
  114 124
  115 35
  116 18
  117 472
  118 384
  119 99
  120 37
  121 228
  122 292
  123 310
  124 344
  125 221
  126 212
COMMENT: TIMESTEP: 1
ORDERS_SECTION
  1 2 3
  2 4 5
  3 6 7 8 9 10 11 12
  4 13 14 15 16 17
  5 18 19 20
  6 21 22 23 24 25 26
  7 27 28 29
  8 30 31 32 33
  9 34 35 36 37
  10 38 39 40 41
  11 42 43 44 45
  12 46 47 48
  13 49 50 51 52 53 54
  14 55 56 57 58 59
  15 60 61 62 63 64
  16 65 66 67 68 69 70
  17 71 72 73 74 75 76
  18 77 78 79 80 81 82
  19 83 84 85 86
  20 87 88 89 90 91 92 93
  21 94 95 96 97
  22 98 99 100 101
  23 102 103 104 105
  24 106 107 108 109 110 111 112
  25 113 114 115 116
  26 117 118 119
  27 120 121 122 123 124 125 126
TIME_AVAIL_SECTION
  1 1
  2 1
  3 1
  4 1
  5 1
  6 1
  7 1
  8 1
  9 1
  10 1
  11 1
  12 1
  13 1
  14 1
  15 1
  16 1
  17 1
  18 1
  19 1
  20 1
  21 1
  22 1
  23 1
  24 1
  25 1
  26 1
  27 1
EOF
