VRPTEST 1.0
COMMENT: descr: Modified tsplib for the OBP
COMMENT: Best known objective: 204.0
COMMENT: Computational time (s): 0.009
NAME: c17_03e9
NUM_DEPOTS: 2
NUM_CAPACITIES: 1
NUM_VISITS: 17
NUM_LOCATIONS: 105
NUM_VEHICLES: 2
CAPACITIES: 5
DATA_SECTION
DEPOTS
  0
  1
LOCATION_COORD_SECTION
  0 32 5
  1 45 5
  2 67 56
  3 61 56
  4 67 52
  5 63 56
  6 63 52
  7 31 44
  8 33 44
  9 31 48
  10 55 24
  11 67 24
  12 25 44
  13 73 28
  14 73 40
  15 67 40
  16 69 40
  17 10 10
  18 10 30
  19 12 30
  20 12 10
  21 16 10
  22 16 30
  23 18 30
  24 18 10
  25 22 10
  26 22 30
  27 24 30
  28 24 10
  29 28 10
  30 28 30
  31 30 30
  32 30 10
  33 34 10
  34 34 30
  35 36 30
  36 36 10
  37 40 10
  38 40 30
  39 42 30
  40 42 10
  41 46 10
  42 46 30
  43 48 30
  44 48 10
  45 52 10
  46 52 30
  47 54 30
  48 54 10
  49 58 10
  50 58 30
  51 60 30
  52 60 10
  53 64 10
  54 64 30
  55 66 30
  56 66 10
  57 70 10
  58 70 30
  59 72 30
  60 72 10
  61 10 40
  62 10 60
  63 12 60
  64 12 40
  65 16 40
  66 16 60
  67 18 60
  68 18 40
  69 22 40
  70 22 60
  71 24 60
  72 24 40
  73 28 40
  74 28 60
  75 30 60
  76 30 40
  77 34 40
  78 34 60
  79 36 60
  80 36 40
  81 40 40
  82 40 60
  83 42 60
  84 42 40
  85 46 40
  86 46 60
  87 48 60
  88 48 40
  89 52 40
  90 52 60
  91 54 60
  92 54 40
  93 58 40
  94 58 60
  95 60 60
  96 60 40
  97 64 40
  98 64 60
  99 66 60
  100 66 40
  101 70 40
  102 70 60
  103 72 60
  104 72 40
VISIT_LOCATION_SECTION
  2 2
  3 3
  4 4
  5 5
  6 6
  7 7
  8 8
  9 9
  10 10
  11 11
  12 12
  13 13
  14 14
  15 15
  16 16
COMMENT: TIMESTEP: 1
ORDERS_SECTION
  1 2 3
  2 4 5 6 13
  3 7 8
  4 9 10 11 12 13
  5 14 15 16 11
TIME_AVAIL_SECTION
  1 1
  2 1
  3 1
  4 1
  5 1
OBSTACLES
  1 17 18 19 20
  2 21 22 23 24
  3 25 26 27 28
  4 29 30 31 32
  5 33 34 35 36
  6 37 38 39 40
  7 41 42 43 44
  8 45 46 47 48
  9 49 50 51 52
  10 53 54 55 56
  11 57 58 59 60
  12 61 62 63 64
  13 65 66 67 68
  14 69 70 71 72
  15 73 74 75 76
  16 77 78 79 80
  17 81 82 83 84
  18 85 86 87 88
  19 89 90 91 92
  20 93 94 95 96
  21 97 98 99 100
  22 101 102 103 104
EOF
