VRPTEST 1.0
COMMENT: descr: Modified tsplib for the OBP
COMMENT: Best known objective: 925.0
COMMENT: Computational time (s): 0.033
NAME: c65_0e91
NUM_DEPOTS: 2
NUM_CAPACITIES: 1
NUM_VISITS: 65
NUM_LOCATIONS: 135
NUM_VEHICLES: 4
CAPACITIES: 4
DATA_SECTION
DEPOTS
  0
  1
LOCATION_COORD_SECTION
  0 70 40
  1 65 60
  2 36 55
  3 36 57
  4 32 67
  5 40 67
  6 44 63
  7 40 73
  8 40 63
  9 48 67
  10 44 73
  11 40 69
  12 48 57
  13 48 63
  14 32 57
  15 40 61
  16 36 61
  17 40 55
  18 44 57
  19 44 67
  20 36 69
  21 37 28
  22 27 24
  23 13 24
  24 37 24
  25 25 12
  26 25 20
  27 33 24
  28 19 12
  29 31 20
  30 19 16
  31 33 28
  32 15 20
  33 13 20
  34 27 16
  35 31 24
  36 31 28
  37 9 28
  38 25 24
  39 27 28
  40 19 20
  41 20 39
  42 15 28
  43 28 57
  44 24 61
  45 20 45
  46 28 55
  47 24 67
  48 16 55
  49 32 39
  50 12 49
  51 36 43
  52 20 51
  53 16 43
  54 12 55
  55 16 51
  56 24 57
  57 16 57
  58 28 43
  59 24 43
  60 40 39
  61 48 43
  62 44 45
  63 44 43
  64 36 51
  65 48 55
  66 40 49
  67 10 10
  68 10 30
  69 12 30
  70 12 10
  71 16 10
  72 16 30
  73 18 30
  74 18 10
  75 22 10
  76 22 30
  77 24 30
  78 24 10
  79 28 10
  80 28 30
  81 30 30
  82 30 10
  83 34 10
  84 34 30
  85 36 30
  86 36 10
  87 40 10
  88 40 30
  89 42 30
  90 42 10
  91 46 10
  92 46 30
  93 48 30
  94 48 10
  95 52 10
  96 52 30
  97 54 30
  98 54 10
  99 58 10
  100 58 30
  101 60 30
  102 60 10
  103 64 10
  104 64 30
  105 66 30
  106 66 10
  107 70 10
  108 70 30
  109 72 30
  110 72 10
  111 10 40
  112 10 42
  113 50 42
  114 50 40
  115 10 46
  116 10 48
  117 50 48
  118 50 46
  119 10 52
  120 10 54
  121 50 54
  122 50 52
  123 10 58
  124 10 60
  125 50 60
  126 50 58
  127 10 64
  128 10 66
  129 50 66
  130 50 64
  131 10 70
  132 10 72
  133 50 72
  134 50 70
VISIT_LOCATION_SECTION
  2 2
  3 3
  4 4
  5 5
  6 6
  7 7
  8 8
  9 9
  10 10
  11 11
  12 12
  13 13
  14 14
  15 15
  16 16
  17 17
  18 18
  19 19
  20 20
  21 21
  22 22
  23 23
  24 24
  25 25
  26 26
  27 27
  28 28
  29 29
  30 30
  31 31
  32 32
  33 33
  34 34
  35 35
  36 36
  37 37
  38 38
  39 39
  40 40
  41 41
  42 42
  43 43
  44 44
  45 45
  46 46
  47 47
  48 48
  49 49
  50 50
  51 51
  52 52
  53 53
  54 54
  55 55
  56 56
  57 57
  58 58
  59 59
  60 60
  61 61
  62 62
  63 63
  64 64
  65 65
  66 66
COMMENT: TIMESTEP: 1
ORDERS_SECTION
  1 2 3 4 5 6 7 8 9
  2 10 11 12
  3 13 14 15 16 17
  4 18 19 20
  5 21 22
  6 23 24 25 26 27 28 29 30
  7 31 32 33 34 35 36 37
  8 38 39 40 41 42
  9 43 44 45 46
  10 47 48 49 50 51 52 53 54
  11 55 56 57
  12 58 59
  13 60 61
  14 62 63 64
  15 65 66
TIME_AVAIL_SECTION
  1 1
  2 1
  3 1
  4 1
  5 1
  6 1
  7 1
  8 1
  9 1
  10 1
  11 1
  12 1
  13 1
  14 1
  15 1
OBSTACLES
  1 67 68 69 70
  2 71 72 73 74
  3 75 76 77 78
  4 79 80 81 82
  5 83 84 85 86
  6 87 88 89 90
  7 91 92 93 94
  8 95 96 97 98
  9 99 100 101 102
  10 103 104 105 106
  11 107 108 109 110
  12 111 112 113 114
  13 115 116 117 118
  14 119 120 121 122
  15 123 124 125 126
  16 127 128 129 130
  17 131 132 133 134
EOF
