DEPOTS
  0
  1
NUM_DEPOTS: 2
NUM_LOCATIONS: 310
TYPE: OBP
LOCATION_COORD_SECTION
  0 20 5
  1 50 5
  2 9 12
  3 13 12
  4 9 16
  5 13 16
  6 9 20
  7 13 20
  8 9 24
  9 13 24
  10 9 28
  11 13 28
  12 15 12
  13 19 12
  14 15 16
  15 19 16
  16 15 20
  17 19 20
  18 15 24
  19 19 24
  20 15 28
  21 19 28
  22 21 12
  23 25 12
  24 21 16
  25 25 16
  26 21 20
  27 25 20
  28 21 24
  29 25 24
  30 21 28
  31 25 28
  32 27 12
  33 31 12
  34 27 16
  35 31 16
  36 27 20
  37 31 20
  38 27 24
  39 31 24
  40 27 28
  41 31 28
  42 33 12
  43 37 12
  44 33 16
  45 37 16
  46 33 20
  47 37 20
  48 33 24
  49 37 24
  50 33 28
  51 37 28
  52 39 12
  53 43 12
  54 39 16
  55 43 16
  56 39 20
  57 43 20
  58 39 24
  59 43 24
  60 39 28
  61 43 28
  62 45 12
  63 49 12
  64 45 16
  65 49 16
  66 45 20
  67 49 20
  68 45 24
  69 49 24
  70 45 28
  71 49 28
  72 51 12
  73 55 12
  74 51 16
  75 55 16
  76 51 20
  77 55 20
  78 51 24
  79 55 24
  80 51 28
  81 55 28
  82 57 12
  83 61 12
  84 57 16
  85 61 16
  86 57 20
  87 61 20
  88 57 24
  89 61 24
  90 57 28
  91 61 28
  92 63 12
  93 67 12
  94 63 16
  95 67 16
  96 63 20
  97 67 20
  98 63 24
  99 67 24
  100 63 28
  101 67 28
  102 69 12
  103 73 12
  104 69 16
  105 73 16
  106 69 20
  107 73 20
  108 69 24
  109 73 24
  110 69 28
  111 73 28
  112 9 40
  113 13 40
  114 9 44
  115 13 44
  116 9 48
  117 13 48
  118 9 52
  119 13 52
  120 9 56
  121 13 56
  122 15 40
  123 19 40
  124 15 44
  125 19 44
  126 15 48
  127 19 48
  128 15 52
  129 19 52
  130 15 56
  131 19 56
  132 21 40
  133 25 40
  134 21 44
  135 25 44
  136 21 48
  137 25 48
  138 21 52
  139 25 52
  140 21 56
  141 25 56
  142 27 40
  143 31 40
  144 27 44
  145 31 44
  146 27 48
  147 31 48
  148 27 52
  149 31 52
  150 27 56
  151 31 56
  152 33 40
  153 37 40
  154 33 44
  155 37 44
  156 33 48
  157 37 48
  158 33 52
  159 37 52
  160 33 56
  161 37 56
  162 39 40
  163 43 40
  164 39 44
  165 43 44
  166 39 48
  167 43 48
  168 39 52
  169 43 52
  170 39 56
  171 43 56
  172 45 40
  173 49 40
  174 45 44
  175 49 44
  176 45 48
  177 49 48
  178 45 52
  179 49 52
  180 45 56
  181 49 56
  182 51 40
  183 55 40
  184 51 44
  185 55 44
  186 51 48
  187 55 48
  188 51 52
  189 55 52
  190 51 56
  191 55 56
  192 57 40
  193 61 40
  194 57 44
  195 61 44
  196 57 48
  197 61 48
  198 57 52
  199 61 52
  200 57 56
  201 61 56
  202 63 40
  203 67 40
  204 63 44
  205 67 44
  206 63 48
  207 67 48
  208 63 52
  209 67 52
  210 63 56
  211 67 56
  212 69 40
  213 73 40
  214 69 44
  215 73 44
  216 69 48
  217 73 48
  218 69 52
  219 73 52
  220 69 56
  221 73 56
  222 10 10
  223 10 30
  224 12 30
  225 12 10
  226 16 10
  227 16 30
  228 18 30
  229 18 10
  230 22 10
  231 22 30
  232 24 30
  233 24 10
  234 28 10
  235 28 30
  236 30 30
  237 30 10
  238 34 10
  239 34 30
  240 36 30
  241 36 10
  242 40 10
  243 40 30
  244 42 30
  245 42 10
  246 46 10
  247 46 30
  248 48 30
  249 48 10
  250 52 10
  251 52 30
  252 54 30
  253 54 10
  254 58 10
  255 58 30
  256 60 30
  257 60 10
  258 64 10
  259 64 30
  260 66 30
  261 66 10
  262 70 10
  263 70 30
  264 72 30
  265 72 10
  266 10 40
  267 10 60
  268 12 60
  269 12 40
  270 16 40
  271 16 60
  272 18 60
  273 18 40
  274 22 40
  275 22 60
  276 24 60
  277 24 40
  278 28 40
  279 28 60
  280 30 60
  281 30 40
  282 34 40
  283 34 60
  284 36 60
  285 36 40
  286 40 40
  287 40 60
  288 42 60
  289 42 40
  290 46 40
  291 46 60
  292 48 60
  293 48 40
  294 52 40
  295 52 60
  296 54 60
  297 54 40
  298 58 40
  299 58 60
  300 60 60
  301 60 40
  302 64 40
  303 64 60
  304 66 60
  305 66 40
  306 70 40
  307 70 60
  308 72 60
  309 72 40
