VRPTEST 1.0
COMMENT: descr: Modified tsplib for the OBP
COMMENT: Best known objective: 1662.0
COMMENT: Computational time (s): 0.42469000000000007
NAME: c111_80cc
NUM_CAPACITIES: 1
NUM_VISITS: 111
NUM_VEHICLES: 11
CAPACITIES: 3
DATA_SECTION
DEPOTS
  0
  1
VISIT_LOCATION_SECTION
  2 59
  3 48
  4 163
  5 104
  6 195
  7 220
  8 89
  9 38
  10 60
  11 10
  12 215
  13 202
  14 43
  15 25
  16 101
  17 109
  18 106
  19 17
  20 156
  21 24
  22 41
  23 53
  24 193
  25 71
  26 16
  27 40
  28 154
  29 218
  30 204
  31 183
  32 14
  33 21
  34 97
  35 99
  36 197
  37 108
  38 86
  39 45
  40 52
  41 94
  42 96
  43 100
  44 209
  45 84
  46 152
  47 39
  48 3
  49 66
  50 62
  51 90
  52 88
  53 213
  54 63
  55 27
  56 19
  57 47
  58 74
  59 98
  60 102
  61 92
  62 203
  63 214
  64 44
  65 34
  66 6
  67 64
  68 91
  69 79
  70 85
  71 93
  72 75
  73 46
  74 217
  75 192
  76 212
  77 194
  78 68
  79 76
  80 28
  81 11
  82 103
  83 95
  84 205
  85 219
  86 135
  87 9
  88 55
  89 4
  90 7
  91 81
  92 105
  93 23
  94 8
  95 147
  96 30
  97 153
  98 87
  99 182
  100 216
  101 26
  102 145
  103 80
  104 83
  105 208
  106 211
  107 110
  108 77
  109 32
  110 18
  111 13
  112 61
COMMENT: TIMESTEP: 1
ORDERS_SECTION
  1 2 3 4
  2 5 6 7 8
  3 9 10 11
  4 12 13
  5 14 15
  6 16 17 18
  7 19 20 21 22 23
  8 24 25
  9 26 27 28
  10 29 30 31
  11 32 33
  12 34 35 36 37 38
  13 39 40
  14 41 42 43 44 45
  15 46 47 48 49 50
  16 51 52 53
  17 54 55 56 57 58
  18 59 60 61 62 63
  19 64 65 66 67
  20 68 69 70 71
  21 72 73
  22 74 75 76 77
  23 78 79 80 81
  24 82 83 84 85
  25 86 87 88 89 90
  26 91 92
  27 93 94 95 96 97
  28 98 99 100
  29 101 102
  30 103 104 105 106 107
  31 108 109 110 111 112
TIME_AVAIL_SECTION
  1 1
  2 1
  3 1
  4 1
  5 1
  6 1
  7 1
  8 1
  9 1
  10 1
  11 1
  12 1
  13 1
  14 1
  15 1
  16 1
  17 1
  18 1
  19 1
  20 1
  21 1
  22 1
  23 1
  24 1
  25 1
  26 1
  27 1
  28 1
  29 1
  30 1
  31 1
EOF
