VRPTEST 1.0
COMMENT: descr: Modified tsplib for the OBP
COMMENT: Best known objective: 2064.42
COMMENT: Computational time (s): 1.0767280000000001
NAME: c254_d3da
NUM_CAPACITIES: 1
NUM_VISITS: 254
NUM_VEHICLES: 9
CAPACITIES: 4
DATA_SECTION
DEPOTS
  0
  1
VISIT_LOCATION_SECTION
  2 57
  3 422
  4 172
  5 274
  6 41
  7 425
  8 44
  9 133
  10 155
  11 290
  12 139
  13 386
  14 154
  15 284
  16 372
  17 199
  18 374
  19 119
  20 361
  21 275
  22 75
  23 282
  24 70
  25 419
  26 382
  27 61
  28 220
  29 24
  30 208
  31 13
  32 443
  33 424
  34 343
  35 63
  36 437
  37 102
  38 459
  39 97
  40 247
  41 393
  42 10
  43 164
  44 241
  45 73
  46 60
  47 371
  48 185
  49 387
  50 90
  51 276
  52 254
  53 204
  54 170
  55 56
  56 177
  57 278
  58 214
  59 36
  60 349
  61 99
  62 157
  63 296
  64 198
  65 100
  66 277
  67 468
  68 261
  69 390
  70 174
  71 121
  72 112
  73 316
  74 109
  75 235
  76 338
  77 324
  78 433
  79 65
  80 171
  81 364
  82 118
  83 48
  84 336
  85 176
  86 46
  87 234
  88 225
  89 110
  90 307
  91 376
  92 471
  93 8
  94 76
  95 35
  96 168
  97 194
  98 78
  99 301
  100 224
  101 378
  102 335
  103 384
  104 360
  105 467
  106 27
  107 184
  108 52
  109 49
  110 186
  111 255
  112 411
  113 302
  114 407
  115 402
  116 140
  117 181
  118 153
  119 285
  120 148
  121 458
  122 257
  123 398
  124 294
  125 161
  126 326
  127 409
  128 399
  129 137
  130 341
  131 237
  132 333
  133 451
  134 95
  135 51
  136 103
  137 358
  138 465
  139 74
  140 126
  141 319
  142 188
  143 38
  144 410
  145 345
  146 428
  147 383
  148 460
  149 79
  150 143
  151 325
  152 297
  153 183
  154 37
  155 34
  156 250
  157 215
  158 163
  159 2
  160 64
  161 347
  162 455
  163 256
  164 55
  165 182
  166 305
  167 331
  168 98
  169 101
  170 246
  171 169
  172 114
  173 66
  174 21
  175 446
  176 318
  177 213
  178 85
  179 403
  180 265
  181 253
  182 395
  183 20
  184 7
  185 441
  186 125
  187 292
  188 160
  189 120
  190 29
  191 457
  192 106
  193 124
  194 211
  195 15
  196 321
  197 362
  198 359
  199 232
  200 245
  201 203
  202 381
  203 84
  204 62
  205 14
  206 209
  207 195
  208 22
  209 271
  210 463
  211 252
  212 440
  213 104
  214 150
  215 88
  216 466
  217 304
  218 89
  219 249
  220 270
  221 315
  222 413
  223 9
  224 456
  225 298
  226 159
  227 442
  228 12
  229 158
  230 189
  231 30
  232 142
  233 59
  234 53
  235 280
  236 117
  237 242
  238 340
  239 162
  240 86
  241 248
  242 50
  243 423
  244 369
  245 313
  246 417
  247 96
  248 147
  249 231
  250 149
  251 205
  252 332
  253 444
  254 289
  255 134
COMMENT: TIMESTEP: 1
ORDERS_SECTION
  1 2 3 4
  2 5 6 7 8
  3 9 10 11 12 13 14 15 16 17 18 19 20 21
  4 22 23
  5 24 25 26 27 28 29 30 31 32 33 34 35 36
  6 37 38 39 40 41 42 43 44 45 46 47
  7 48 49 50 51
  8 52 53 54
  9 55 56 57 58 59 60 61 62 63 64 65
  10 66 67 68 69 70 71 72 73 74 75 76 77 78
  11 79 80
  12 81 82 83 84 85 86 87 88 89 90 91 92 93
  13 94 95 96 97 98 99 100 101 102 103 104 105
  14 106 107 108 109
  15 110 111 112 113 114 115 116 117 118 119 120
  16 121 122 123 124 125 126 127 128 129 130 131
  17 132 133 134 135 136 137 138 139 140 141 142 143
  18 144 145 146 147 148 149 150 151 152 153 154 155
  19 156 157 158 159
  20 160 161 162 163 164 165 166
  21 167 168 169 170 171 172 173
  22 174 175 176 177 178 179 180 181 182 183 184 185
  23 186
  24 187 188 189 190 191 192 193
  25 194 195 196 197 198 199 200 201
  26 202 203 204 205 206 207 208 209 210
  27 211 212 213 214 215 216
  28 217 218
  29 219
  30 220 221 222 223 224 225 226
  31 227 228 229 230 231 232 233
  32 234 235 236 237 238 239 240
  33 241 242 243
  34 244 245 246 247 248 249 250 251 252 253 254 255
TIME_AVAIL_SECTION
  1 1
  2 1
  3 1
  4 1
  5 1
  6 1
  7 1
  8 1
  9 1
  10 1
  11 1
  12 1
  13 1
  14 1
  15 1
  16 1
  17 1
  18 1
  19 1
  20 1
  21 1
  22 1
  23 1
  24 1
  25 1
  26 1
  27 1
  28 1
  29 1
  30 1
  31 1
  32 1
  33 1
  34 1
EOF
