VRPTEST 1.0
COMMENT: descr: Modified tsplib for the OBP
COMMENT: Best known objective: 1517.0
COMMENT: Computational time (s): 0.037
NAME: c77_0b93
NUM_DEPOTS: 2
NUM_CAPACITIES: 1
NUM_VISITS: 77
NUM_LOCATIONS: 154
NUM_VEHICLES: 8
CAPACITIES: 2
DATA_SECTION
DEPOTS
  0
  1
LOCATION_COORD_SECTION
  0 32 5
  1 45 5
  2 73 40
  3 67 24
  4 61 56
  5 73 48
  6 43 56
  7 13 44
  8 57 44
  9 25 44
  10 33 56
  11 27 40
  12 43 48
  13 49 28
  14 51 52
  15 33 44
  16 9 56
  17 37 20
  18 21 40
  19 63 40
  20 37 52
  21 33 52
  22 45 24
  23 51 44
  24 13 48
  25 45 48
  26 25 40
  27 45 56
  28 15 52
  29 55 40
  30 31 40
  31 31 52
  32 73 52
  33 51 40
  34 27 44
  35 57 40
  36 43 40
  37 39 56
  38 39 52
  39 43 52
  40 39 48
  41 61 40
  42 39 44
  43 45 40
  44 45 28
  45 33 48
  46 45 44
  47 37 44
  48 33 40
  49 55 44
  50 43 28
  51 39 24
  52 49 48
  53 49 44
  54 21 44
  55 15 40
  56 51 28
  57 39 20
  58 39 28
  59 49 40
  60 31 28
  61 33 24
  62 43 24
  63 37 48
  64 39 40
  65 27 48
  66 10 10
  67 10 30
  68 12 30
  69 12 10
  70 16 10
  71 16 30
  72 18 30
  73 18 10
  74 22 10
  75 22 30
  76 24 30
  77 24 10
  78 28 10
  79 28 30
  80 30 30
  81 30 10
  82 34 10
  83 34 30
  84 36 30
  85 36 10
  86 40 10
  87 40 30
  88 42 30
  89 42 10
  90 46 10
  91 46 30
  92 48 30
  93 48 10
  94 52 10
  95 52 30
  96 54 30
  97 54 10
  98 58 10
  99 58 30
  100 60 30
  101 60 10
  102 64 10
  103 64 30
  104 66 30
  105 66 10
  106 70 10
  107 70 30
  108 72 30
  109 72 10
  110 10 40
  111 10 60
  112 12 60
  113 12 40
  114 16 40
  115 16 60
  116 18 60
  117 18 40
  118 22 40
  119 22 60
  120 24 60
  121 24 40
  122 28 40
  123 28 60
  124 30 60
  125 30 40
  126 34 40
  127 34 60
  128 36 60
  129 36 40
  130 40 40
  131 40 60
  132 42 60
  133 42 40
  134 46 40
  135 46 60
  136 48 60
  137 48 40
  138 52 40
  139 52 60
  140 54 60
  141 54 40
  142 58 40
  143 58 60
  144 60 60
  145 60 40
  146 64 40
  147 64 60
  148 66 60
  149 66 40
  150 70 40
  151 70 60
  152 72 60
  153 72 40
VISIT_LOCATION_SECTION
  2 2
  3 3
  4 4
  5 5
  6 6
  7 7
  8 8
  9 9
  10 10
  11 11
  12 12
  13 13
  14 14
  15 15
  16 16
  17 17
  18 18
  19 19
  20 20
  21 21
  22 22
  23 23
  24 24
  25 25
  26 26
  27 27
  28 28
  29 29
  30 30
  31 31
  32 32
  33 33
  34 34
  35 35
  36 36
  37 37
  38 38
  39 39
  40 40
  41 41
  42 42
  43 43
  44 44
  45 45
  46 46
  47 47
  48 48
  49 49
  50 50
  51 51
  52 52
  53 53
  54 54
  55 55
  56 56
  57 57
  58 58
  59 59
  60 60
  61 61
  62 62
  63 63
  64 64
  65 65
COMMENT: TIMESTEP: 1
ORDERS_SECTION
  1 2 3 35
  2 4 5 30 30
  3 6 7 8 2
  4 9 10 11 12 13 29
  5 14 15 16 17 18 9
  6 19 20 21 22 23 2
  7 24 25 26
  8 27 28 29
  9 30 31 32 33 34 35 4
  10 36 37 38 39 40 21 31
  11 41 42 43 44 45 25
  12 46 47 48 49 50 51
  13 52 53 54 55
  14 55 56 57 58 59 3
  15 60 61 62 63 64 65
TIME_AVAIL_SECTION
  1 1
  2 1
  3 1
  4 1
  5 1
  6 1
  7 1
  8 1
  9 1
  10 1
  11 1
  12 1
  13 1
  14 1
  15 1
OBSTACLES
  1 66 67 68 69
  2 70 71 72 73
  3 74 75 76 77
  4 78 79 80 81
  5 82 83 84 85
  6 86 87 88 89
  7 90 91 92 93
  8 94 95 96 97
  9 98 99 100 101
  10 102 103 104 105
  11 106 107 108 109
  12 110 111 112 113
  13 114 115 116 117
  14 118 119 120 121
  15 122 123 124 125
  16 126 127 128 129
  17 130 131 132 133
  18 134 135 136 137
  19 138 139 140 141
  20 142 143 144 145
  21 146 147 148 149
  22 150 151 152 153
EOF
