VRPTEST 1.0
COMMENT: descr: Modified tsplib for the OBP
COMMENT: Best known objective: 1336.0
COMMENT: Computational time (s): 0.173
NAME: c184_07c4
NUM_DEPOTS: 2
NUM_CAPACITIES: 1
NUM_VISITS: 184
NUM_LOCATIONS: 190
NUM_VEHICLES: 7
CAPACITIES: 6
DATA_SECTION
DEPOTS
  0
  1
LOCATION_COORD_SECTION
  0 5 20
  1 5 50
  2 36 22
  3 28 17
  4 36 14
  5 32 22
  6 33 10
  7 32 44
  8 33 42
  9 35 51
  10 39 47
  11 31 13
  12 40 26
  13 36 41
  14 31 38
  15 37 17
  16 34 33
  17 40 40
  18 37 12
  19 31 47
  20 40 33
  21 37 43
  22 30 21
  23 40 34
  24 37 5
  25 42 29
  26 36 42
  27 31 10
  28 40 47
  29 30 11
  30 36 47
  31 33 27
  32 28 26
  33 31 37
  34 30 45
  35 40 29
  36 33 19
  37 39 46
  38 34 12
  39 40 38
  40 37 38
  41 38 40
  42 42 39
  43 31 45
  44 39 26
  45 36 18
  46 34 24
  47 28 22
  48 63 38
  49 56 41
  50 67 37
  51 74 22
  52 52 29
  53 66 22
  54 57 20
  55 59 39
  56 76 27
  57 61 39
  58 66 33
  59 57 7
  60 66 16
  61 60 43
  62 61 36
  63 71 32
  64 67 17
  65 51 17
  66 70 26
  67 50 44
  68 63 19
  69 56 22
  70 69 32
  71 59 44
  72 67 32
  73 59 27
  74 74 23
  75 57 22
  76 56 6
  77 59 30
  78 56 19
  79 54 38
  80 64 36
  81 55 11
  82 72 29
  83 52 25
  84 51 42
  85 54 4
  86 59 42
  87 54 48
  88 63 22
  89 75 29
  90 60 40
  91 65 32
  92 40 18
  93 42 4
  94 45 43
  95 48 40
  96 47 36
  97 44 38
  98 50 11
  99 43 34
  100 46 23
  101 48 13
  102 46 38
  103 41 8
  104 38 10
  105 42 18
  106 43 13
  107 38 6
  108 47 44
  109 43 21
  110 48 19
  111 48 22
  112 46 14
  113 48 24
  114 40 25
  115 41 20
  116 46 28
  117 46 33
  118 38 15
  119 49 22
  120 44 41
  121 38 20
  122 40 13
  123 46 11
  124 43 23
  125 40 7
  126 50 8
  127 44 30
  128 45 10
  129 43 43
  130 47 25
  131 42 8
  132 45 45
  133 45 8
  134 49 14
  135 41 23
  136 43 33
  137 39 9
  138 50 7
  139 47 42
  140 41 26
  141 21 41
  142 17 16
  143 24 33
  144 26 11
  145 28 31
  146 21 17
  147 14 42
  148 23 21
  149 28 38
  150 17 24
  151 6 23
  152 19 9
  153 16 16
  154 15 32
  155 16 35
  156 6 28
  157 16 28
  158 19 19
  159 3 34
  160 17 19
  161 22 51
  162 13 37
  163 18 16
  164 20 47
  165 20 31
  166 22 48
  167 5 31
  168 14 34
  169 25 11
  170 22 40
  171 16 43
  172 5 37
  173 20 34
  174 18 13
  175 8 40
  176 24 45
  177 26 20
  178 20 24
  179 13 24
  180 24 20
  181 17 47
  182 21 43
  183 25 46
  184 8 22
  185 28 42
  186 10 10
  187 10 60
  188 12 60
  189 12 10
VISIT_LOCATION_SECTION
  2 2
  3 3
  4 4
  5 5
  6 6
  7 7
  8 8
  9 9
  10 10
  11 11
  12 12
  13 13
  14 14
  15 15
  16 16
  17 17
  18 18
  19 19
  20 20
  21 21
  22 22
  23 23
  24 24
  25 25
  26 26
  27 27
  28 28
  29 29
  30 30
  31 31
  32 32
  33 33
  34 34
  35 35
  36 36
  37 37
  38 38
  39 39
  40 40
  41 41
  42 42
  43 43
  44 44
  45 45
  46 46
  47 47
  48 48
  49 49
  50 50
  51 51
  52 52
  53 53
  54 54
  55 55
  56 56
  57 57
  58 58
  59 59
  60 60
  61 61
  62 62
  63 63
  64 64
  65 65
  66 66
  67 67
  68 68
  69 69
  70 70
  71 71
  72 72
  73 73
  74 74
  75 75
  76 76
  77 77
  78 78
  79 79
  80 80
  81 81
  82 82
  83 83
  84 84
  85 85
  86 86
  87 87
  88 88
  89 89
  90 90
  91 91
  92 92
  93 93
  94 94
  95 95
  96 96
  97 97
  98 98
  99 99
  100 100
  101 101
  102 102
  103 103
  104 104
  105 105
  106 106
  107 107
  108 108
  109 109
  110 110
  111 111
  112 112
  113 113
  114 114
  115 115
  116 116
  117 117
  118 118
  119 119
  120 120
  121 121
  122 122
  123 123
  124 124
  125 125
  126 126
  127 127
  128 128
  129 129
  130 130
  131 131
  132 132
  133 133
  134 134
  135 135
  136 136
  137 137
  138 138
  139 139
  140 140
  141 141
  142 142
  143 143
  144 144
  145 145
  146 146
  147 147
  148 148
  149 149
  150 150
  151 151
  152 152
  153 153
  154 154
  155 155
  156 156
  157 157
  158 158
  159 159
  160 160
  161 161
  162 162
  163 163
  164 164
  165 165
  166 166
  167 167
  168 168
  169 169
  170 170
  171 171
  172 172
  173 173
  174 174
  175 175
  176 176
  177 177
  178 178
  179 179
  180 180
  181 181
  182 182
  183 183
  184 184
  185 185
COMMENT: TIMESTEP: 1
ORDERS_SECTION
  1 2 3 4 5 6 7 8 9
  2 10 11 12 13 14 15
  3 16 17
  4 18 19 20 21 22 23
  5 24 25 26 27 28 29
  6 30 31 32
  7 33 34
  8 35 36 37
  9 38 39 40 41 42
  10 43 44 45 46 47
  11 48 49 50 51 52 53 54
  12 55 56 57 58 59 60
  13 61 62 63 64
  14 65 66 67 68
  15 69 70
  16 71 72
  17 73 74 75 76 77 78
  18 79 80 81 82
  19 83 84 85 86
  20 87 88 89 90 91
  21 92 93 94 95 96 97 98 99
  22 100 101 102 103 104 105
  23 106 107
  24 108 109 110 111 112 113 114 115
  25 116 117 118 119 120 121 122
  26 123 124 125
  27 126 127 128 129 130 131
  28 132 133 134
  29 135 136 137
  30 138 139 140
  31 141 142
  32 143 144
  33 145 146 147 148 149
  34 150 151 152 153 154 155 156 157
  35 158 159 160 161 162
  36 163 164 165 166 167
  37 168 169 170 171 172
  38 173 174 175
  39 176 177 178 179
  40 180 181 182 183 184 185
TIME_AVAIL_SECTION
  1 1
  2 1
  3 1
  4 1
  5 1
  6 1
  7 1
  8 1
  9 1
  10 1
  11 1
  12 1
  13 1
  14 1
  15 1
  16 1
  17 1
  18 1
  19 1
  20 1
  21 1
  22 1
  23 1
  24 1
  25 1
  26 1
  27 1
  28 1
  29 1
  30 1
  31 1
  32 1
  33 1
  34 1
  35 1
  36 1
  37 1
  38 1
  39 1
  40 1
OBSTACLES
  1 186 187 188 189
EOF
