VRPTEST 1.0
COMMENT: descr: Modified tsplib for the OBP
COMMENT: Best known objective: 1849.328
COMMENT: Computational time (s): 0.56069
NAME: c191_3238
NUM_CAPACITIES: 1
NUM_VISITS: 191
NUM_VEHICLES: 9
CAPACITIES: 4
DATA_SECTION
DEPOTS
  0
  1
VISIT_LOCATION_SECTION
  2 134
  3 215
  4 158
  5 22
  6 349
  7 439
  8 225
  9 9
  10 361
  11 399
  12 231
  13 253
  14 168
  15 112
  16 211
  17 65
  18 463
  19 355
  20 106
  21 383
  22 8
  23 466
  24 140
  25 246
  26 147
  27 418
  28 15
  29 261
  30 277
  31 6
  32 109
  33 108
  34 430
  35 305
  36 453
  37 84
  38 447
  39 443
  40 254
  41 191
  42 287
  43 448
  44 317
  45 315
  46 224
  47 126
  48 347
  49 13
  50 273
  51 329
  52 138
  53 271
  54 408
  55 241
  56 289
  57 467
  58 337
  59 385
  60 78
  61 217
  62 360
  63 187
  64 236
  65 40
  66 249
  67 340
  68 197
  69 280
  70 67
  71 470
  72 41
  73 33
  74 46
  75 255
  76 99
  77 186
  78 157
  79 434
  80 353
  81 276
  82 380
  83 89
  84 375
  85 137
  86 54
  87 144
  88 400
  89 323
  90 293
  91 244
  92 173
  93 182
  94 295
  95 14
  96 42
  97 435
  98 270
  99 136
  100 10
  101 414
  102 304
  103 444
  104 433
  105 82
  106 72
  107 220
  108 55
  109 358
  110 451
  111 379
  112 49
  113 24
  114 308
  115 4
  116 153
  117 471
  118 3
  119 297
  120 115
  121 247
  122 452
  123 341
  124 382
  125 184
  126 397
  127 129
  128 416
  129 299
  130 94
  131 38
  132 424
  133 74
  134 222
  135 114
  136 200
  137 7
  138 403
  139 294
  140 288
  141 237
  142 335
  143 318
  144 12
  145 350
  146 167
  147 165
  148 71
  149 52
  150 405
  151 210
  152 128
  153 97
  154 16
  155 286
  156 221
  157 188
  158 333
  159 86
  160 166
  161 95
  162 64
  163 223
  164 462
  165 175
  166 125
  167 209
  168 34
  169 156
  170 259
  171 199
  172 374
  173 386
  174 300
  175 50
  176 155
  177 96
  178 28
  179 338
  180 367
  181 330
  182 455
  183 51
  184 319
  185 208
  186 87
  187 425
  188 352
  189 419
  190 365
  191 268
  192 113
COMMENT: TIMESTEP: 1
ORDERS_SECTION
  1 2 3 4
  2 5
  3 6 7 8 9 10
  4 11 12 13 14 15 16
  5 17 18 19
  6 20 21 22 23 24 25
  7 26 27 28 29 30 31 32 33 34
  8 35 36 37 38 39 40 41 42 43 44
  9 45
  10 46
  11 47 48 49 50 51 52 53 54
  12 55
  13 56 57 58 59 60 61 62
  14 63 64 65 66 67 68 69 70 71 72
  15 73 74 75 76 77 78 79
  16 80 81 82 83 84 85 86 87 88
  17 89 90 91 92 93 94 95 96
  18 97 98 99 100 101
  19 102 103 104
  20 105 106 107 108 109 110 111 112 113 114
  21 115 116 117 118 119 120 121 122
  22 123
  23 124 125 126 127 128 129 130 131 132 133
  24 134 135
  25 136 137 138 139 140 141 142 143 144 145
  26 146 147 148 149 150 151
  27 152 153 154
  28 155 156
  29 157 158 159 160 161 162 163 164 165 166 167
  30 168 169 170 171 172 173 174 175 176
  31 177 178 179 180 181
  32 182 183 184 185 186 187 188 189 190 191 192
TIME_AVAIL_SECTION
  1 1
  2 1
  3 1
  4 1
  5 1
  6 1
  7 1
  8 1
  9 1
  10 1
  11 1
  12 1
  13 1
  14 1
  15 1
  16 1
  17 1
  18 1
  19 1
  20 1
  21 1
  22 1
  23 1
  24 1
  25 1
  26 1
  27 1
  28 1
  29 1
  30 1
  31 1
  32 1
EOF
