VRPTEST 1.0
COMMENT: descr: Modified tsplib for the OBP
COMMENT: Best known objective: 645.0
COMMENT: Computational time (s): 0.108
NAME: c154_2215
NUM_DEPOTS: 2
NUM_CAPACITIES: 1
NUM_VISITS: 154
NUM_LOCATIONS: 156
NUM_VEHICLES: 5
CAPACITIES: 5
DATA_SECTION
DEPOTS
  0
  1
LOCATION_COORD_SECTION
  0 5 30
  1 5 50
  2 22 45
  3 21 41
  4 19 59
  5 7 51
  6 16 58
  7 24 42
  8 9 49
  9 22 39
  10 25 64
  11 26 53
  12 19 37
  13 22 61
  14 21 53
  15 25 67
  16 17 45
  17 33 44
  18 16 41
  19 21 33
  20 26 59
  21 17 54
  22 16 36
  23 25 34
  24 34 46
  25 5 46
  26 32 47
  27 12 56
  28 12 44
  29 28 45
  30 28 44
  31 23 56
  32 14 54
  33 15 60
  34 17 35
  35 18 32
  36 27 48
  37 20 59
  38 15 42
  39 18 42
  40 22 67
  41 21 40
  42 19 40
  43 14 41
  44 32 25
  45 44 24
  46 39 22
  47 38 41
  48 35 21
  49 39 14
  50 38 14
  51 40 14
  52 30 34
  53 38 42
  54 27 23
  55 34 35
  56 47 29
  57 38 23
  58 45 25
  59 42 40
  60 37 29
  61 27 26
  62 42 31
  63 43 22
  64 30 33
  65 38 44
  66 35 24
  67 41 38
  68 46 30
  69 46 35
  70 31 32
  71 30 24
  72 37 30
  73 45 33
  74 39 25
  75 43 35
  76 30 28
  77 43 19
  78 36 38
  79 35 16
  80 38 16
  81 57 27
  82 63 38
  83 45 43
  84 47 47
  85 49 43
  86 61 34
  87 61 40
  88 68 41
  89 61 29
  90 50 24
  91 55 43
  92 50 33
  93 74 42
  94 61 46
  95 69 45
  96 48 27
  97 52 44
  98 60 34
  99 55 51
  100 47 45
  101 55 55
  102 69 44
  103 51 49
  104 49 41
  105 59 37
  106 67 48
  107 58 47
  108 50 35
  109 71 40
  110 64 37
  111 49 44
  112 44 46
  113 48 21
  114 53 46
  115 64 51
  116 61 48
  117 55 45
  118 50 36
  119 51 50
  120 58 52
  121 69 39
  122 39 52
  123 30 67
  124 42 75
  125 45 56
  126 33 56
  127 28 65
  128 51 59
  129 28 57
  130 43 50
  131 40 57
  132 45 67
  133 33 71
  134 51 65
  135 42 73
  136 39 51
  137 36 53
  138 46 64
  139 28 56
  140 42 50
  141 42 74
  142 33 57
  143 29 61
  144 46 71
  145 38 49
  146 29 67
  147 36 75
  148 51 64
  149 37 61
  150 39 58
  151 29 56
  152 46 56
  153 36 51
  154 52 59
  155 51 66
VISIT_LOCATION_SECTION
  2 2
  3 3
  4 4
  5 5
  6 6
  7 7
  8 8
  9 9
  10 10
  11 11
  12 12
  13 13
  14 14
  15 15
  16 16
  17 17
  18 18
  19 19
  20 20
  21 21
  22 22
  23 23
  24 24
  25 25
  26 26
  27 27
  28 28
  29 29
  30 30
  31 31
  32 32
  33 33
  34 34
  35 35
  36 36
  37 37
  38 38
  39 39
  40 40
  41 41
  42 42
  43 43
  44 44
  45 45
  46 46
  47 47
  48 48
  49 49
  50 50
  51 51
  52 52
  53 53
  54 54
  55 55
  56 56
  57 57
  58 58
  59 59
  60 60
  61 61
  62 62
  63 63
  64 64
  65 65
  66 66
  67 67
  68 68
  69 69
  70 70
  71 71
  72 72
  73 73
  74 74
  75 75
  76 76
  77 77
  78 78
  79 79
  80 80
  81 81
  82 82
  83 83
  84 84
  85 85
  86 86
  87 87
  88 88
  89 89
  90 90
  91 91
  92 92
  93 93
  94 94
  95 95
  96 96
  97 97
  98 98
  99 99
  100 100
  101 101
  102 102
  103 103
  104 104
  105 105
  106 106
  107 107
  108 108
  109 109
  110 110
  111 111
  112 112
  113 113
  114 114
  115 115
  116 116
  117 117
  118 118
  119 119
  120 120
  121 121
  122 122
  123 123
  124 124
  125 125
  126 126
  127 127
  128 128
  129 129
  130 130
  131 131
  132 132
  133 133
  134 134
  135 135
  136 136
  137 137
  138 138
  139 139
  140 140
  141 141
  142 142
  143 143
  144 144
  145 145
  146 146
  147 147
  148 148
  149 149
  150 150
  151 151
  152 152
  153 153
  154 154
  155 155
COMMENT: TIMESTEP: 1
ORDERS_SECTION
  1 2 3 4 5 6
  2 7 8 9
  3 10 11 12 13 14 15 16 17 18 19 20 21 22
  4 23 24 25 26 27 28 29 30 31 32
  5 33 34 35 36 37 38 39 40 41 42 43
  6 44 45 46 47 48
  7 49 50 51 52 53 54 55 56 57
  8 58 59 60 61 62 63 64 65 66 67 68
  9 69 70
  10 71 72 73 74 75 76 77 78 79 80
  11 81 82 83 84 85 86 87 88 89 90 91
  12 92 93 94
  13 95 96 97 98 99 100 101 102
  14 103 104 105 106 107 108
  15 109 110 111 112 113 114 115 116 117 118 119 120 121
  16 122 123 124 125 126 127 128 129 130 131
  17 132 133 134
  18 135 136 137 138 139 140 141 142 143 144
  19 145 146
  20 147 148 149 150 151 152 153 154 155
TIME_AVAIL_SECTION
  1 1
  2 1
  3 1
  4 1
  5 1
  6 1
  7 1
  8 1
  9 1
  10 1
  11 1
  12 1
  13 1
  14 1
  15 1
  16 1
  17 1
  18 1
  19 1
  20 1
EOF
