VRPTEST 1.0
COMMENT: descr: Modified tsplib for the OBP
COMMENT: Best known objective: 414.0
COMMENT: Computational time (s): 0.027
NAME: c48_0a0a
NUM_DEPOTS: 2
NUM_CAPACITIES: 1
NUM_VISITS: 48
NUM_LOCATIONS: 98
NUM_VEHICLES: 3
CAPACITIES: 4
DATA_SECTION
DEPOTS
  0
  1
LOCATION_COORD_SECTION
  0 35 70
  1 50 70
  2 63 54
  3 64 55
  4 58 59
  5 63 51
  6 64 56
  7 65 49
  8 59 50
  9 65 56
  10 69 52
  11 59 42
  12 59 62
  13 64 49
  14 65 50
  15 58 56
  16 59 44
  17 58 63
  18 25 46
  19 14 39
  20 20 46
  21 14 34
  22 21 43
  23 24 33
  24 15 40
  25 14 42
  26 21 41
  27 19 36
  28 20 36
  29 9 35
  30 15 43
  31 13 16
  32 25 24
  33 15 25
  34 19 19
  35 13 21
  36 20 26
  37 6 23
  38 21 17
  39 19 14
  40 21 20
  41 23 32
  42 9 28
  43 19 31
  44 13 29
  45 8 30
  46 22 32
  47 20 31
  48 15 32
  49 22 31
  50 10 10
  51 10 30
  52 12 30
  53 12 10
  54 16 10
  55 16 30
  56 18 30
  57 18 10
  58 22 10
  59 22 30
  60 24 30
  61 24 10
  62 10 36
  63 10 56
  64 12 56
  65 12 36
  66 16 36
  67 16 56
  68 18 56
  69 18 36
  70 22 36
  71 22 56
  72 24 56
  73 24 36
  74 60 10
  75 60 30
  76 62 30
  77 62 10
  78 66 10
  79 66 30
  80 68 30
  81 68 10
  82 72 10
  83 72 30
  84 74 30
  85 74 10
  86 60 36
  87 60 56
  88 62 56
  89 62 36
  90 66 36
  91 66 56
  92 68 56
  93 68 36
  94 72 36
  95 72 56
  96 74 56
  97 74 36
VISIT_LOCATION_SECTION
  2 2
  3 3
  4 4
  5 5
  6 6
  7 7
  8 8
  9 9
  10 10
  11 11
  12 12
  13 13
  14 14
  15 15
  16 16
  17 17
  18 18
  19 19
  20 20
  21 21
  22 22
  23 23
  24 24
  25 25
  26 26
  27 27
  28 28
  29 29
  30 30
  31 31
  32 32
  33 33
  34 34
  35 35
  36 36
  37 37
  38 38
  39 39
  40 40
  41 41
  42 42
  43 43
  44 44
  45 45
  46 46
  47 47
  48 48
  49 49
COMMENT: TIMESTEP: 1
ORDERS_SECTION
  1 2 3 4 5 6 7 8
  2 9 10
  3 11 12 13 14 15 16 17
  4 18 19
  5 20 21 22 23 24 25
  6 26 27 28 29 30
  7 31 32 33 34 35 36 37
  8 38 39 40
  9 41 42 43 44 45 46
  10 47 48 49
TIME_AVAIL_SECTION
  1 1
  2 1
  3 1
  4 1
  5 1
  6 1
  7 1
  8 1
  9 1
  10 1
OBSTACLES
  1 50 51 52 53
  2 54 55 56 57
  3 58 59 60 61
  4 62 63 64 65
  5 66 67 68 69
  6 70 71 72 73
  7 74 75 76 77
  8 78 79 80 81
  9 82 83 84 85
  10 86 87 88 89
  11 90 91 92 93
  12 94 95 96 97
EOF
