VRPTEST 1.0
COMMENT: descr: Modified tsplib for the OBP
COMMENT: Best known objective: 1622.0
COMMENT: Computational time (s): 0.109
NAME: c142_2383
NUM_DEPOTS: 2
NUM_CAPACITIES: 1
NUM_VISITS: 142
NUM_LOCATIONS: 232
NUM_VEHICLES: 8
CAPACITIES: 4
DATA_SECTION
DEPOTS
  0
  1
LOCATION_COORD_SECTION
  0 5 30
  1 5 15
  2 12 57
  3 24 49
  4 24 51
  5 32 61
  6 28 55
  7 28 73
  8 12 51
  9 20 57
  10 20 63
  11 20 43
  12 20 61
  13 28 43
  14 28 45
  15 24 67
  16 24 55
  17 32 63
  18 28 57
  19 28 61
  20 24 63
  21 16 51
  22 32 73
  23 16 57
  24 28 63
  25 16 55
  26 32 57
  27 20 55
  28 24 69
  29 28 69
  30 28 49
  31 20 51
  32 20 49
  33 32 67
  34 16 61
  35 24 57
  36 32 69
  37 28 67
  38 28 51
  39 16 49
  40 20 45
  41 24 61
  42 12 55
  43 24 45
  44 48 43
  45 44 39
  46 52 63
  47 48 39
  48 64 45
  49 52 61
  50 44 61
  51 44 55
  52 40 43
  53 48 49
  54 48 63
  55 60 43
  56 56 43
  57 52 51
  58 40 39
  59 44 57
  60 52 55
  61 48 51
  62 64 51
  63 44 49
  64 56 55
  65 48 57
  66 64 49
  67 48 67
  68 60 49
  69 60 57
  70 52 43
  71 52 39
  72 60 51
  73 48 61
  74 56 61
  75 60 45
  76 44 43
  77 56 39
  78 64 43
  79 48 55
  80 68 49
  81 60 55
  82 48 45
  83 36 12
  84 36 16
  85 38 16
  86 36 20
  87 50 28
  88 38 20
  89 50 24
  90 42 24
  91 42 12
  92 42 20
  93 36 28
  94 44 12
  95 48 28
  96 44 28
  97 56 24
  98 48 12
  99 44 16
  100 60 28
  101 36 24
  102 54 24
  103 44 24
  104 48 20
  105 48 24
  106 50 16
  107 56 20
  108 42 28
  109 60 24
  110 38 28
  111 50 20
  112 54 20
  113 14 24
  114 14 28
  115 26 12
  116 14 20
  117 20 28
  118 24 24
  119 30 28
  120 24 12
  121 26 20
  122 32 16
  123 20 12
  124 24 28
  125 26 24
  126 18 16
  127 18 28
  128 26 28
  129 20 24
  130 20 20
  131 24 39
  132 24 16
  133 18 20
  134 32 20
  135 24 20
  136 18 24
  137 32 12
  138 28 39
  139 30 24
  140 20 39
  141 30 12
  142 30 16
  143 30 20
  144 15 10
  145 15 30
  146 17 30
  147 17 10
  148 21 10
  149 21 30
  150 23 30
  151 23 10
  152 27 10
  153 27 30
  154 29 30
  155 29 10
  156 33 10
  157 33 30
  158 35 30
  159 35 10
  160 39 10
  161 39 30
  162 41 30
  163 41 10
  164 45 10
  165 45 30
  166 47 30
  167 47 10
  168 51 10
  169 51 30
  170 53 30
  171 53 10
  172 57 10
  173 57 30
  174 59 30
  175 59 10
  176 63 10
  177 63 30
  178 65 30
  179 65 10
  180 69 10
  181 69 30
  182 71 30
  183 71 10
  184 5 40
  185 5 42
  186 30 42
  187 30 40
  188 5 46
  189 5 48
  190 31 48
  191 31 46
  192 5 52
  193 5 54
  194 32 54
  195 32 52
  196 5 58
  197 5 60
  198 33 60
  199 33 58
  200 5 64
  201 5 66
  202 34 66
  203 34 64
  204 5 70
  205 5 72
  206 35 72
  207 35 70
  208 40 40
  209 40 42
  210 75 42
  211 75 40
  212 41 46
  213 41 48
  214 75 48
  215 75 46
  216 42 52
  217 42 54
  218 75 54
  219 75 52
  220 43 58
  221 43 60
  222 75 60
  223 75 58
  224 44 64
  225 44 66
  226 75 66
  227 75 64
  228 45 70
  229 45 72
  230 75 72
  231 75 70
VISIT_LOCATION_SECTION
  2 2
  3 3
  4 4
  5 5
  6 6
  7 7
  8 8
  9 9
  10 10
  11 11
  12 12
  13 13
  14 14
  15 15
  16 16
  17 17
  18 18
  19 19
  20 20
  21 21
  22 22
  23 23
  24 24
  25 25
  26 26
  27 27
  28 28
  29 29
  30 30
  31 31
  32 32
  33 33
  34 34
  35 35
  36 36
  37 37
  38 38
  39 39
  40 40
  41 41
  42 42
  43 43
  44 44
  45 45
  46 46
  47 47
  48 48
  49 49
  50 50
  51 51
  52 52
  53 53
  54 54
  55 55
  56 56
  57 57
  58 58
  59 59
  60 60
  61 61
  62 62
  63 63
  64 64
  65 65
  66 66
  67 67
  68 68
  69 69
  70 70
  71 71
  72 72
  73 73
  74 74
  75 75
  76 76
  77 77
  78 78
  79 79
  80 80
  81 81
  82 82
  83 83
  84 84
  85 85
  86 86
  87 87
  88 88
  89 89
  90 90
  91 91
  92 92
  93 93
  94 94
  95 95
  96 96
  97 97
  98 98
  99 99
  100 100
  101 101
  102 102
  103 103
  104 104
  105 105
  106 106
  107 107
  108 108
  109 109
  110 110
  111 111
  112 112
  113 113
  114 114
  115 115
  116 116
  117 117
  118 118
  119 119
  120 120
  121 121
  122 122
  123 123
  124 124
  125 125
  126 126
  127 127
  128 128
  129 129
  130 130
  131 131
  132 132
  133 133
  134 134
  135 135
  136 136
  137 137
  138 138
  139 139
  140 140
  141 141
  142 142
  143 143
COMMENT: TIMESTEP: 1
ORDERS_SECTION
  1 2 3 4 5 6 7 8
  2 9 10 11 12
  3 13 14 15 16 17 18
  4 19 20 21 22
  5 23 24 25 26 27 28 29 30
  6 31 32 33 34 35
  7 36 37 38
  8 39 40 41 42 43
  9 44 45 46 47 48 49 50 51
  10 52 53 54 55 56 57
  11 58 59 60 61 62 63 64 65
  12 66 67
  13 68 69
  14 70 71
  15 72 73 74 75 76 77
  16 78 79 80 81 82
  17 83 84
  18 85 86 87 88 89 90 91 92
  19 93 94 95
  20 96 97 98 99 100
  21 101 102
  22 103 104
  23 105 106 107 108 109 110 111 112
  24 113 114 115 116
  25 117 118 119 120 121 122
  26 123 124
  27 125 126 127 128
  28 129 130 131 132
  29 133 134 135 136 137 138 139
  30 140 141 142 143
TIME_AVAIL_SECTION
  1 1
  2 1
  3 1
  4 1
  5 1
  6 1
  7 1
  8 1
  9 1
  10 1
  11 1
  12 1
  13 1
  14 1
  15 1
  16 1
  17 1
  18 1
  19 1
  20 1
  21 1
  22 1
  23 1
  24 1
  25 1
  26 1
  27 1
  28 1
  29 1
  30 1
OBSTACLES
  1 144 145 146 147
  2 148 149 150 151
  3 152 153 154 155
  4 156 157 158 159
  5 160 161 162 163
  6 164 165 166 167
  7 168 169 170 171
  8 172 173 174 175
  9 176 177 178 179
  10 180 181 182 183
  11 184 185 186 187
  12 188 189 190 191
  13 192 193 194 195
  14 196 197 198 199
  15 200 201 202 203
  16 204 205 206 207
  17 208 209 210 211
  18 212 213 214 215
  19 216 217 218 219
  20 220 221 222 223
  21 224 225 226 227
  22 228 229 230 231
EOF
