VRPTEST 1.0
COMMENT: descr: Modified tsplib for the OBP
COMMENT: Best known objective: 1360.0
COMMENT: Computational time (s): 0.099
NAME: c134_1250
NUM_DEPOTS: 2
NUM_CAPACITIES: 1
NUM_VISITS: 134
NUM_LOCATIONS: 224
NUM_VEHICLES: 6
CAPACITIES: 8
DATA_SECTION
DEPOTS
  0
  1
LOCATION_COORD_SECTION
  0 5 30
  1 5 15
  2 44 45
  3 44 43
  4 48 45
  5 40 43
  6 44 51
  7 20 45
  8 20 43
  9 52 51
  10 24 45
  11 52 45
  12 28 43
  13 48 49
  14 28 39
  15 16 43
  16 52 49
  17 44 39
  18 48 43
  19 48 39
  20 24 39
  21 44 49
  22 20 39
  23 48 51
  24 52 43
  25 28 45
  26 24 43
  27 16 45
  28 40 39
  29 44 20
  30 42 28
  31 48 12
  32 42 12
  33 50 16
  34 48 28
  35 42 20
  36 38 20
  37 50 28
  38 36 24
  39 48 20
  40 54 12
  41 32 16
  42 38 16
  43 36 12
  44 42 16
  45 24 20
  46 32 24
  47 54 16
  48 30 20
  49 44 12
  50 38 24
  51 20 24
  52 24 24
  53 24 28
  54 44 28
  55 36 20
  56 36 28
  57 38 28
  58 26 28
  59 48 16
  60 42 24
  61 38 12
  62 56 45
  63 72 39
  64 68 45
  65 72 43
  66 60 49
  67 60 24
  68 66 28
  69 56 49
  70 64 39
  71 64 43
  72 68 28
  73 64 49
  74 62 20
  75 60 43
  76 60 12
  77 56 20
  78 62 16
  79 56 12
  80 66 20
  81 68 39
  82 60 45
  83 56 43
  84 60 16
  85 60 55
  86 68 24
  87 66 24
  88 62 28
  89 62 24
  90 52 39
  91 64 51
  92 68 43
  93 56 16
  94 72 24
  95 64 45
  96 56 39
  97 72 28
  98 60 39
  99 60 28
  100 60 51
  101 56 24
  102 32 63
  103 28 61
  104 32 69
  105 32 57
  106 32 73
  107 16 57
  108 48 61
  109 24 49
  110 24 55
  111 28 63
  112 16 49
  113 48 63
  114 32 61
  115 20 51
  116 12 55
  117 44 67
  118 20 49
  119 28 49
  120 24 61
  121 28 67
  122 48 57
  123 52 57
  124 28 51
  125 20 57
  126 28 69
  127 16 51
  128 48 55
  129 44 55
  130 32 67
  131 44 57
  132 24 67
  133 24 51
  134 44 63
  135 28 55
  136 15 10
  137 15 30
  138 17 30
  139 17 10
  140 21 10
  141 21 30
  142 23 30
  143 23 10
  144 27 10
  145 27 30
  146 29 30
  147 29 10
  148 33 10
  149 33 30
  150 35 30
  151 35 10
  152 39 10
  153 39 30
  154 41 30
  155 41 10
  156 45 10
  157 45 30
  158 47 30
  159 47 10
  160 51 10
  161 51 30
  162 53 30
  163 53 10
  164 57 10
  165 57 30
  166 59 30
  167 59 10
  168 63 10
  169 63 30
  170 65 30
  171 65 10
  172 69 10
  173 69 30
  174 71 30
  175 71 10
  176 5 40
  177 5 42
  178 30 42
  179 30 40
  180 5 46
  181 5 48
  182 31 48
  183 31 46
  184 5 52
  185 5 54
  186 32 54
  187 32 52
  188 5 58
  189 5 60
  190 33 60
  191 33 58
  192 5 64
  193 5 66
  194 34 66
  195 34 64
  196 5 70
  197 5 72
  198 35 72
  199 35 70
  200 40 40
  201 40 42
  202 75 42
  203 75 40
  204 41 46
  205 41 48
  206 75 48
  207 75 46
  208 42 52
  209 42 54
  210 75 54
  211 75 52
  212 43 58
  213 43 60
  214 75 60
  215 75 58
  216 44 64
  217 44 66
  218 75 66
  219 75 64
  220 45 70
  221 45 72
  222 75 72
  223 75 70
VISIT_LOCATION_SECTION
  2 2
  3 3
  4 4
  5 5
  6 6
  7 7
  8 8
  9 9
  10 10
  11 11
  12 12
  13 13
  14 14
  15 15
  16 16
  17 17
  18 18
  19 19
  20 20
  21 21
  22 22
  23 23
  24 24
  25 25
  26 26
  27 27
  28 28
  29 29
  30 30
  31 31
  32 32
  33 33
  34 34
  35 35
  36 36
  37 37
  38 38
  39 39
  40 40
  41 41
  42 42
  43 43
  44 44
  45 45
  46 46
  47 47
  48 48
  49 49
  50 50
  51 51
  52 52
  53 53
  54 54
  55 55
  56 56
  57 57
  58 58
  59 59
  60 60
  61 61
  62 62
  63 63
  64 64
  65 65
  66 66
  67 67
  68 68
  69 69
  70 70
  71 71
  72 72
  73 73
  74 74
  75 75
  76 76
  77 77
  78 78
  79 79
  80 80
  81 81
  82 82
  83 83
  84 84
  85 85
  86 86
  87 87
  88 88
  89 89
  90 90
  91 91
  92 92
  93 93
  94 94
  95 95
  96 96
  97 97
  98 98
  99 99
  100 100
  101 101
  102 102
  103 103
  104 104
  105 105
  106 106
  107 107
  108 108
  109 109
  110 110
  111 111
  112 112
  113 113
  114 114
  115 115
  116 116
  117 117
  118 118
  119 119
  120 120
  121 121
  122 122
  123 123
  124 124
  125 125
  126 126
  127 127
  128 128
  129 129
  130 130
  131 131
  132 132
  133 133
  134 134
  135 135
COMMENT: TIMESTEP: 1
ORDERS_SECTION
  1 2 3
  2 4 5 6
  3 7 8
  4 9 10
  5 11 12 13
  6 14 15 16 17 18
  7 19 20
  8 21 22
  9 23 24 25
  10 26 27 28
  11 29 30
  12 31 32 33 34
  13 35 36 37
  14 38 39
  15 40 41 42 43 44
  16 45 46 47
  17 48 49 50 51
  18 52 53
  19 54 55 56 57 58
  20 59 60 61
  21 62 63 64
  22 65 66 67 68 69
  23 70 71 72 73 74
  24 75 76 77 78
  25 79 80 81
  26 82 83 84 85
  27 86 87 88
  28 89 90 91 92
  29 93 94 95 96 97
  30 98 99 100 101
  31 102 103
  32 104 105 106 107 108
  33 109 110 111 112 113
  34 114 115 116 117
  35 118 119 120
  36 121 122 123
  37 124 125 126 127
  38 128 129
  39 130 131
  40 132 133 134 135
TIME_AVAIL_SECTION
  1 1
  2 1
  3 1
  4 1
  5 1
  6 1
  7 1
  8 1
  9 1
  10 1
  11 1
  12 1
  13 1
  14 1
  15 1
  16 1
  17 1
  18 1
  19 1
  20 1
  21 1
  22 1
  23 1
  24 1
  25 1
  26 1
  27 1
  28 1
  29 1
  30 1
  31 1
  32 1
  33 1
  34 1
  35 1
  36 1
  37 1
  38 1
  39 1
  40 1
OBSTACLES
  1 136 137 138 139
  2 140 141 142 143
  3 144 145 146 147
  4 148 149 150 151
  5 152 153 154 155
  6 156 157 158 159
  7 160 161 162 163
  8 164 165 166 167
  9 168 169 170 171
  10 172 173 174 175
  11 176 177 178 179
  12 180 181 182 183
  13 184 185 186 187
  14 188 189 190 191
  15 192 193 194 195
  16 196 197 198 199
  17 200 201 202 203
  18 204 205 206 207
  19 208 209 210 211
  20 212 213 214 215
  21 216 217 218 219
  22 220 221 222 223
EOF
