VRPTEST 1.0
COMMENT: descr: Modified tsplib for the OBP
COMMENT: Best known objective: 541.0
COMMENT: Computational time (s): 0.035
NAME: c70_0c6d
NUM_DEPOTS: 2
NUM_CAPACITIES: 1
NUM_VISITS: 70
NUM_LOCATIONS: 72
NUM_VEHICLES: 3
CAPACITIES: 4
DATA_SECTION
DEPOTS
  0
  1
LOCATION_COORD_SECTION
  0 5 30
  1 5 50
  2 38 24
  3 72 25
  4 48 26
  5 32 25
  6 46 35
  7 61 34
  8 31 23
  9 44 31
  10 29 23
  11 57 30
  12 51 37
  13 39 25
  14 59 24
  15 45 33
  16 35 24
  17 39 31
  18 54 31
  19 58 55
  20 46 50
  21 56 57
  22 39 66
  23 49 54
  24 46 56
  25 40 59
  26 37 61
  27 50 44
  28 47 73
  29 45 56
  30 42 49
  31 52 69
  32 66 47
  33 52 56
  34 39 65
  35 39 58
  36 55 44
  37 55 45
  38 53 43
  39 39 52
  40 47 47
  41 58 49
  42 49 40
  43 65 22
  44 44 6
  45 45 9
  46 53 5
  47 49 17
  48 32 21
  49 42 13
  50 54 16
  51 51 11
  52 38 16
  53 53 18
  54 62 20
  55 37 47
  56 28 44
  57 20 59
  58 13 49
  59 22 39
  60 25 32
  61 15 42
  62 26 46
  63 28 61
  64 28 35
  65 37 43
  66 22 45
  67 15 51
  68 23 47
  69 36 53
  70 20 57
  71 23 43
VISIT_LOCATION_SECTION
  2 2
  3 3
  4 4
  5 5
  6 6
  7 7
  8 8
  9 9
  10 10
  11 11
  12 12
  13 13
  14 14
  15 15
  16 16
  17 17
  18 18
  19 19
  20 20
  21 21
  22 22
  23 23
  24 24
  25 25
  26 26
  27 27
  28 28
  29 29
  30 30
  31 31
  32 32
  33 33
  34 34
  35 35
  36 36
  37 37
  38 38
  39 39
  40 40
  41 41
  42 42
  43 43
  44 44
  45 45
  46 46
  47 47
  48 48
  49 49
  50 50
  51 51
  52 52
  53 53
  54 54
  55 55
  56 56
  57 57
  58 58
  59 59
  60 60
  61 61
  62 62
  63 63
  64 64
  65 65
  66 66
  67 67
  68 68
  69 69
  70 70
  71 71
COMMENT: TIMESTEP: 1
ORDERS_SECTION
  1 2 3 4 5 6 7 8 9 10 11 12
  2 13 14
  3 15 16 17 18
  4 19 20 21 22 23 24 25
  5 26 27 28 29
  6 30 31 32 33 34 35 36 37 38 39 40 41 42
  7 43 44 45 46 47
  8 48 49 50 51 52 53 54
  9 55 56 57 58 59 60 61 62
  10 63 64 65 66 67 68 69 70 71
TIME_AVAIL_SECTION
  1 1
  2 1
  3 1
  4 1
  5 1
  6 1
  7 1
  8 1
  9 1
  10 1
EOF
