VRPTEST 1.0
COMMENT: descr: Modified tsplib for the OBP
COMMENT: Best known objective: 1522.832
COMMENT: Computational time (s): 0.5839960000000001
NAME: c150_9f5f
NUM_CAPACITIES: 1
NUM_VISITS: 150
NUM_VEHICLES: 10
CAPACITIES: 4
DATA_SECTION
DEPOTS
  0
  1
VISIT_LOCATION_SECTION
  2 237
  3 397
  4 407
  5 308
  6 394
  7 195
  8 412
  9 85
  10 31
  11 18
  12 71
  13 194
  14 116
  15 131
  16 318
  17 61
  18 65
  19 359
  20 77
  21 350
  22 239
  23 97
  24 96
  25 418
  26 174
  27 335
  28 349
  29 73
  30 330
  31 215
  32 440
  33 320
  34 427
  35 433
  36 80
  37 392
  38 363
  39 129
  40 51
  41 295
  42 429
  43 149
  44 424
  45 297
  46 387
  47 246
  48 386
  49 104
  50 168
  51 222
  52 126
  53 188
  54 15
  55 389
  56 245
  57 250
  58 438
  59 134
  60 125
  61 192
  62 304
  63 87
  64 235
  65 253
  66 446
  67 260
  68 76
  69 377
  70 259
  71 322
  72 179
  73 279
  74 137
  75 396
  76 477
  77 181
  78 283
  79 141
  80 224
  81 316
  82 185
  83 147
  84 306
  85 21
  86 128
  87 248
  88 254
  89 370
  90 340
  91 463
  92 203
  93 379
  94 27
  95 345
  96 300
  97 456
  98 361
  99 9
  100 465
  101 344
  102 405
  103 117
  104 44
  105 183
  106 408
  107 305
  108 380
  109 457
  110 342
  111 36
  112 89
  113 20
  114 156
  115 238
  116 351
  117 252
  118 214
  119 367
  120 53
  121 331
  122 229
  123 50
  124 120
  125 324
  126 32
  127 398
  128 155
  129 34
  130 110
  131 437
  132 375
  133 384
  134 180
  135 234
  136 265
  137 368
  138 382
  139 451
  140 146
  141 8
  142 385
  143 470
  144 454
  145 151
  146 63
  147 273
  148 419
  149 40
  150 212
  151 92
COMMENT: TIMESTEP: 1
ORDERS_SECTION
  1 2 3 4
  2 5 6
  3 7 8 9
  4 10 11 12 13 14 15 16 17
  5 18 19 20 21 22 23 24
  6 25 26 27 28 29 30 31
  7 32 33
  8 34 35 36
  9 37 38 39 40 41
  10 42 43 44 45 46 47 48
  11 49 50 51 52 53 54 55 56
  12 57 58 59 60 61 62 63
  13 64 65 66 67
  14 68 69 70 71 72 73 74 75
  15 76 77
  16 78
  17 79 80 81 82
  18 83 84
  19 85 86 87 88 89 90 91 92
  20 93 94 95 96 97 98
  21 99 100 101 102
  22 103 104 105
  23 106 107
  24 108 109
  25 110 111 112 113
  26 114
  27 115 116
  28 117 118 119
  29 120 121
  30 122
  31 123 124 125 126 127 128
  32 129 130 131 132 133 134 135
  33 136 137 138
  34 139 140 141 142 143
  35 144 145 146
  36 147 148 149 150 151
TIME_AVAIL_SECTION
  1 1
  2 1
  3 1
  4 1
  5 1
  6 1
  7 1
  8 1
  9 1
  10 1
  11 1
  12 1
  13 1
  14 1
  15 1
  16 1
  17 1
  18 1
  19 1
  20 1
  21 1
  22 1
  23 1
  24 1
  25 1
  26 1
  27 1
  28 1
  29 1
  30 1
  31 1
  32 1
  33 1
  34 1
  35 1
  36 1
EOF
