VRPTEST 1.0
COMMENT: descr: Modified tsplib for the OBP
COMMENT: Best known objective: 896.0
COMMENT: Computational time (s): 0.126
NAME: c131_15ea
NUM_DEPOTS: 2
NUM_CAPACITIES: 1
NUM_VISITS: 131
NUM_LOCATIONS: 137
NUM_VEHICLES: 4
CAPACITIES: 8
DATA_SECTION
DEPOTS
  0
  1
LOCATION_COORD_SECTION
  0 5 20
  1 5 50
  2 51 19
  3 33 10
  4 25 24
  5 33 27
  6 52 25
  7 41 8
  8 39 9
  9 27 10
  10 28 22
  11 46 14
  12 28 3
  13 37 17
  14 38 20
  15 30 8
  16 40 29
  17 33 19
  18 46 28
  19 41 26
  20 38 6
  21 29 7
  22 27 17
  23 37 12
  24 38 15
  25 49 22
  26 48 19
  27 31 13
  28 28 26
  29 40 26
  30 49 26
  31 32 4
  32 30 3
  33 58 23
  34 56 22
  35 28 5
  36 48 24
  37 48 13
  38 23 13
  39 17 16
  40 17 20
  41 20 23
  42 3 19
  43 8 22
  44 16 16
  45 8 6
  46 8 20
  47 25 11
  48 16 10
  49 18 13
  50 16 20
  51 23 24
  52 17 9
  53 22 11
  54 19 6
  55 15 7
  56 7 13
  57 6 23
  58 13 26
  59 23 18
  60 26 11
  61 16 28
  62 23 20
  63 47 42
  64 40 38
  65 50 44
  66 58 56
  67 35 51
  68 34 67
  69 49 64
  70 42 39
  71 66 47
  72 39 56
  73 38 67
  74 44 62
  75 49 34
  76 47 44
  77 47 36
  78 36 64
  79 59 44
  80 65 50
  81 52 56
  82 53 49
  83 54 31
  84 37 59
  85 48 60
  86 41 65
  87 40 53
  88 70 47
  89 49 61
  90 30 45
  91 43 48
  92 33 53
  93 61 49
  94 39 72
  95 38 68
  96 40 54
  97 61 40
  98 28 49
  99 49 57
  100 31 45
  101 58 59
  102 8 30
  103 20 49
  104 31 40
  105 28 38
  106 20 46
  107 17 47
  108 4 36
  109 24 45
  110 40 33
  111 23 32
  112 21 43
  113 23 51
  114 16 43
  115 20 34
  116 15 32
  117 31 37
  118 28 31
  119 40 34
  120 20 47
  121 34 33
  122 7 43
  123 13 44
  124 25 56
  125 23 30
  126 3 34
  127 23 35
  128 22 48
  129 25 46
  130 19 36
  131 20 31
  132 26 43
  133 10 10
  134 10 60
  135 12 60
  136 12 10
VISIT_LOCATION_SECTION
  2 2
  3 3
  4 4
  5 5
  6 6
  7 7
  8 8
  9 9
  10 10
  11 11
  12 12
  13 13
  14 14
  15 15
  16 16
  17 17
  18 18
  19 19
  20 20
  21 21
  22 22
  23 23
  24 24
  25 25
  26 26
  27 27
  28 28
  29 29
  30 30
  31 31
  32 32
  33 33
  34 34
  35 35
  36 36
  37 37
  38 38
  39 39
  40 40
  41 41
  42 42
  43 43
  44 44
  45 45
  46 46
  47 47
  48 48
  49 49
  50 50
  51 51
  52 52
  53 53
  54 54
  55 55
  56 56
  57 57
  58 58
  59 59
  60 60
  61 61
  62 62
  63 63
  64 64
  65 65
  66 66
  67 67
  68 68
  69 69
  70 70
  71 71
  72 72
  73 73
  74 74
  75 75
  76 76
  77 77
  78 78
  79 79
  80 80
  81 81
  82 82
  83 83
  84 84
  85 85
  86 86
  87 87
  88 88
  89 89
  90 90
  91 91
  92 92
  93 93
  94 94
  95 95
  96 96
  97 97
  98 98
  99 99
  100 100
  101 101
  102 102
  103 103
  104 104
  105 105
  106 106
  107 107
  108 108
  109 109
  110 110
  111 111
  112 112
  113 113
  114 114
  115 115
  116 116
  117 117
  118 118
  119 119
  120 120
  121 121
  122 122
  123 123
  124 124
  125 125
  126 126
  127 127
  128 128
  129 129
  130 130
  131 131
  132 132
COMMENT: TIMESTEP: 1
ORDERS_SECTION
  1 2 3 4 5 6 7 8 9
  2 10 11 12
  3 13 14 15
  4 16 17 18 19
  5 20 21 22 23
  6 24 25 26 27
  7 28 29 30 31 32 33 34 35
  8 36 37
  9 38 39 40
  10 41 42
  11 43 44
  12 45 46 47
  13 48 49 50 51 52
  14 53 54 55 56
  15 57 58
  16 59 60 61 62
  17 63 64 65 66
  18 67 68 69 70 71
  19 72 73 74
  20 75 76 77 78 79
  21 80 81 82 83 84 85 86 87
  22 88 89 90 91 92 93
  23 94 95 96 97 98 99 100 101
  24 102 103 104 105
  25 106 107 108 109 110 111 112 113
  26 114 115 116 117 118
  27 119 120
  28 121 122 123 124
  29 125 126 127 128 129
  30 130 131 132
TIME_AVAIL_SECTION
  1 1
  2 1
  3 1
  4 1
  5 1
  6 1
  7 1
  8 1
  9 1
  10 1
  11 1
  12 1
  13 1
  14 1
  15 1
  16 1
  17 1
  18 1
  19 1
  20 1
  21 1
  22 1
  23 1
  24 1
  25 1
  26 1
  27 1
  28 1
  29 1
  30 1
OBSTACLES
  1 133 134 135 136
EOF
