VRPTEST 1.0
COMMENT: descr: Modified tsplib for the OBP
COMMENT: Best known objective: 828.0
COMMENT: Computational time (s): 0.106
NAME: c155_1b83
NUM_DEPOTS: 2
NUM_CAPACITIES: 1
NUM_VISITS: 155
NUM_LOCATIONS: 157
NUM_VEHICLES: 6
CAPACITIES: 4
DATA_SECTION
DEPOTS
  0
  1
LOCATION_COORD_SECTION
  0 5 30
  1 5 50
  2 37 73
  3 49 59
  4 26 59
  5 30 69
  6 37 54
  7 24 66
  8 38 63
  9 42 55
  10 38 49
  11 25 64
  12 29 61
  13 37 61
  14 34 56
  15 39 58
  16 44 57
  17 34 70
  18 33 57
  19 58 55
  20 53 60
  21 46 56
  22 34 74
  23 25 67
  24 39 71
  25 52 56
  26 42 74
  27 32 71
  28 35 21
  29 42 9
  30 43 8
  31 61 23
  32 42 32
  33 54 16
  34 30 34
  35 31 35
  36 50 35
  37 43 19
  38 39 15
  39 40 8
  40 46 30
  41 35 33
  42 43 35
  43 38 16
  44 29 23
  45 45 8
  46 59 24
  47 50 13
  48 49 15
  49 49 25
  50 45 25
  51 48 16
  52 43 15
  53 42 18
  54 46 35
  55 35 29
  56 42 13
  57 40 14
  58 48 33
  59 61 29
  60 37 29
  61 42 31
  62 31 23
  63 34 12
  64 48 27
  65 45 35
  66 57 19
  67 57 31
  68 50 26
  69 49 17
  70 35 16
  71 55 32
  72 9 52
  73 11 37
  74 16 41
  75 6 53
  76 15 42
  77 12 56
  78 17 64
  79 22 36
  80 19 37
  81 17 27
  82 19 53
  83 25 34
  84 5 42
  85 14 38
  86 16 52
  87 14 32
  88 12 44
  89 23 47
  90 22 67
  91 7 51
  92 23 68
  93 15 28
  94 24 42
  95 23 34
  96 8 47
  97 28 43
  98 13 54
  99 21 50
  100 19 39
  101 21 49
  102 13 36
  103 15 31
  104 17 34
  105 22 57
  106 20 28
  107 19 57
  108 20 46
  109 51 37
  110 49 40
  111 36 36
  112 55 44
  113 43 49
  114 46 50
  115 38 42
  116 61 46
  117 42 40
  118 38 48
  119 50 51
  120 62 41
  121 55 45
  122 62 45
  123 53 43
  124 51 50
  125 63 41
  126 41 50
  127 58 45
  128 38 41
  129 59 37
  130 37 43
  131 44 46
  132 47 43
  133 34 46
  134 46 51
  135 45 43
  136 48 39
  137 60 40
  138 61 48
  139 33 42
  140 57 45
  141 53 46
  142 45 42
  143 50 44
  144 42 50
  145 44 39
  146 37 47
  147 33 40
  148 49 43
  149 38 43
  150 36 38
  151 52 44
  152 58 52
  153 47 45
  154 55 51
  155 51 49
  156 39 45
VISIT_LOCATION_SECTION
  2 2
  3 3
  4 4
  5 5
  6 6
  7 7
  8 8
  9 9
  10 10
  11 11
  12 12
  13 13
  14 14
  15 15
  16 16
  17 17
  18 18
  19 19
  20 20
  21 21
  22 22
  23 23
  24 24
  25 25
  26 26
  27 27
  28 28
  29 29
  30 30
  31 31
  32 32
  33 33
  34 34
  35 35
  36 36
  37 37
  38 38
  39 39
  40 40
  41 41
  42 42
  43 43
  44 44
  45 45
  46 46
  47 47
  48 48
  49 49
  50 50
  51 51
  52 52
  53 53
  54 54
  55 55
  56 56
  57 57
  58 58
  59 59
  60 60
  61 61
  62 62
  63 63
  64 64
  65 65
  66 66
  67 67
  68 68
  69 69
  70 70
  71 71
  72 72
  73 73
  74 74
  75 75
  76 76
  77 77
  78 78
  79 79
  80 80
  81 81
  82 82
  83 83
  84 84
  85 85
  86 86
  87 87
  88 88
  89 89
  90 90
  91 91
  92 92
  93 93
  94 94
  95 95
  96 96
  97 97
  98 98
  99 99
  100 100
  101 101
  102 102
  103 103
  104 104
  105 105
  106 106
  107 107
  108 108
  109 109
  110 110
  111 111
  112 112
  113 113
  114 114
  115 115
  116 116
  117 117
  118 118
  119 119
  120 120
  121 121
  122 122
  123 123
  124 124
  125 125
  126 126
  127 127
  128 128
  129 129
  130 130
  131 131
  132 132
  133 133
  134 134
  135 135
  136 136
  137 137
  138 138
  139 139
  140 140
  141 141
  142 142
  143 143
  144 144
  145 145
  146 146
  147 147
  148 148
  149 149
  150 150
  151 151
  152 152
  153 153
  154 154
  155 155
  156 156
COMMENT: TIMESTEP: 1
ORDERS_SECTION
  1 2 3 4
  2 5 6
  3 7 8 9 10 11
  4 12 13 14 15 16 17 18 19 20
  5 21 22 23 24 25 26 27
  6 28 29 30 31 32
  7 33 34 35 36 37 38 39 40 41 42
  8 43 44 45 46 47 48 49 50 51 52 53 54
  9 55 56 57 58 59 60
  10 61 62 63 64 65 66 67 68 69 70 71
  11 72 73 74 75 76 77
  12 78 79
  13 80 81 82 83 84 85 86 87 88 89 90 91
  14 92 93 94 95
  15 96 97 98 99 100 101 102 103 104 105 106 107 108
  16 109 110 111 112
  17 113 114 115 116 117
  18 118 119 120 121 122 123 124 125 126 127 128 129 130
  19 131 132 133 134 135 136 137 138 139 140 141 142 143
  20 144 145 146 147 148 149 150 151 152 153 154 155 156
TIME_AVAIL_SECTION
  1 1
  2 1
  3 1
  4 1
  5 1
  6 1
  7 1
  8 1
  9 1
  10 1
  11 1
  12 1
  13 1
  14 1
  15 1
  16 1
  17 1
  18 1
  19 1
  20 1
EOF
