VRPTEST 1.0
COMMENT: descr: Modified tsplib for the OBP
COMMENT: Best known objective: 1136.426
COMMENT: Computational time (s): 0.150243
NAME: c87_cfce
NUM_CAPACITIES: 1
NUM_VISITS: 87
NUM_VEHICLES: 4
CAPACITIES: 4
DATA_SECTION
DEPOTS
  0
  1
VISIT_LOCATION_SECTION
  2 5
  3 16
  4 181
  5 101
  6 203
  7 201
  8 191
  9 79
  10 100
  11 196
  12 227
  13 85
  14 243
  15 240
  16 176
  17 133
  18 123
  19 131
  20 251
  21 6
  22 113
  23 43
  24 33
  25 77
  26 27
  27 22
  28 31
  29 11
  30 28
  31 225
  32 172
  33 164
  34 198
  35 141
  36 175
  37 218
  38 147
  39 124
  40 231
  41 145
  42 78
  43 70
  44 7
  45 21
  46 244
  47 197
  48 182
  49 194
  50 210
  51 99
  52 260
  53 188
  54 247
  55 112
  56 153
  57 200
  58 236
  59 174
  60 170
  61 156
  62 171
  63 154
  64 108
  65 26
  66 68
  67 60
  68 12
  69 23
  70 192
  71 257
  72 190
  73 229
  74 87
  75 126
  76 142
  77 52
  78 41
  79 25
  80 45
  81 15
  82 18
  83 44
  84 208
  85 195
  86 71
  87 89
  88 242
COMMENT: TIMESTEP: 1
ORDERS_SECTION
  1 2 3 4
  2 5 6 7 8 9 10 11 12 13 14 15
  3 16 17 18 19 20
  4 21 22 23 24 25 26 27 28 29 30
  5 31
  6 32 33 34 35 36 37 38 39 40 41
  7 42 43 44 45
  8 46 47 48 49 50 51 52 53
  9 54 55 56 57 58 59 60 61 62 63 64
  10 65 66 67 68 69
  11 70 71 72 73 74
  12 75 76
  13 77 78 79 80 81 82 83
  14 84 85 86 87 88
TIME_AVAIL_SECTION
  1 1
  2 1
  3 1
  4 1
  5 1
  6 1
  7 1
  8 1
  9 1
  10 1
  11 1
  12 1
  13 1
  14 1
EOF
