VRPTEST 1.0
COMMENT: descr: Modified tsplib for the OBP
COMMENT: Best known objective: 1594.609
COMMENT: Computational time (s): 0.537242
NAME: c132_b2fd
NUM_CAPACITIES: 1
NUM_VISITS: 132
NUM_VEHICLES: 9
CAPACITIES: 4
DATA_SECTION
DEPOTS
  0
  1
VISIT_LOCATION_SECTION
  2 32
  3 400
  4 370
  5 463
  6 155
  7 197
  8 63
  9 137
  10 433
  11 357
  12 27
  13 152
  14 108
  15 261
  16 419
  17 45
  18 386
  19 75
  20 397
  21 376
  22 289
  23 104
  24 218
  25 249
  26 222
  27 85
  28 207
  29 206
  30 333
  31 203
  32 35
  33 162
  34 99
  35 228
  36 39
  37 158
  38 260
  39 210
  40 200
  41 355
  42 366
  43 408
  44 456
  45 474
  46 304
  47 213
  48 254
  49 425
  50 25
  51 106
  52 44
  53 321
  54 100
  55 141
  56 59
  57 359
  58 349
  59 212
  60 149
  61 89
  62 274
  63 442
  64 105
  65 15
  66 300
  67 151
  68 169
  69 239
  70 351
  71 457
  72 12
  73 344
  74 382
  75 157
  76 58
  77 22
  78 279
  79 394
  80 298
  81 327
  82 156
  83 140
  84 125
  85 124
  86 407
  87 387
  88 446
  89 450
  90 437
  91 379
  92 182
  93 7
  94 185
  95 192
  96 43
  97 292
  98 136
  99 144
  100 262
  101 352
  102 278
  103 475
  104 345
  105 179
  106 34
  107 238
  108 468
  109 243
  110 302
  111 369
  112 236
  113 348
  114 80
  115 180
  116 322
  117 372
  118 418
  119 3
  120 102
  121 79
  122 422
  123 173
  124 360
  125 118
  126 65
  127 175
  128 396
  129 375
  130 306
  131 147
  132 90
  133 92
COMMENT: TIMESTEP: 1
ORDERS_SECTION
  1 2 3 4 5 6 7
  2 8 9 10 11 12
  3 13 14 15 16
  4 17 18 19 20
  5 21 22 23 24 25 26
  6 27 28 29 30
  7 31 32
  8 33 34
  9 35 36 37
  10 38 39 40 41
  11 42 43 44 45
  12 46 47
  13 48 49 50 51 52
  14 53 54 55 56 57
  15 58 59
  16 60 61 62 63 64
  17 65 66 67 68 69
  18 70 71 72 73 74 75
  19 76 77
  20 78 79 80 81 82
  21 83 84
  22 85 86 87 88 89
  23 90 91 92 93 94
  24 95 96 97
  25 98 99 100 101 102 103
  26 104 105 106
  27 107 108 109 110 111
  28 112 113
  29 114 115 116
  30 117 118 119
  31 120 121 122 123 124 125
  32 126 127 128 129
  33 130 131 132 133
TIME_AVAIL_SECTION
  1 1
  2 1
  3 1
  4 1
  5 1
  6 1
  7 1
  8 1
  9 1
  10 1
  11 1
  12 1
  13 1
  14 1
  15 1
  16 1
  17 1
  18 1
  19 1
  20 1
  21 1
  22 1
  23 1
  24 1
  25 1
  26 1
  27 1
  28 1
  29 1
  30 1
  31 1
  32 1
  33 1
EOF
