VRPTEST 1.0
COMMENT: descr: Modified tsplib for the OBP
COMMENT: Best known objective: 1596.0
COMMENT: Computational time (s): 0.094
NAME: c126_22db
NUM_DEPOTS: 2
NUM_CAPACITIES: 1
NUM_VISITS: 126
NUM_LOCATIONS: 216
NUM_VEHICLES: 11
CAPACITIES: 4
DATA_SECTION
DEPOTS
  0
  1
LOCATION_COORD_SECTION
  0 35 70
  1 50 70
  2 57 12
  3 39 20
  4 45 12
  5 45 28
  6 49 28
  7 57 40
  8 49 20
  9 55 12
  10 69 12
  11 61 16
  12 67 16
  13 73 16
  14 57 16
  15 67 12
  16 67 24
  17 37 20
  18 73 20
  19 61 28
  20 39 16
  21 43 28
  22 69 28
  23 43 12
  24 55 20
  25 69 24
  26 45 16
  27 55 16
  28 49 16
  29 57 24
  30 51 28
  31 57 28
  32 69 20
  33 45 24
  34 25 40
  35 31 56
  36 45 44
  37 39 52
  38 31 28
  39 37 28
  40 27 24
  41 43 48
  42 31 24
  43 43 44
  44 27 40
  45 37 44
  46 31 40
  47 37 52
  48 39 48
  49 51 40
  50 37 40
  51 27 28
  52 31 52
  53 39 44
  54 43 40
  55 49 44
  56 45 40
  57 31 48
  58 49 40
  59 45 48
  60 37 56
  61 37 24
  62 39 40
  63 33 28
  64 33 48
  65 9 44
  66 9 40
  67 13 48
  68 15 52
  69 21 28
  70 9 52
  71 19 28
  72 9 56
  73 21 24
  74 21 40
  75 19 44
  76 21 56
  77 19 24
  78 25 56
  79 13 56
  80 9 48
  81 25 44
  82 19 56
  83 27 52
  84 15 48
  85 13 44
  86 19 52
  87 21 44
  88 15 28
  89 13 40
  90 19 48
  91 25 48
  92 15 44
  93 15 40
  94 25 52
  95 19 40
  96 27 48
  97 13 52
  98 61 44
  99 49 48
  100 39 56
  101 63 52
  102 45 52
  103 63 48
  104 55 52
  105 67 48
  106 73 52
  107 69 52
  108 61 52
  109 69 48
  110 51 44
  111 45 56
  112 55 40
  113 57 52
  114 67 52
  115 51 56
  116 43 56
  117 57 48
  118 57 56
  119 55 48
  120 55 44
  121 61 48
  122 51 52
  123 63 56
  124 55 56
  125 61 56
  126 63 44
  127 49 56
  128 10 10
  129 10 30
  130 12 30
  131 12 10
  132 16 10
  133 16 30
  134 18 30
  135 18 10
  136 22 10
  137 22 30
  138 24 30
  139 24 10
  140 28 10
  141 28 30
  142 30 30
  143 30 10
  144 34 10
  145 34 30
  146 36 30
  147 36 10
  148 40 10
  149 40 30
  150 42 30
  151 42 10
  152 46 10
  153 46 30
  154 48 30
  155 48 10
  156 52 10
  157 52 30
  158 54 30
  159 54 10
  160 58 10
  161 58 30
  162 60 30
  163 60 10
  164 64 10
  165 64 30
  166 66 30
  167 66 10
  168 70 10
  169 70 30
  170 72 30
  171 72 10
  172 10 40
  173 10 60
  174 12 60
  175 12 40
  176 16 40
  177 16 60
  178 18 60
  179 18 40
  180 22 40
  181 22 60
  182 24 60
  183 24 40
  184 28 40
  185 28 60
  186 30 60
  187 30 40
  188 34 40
  189 34 60
  190 36 60
  191 36 40
  192 40 40
  193 40 60
  194 42 60
  195 42 40
  196 46 40
  197 46 60
  198 48 60
  199 48 40
  200 52 40
  201 52 60
  202 54 60
  203 54 40
  204 58 40
  205 58 60
  206 60 60
  207 60 40
  208 64 40
  209 64 60
  210 66 60
  211 66 40
  212 70 40
  213 70 60
  214 72 60
  215 72 40
VISIT_LOCATION_SECTION
  2 2
  3 3
  4 4
  5 5
  6 6
  7 7
  8 8
  9 9
  10 10
  11 11
  12 12
  13 13
  14 14
  15 15
  16 16
  17 17
  18 18
  19 19
  20 20
  21 21
  22 22
  23 23
  24 24
  25 25
  26 26
  27 27
  28 28
  29 29
  30 30
  31 31
  32 32
  33 33
  34 34
  35 35
  36 36
  37 37
  38 38
  39 39
  40 40
  41 41
  42 42
  43 43
  44 44
  45 45
  46 46
  47 47
  48 48
  49 49
  50 50
  51 51
  52 52
  53 53
  54 54
  55 55
  56 56
  57 57
  58 58
  59 59
  60 60
  61 61
  62 62
  63 63
  64 64
  65 65
  66 66
  67 67
  68 68
  69 69
  70 70
  71 71
  72 72
  73 73
  74 74
  75 75
  76 76
  77 77
  78 78
  79 79
  80 80
  81 81
  82 82
  83 83
  84 84
  85 85
  86 86
  87 87
  88 88
  89 89
  90 90
  91 91
  92 92
  93 93
  94 94
  95 95
  96 96
  97 97
  98 98
  99 99
  100 100
  101 101
  102 102
  103 103
  104 104
  105 105
  106 106
  107 107
  108 108
  109 109
  110 110
  111 111
  112 112
  113 113
  114 114
  115 115
  116 116
  117 117
  118 118
  119 119
  120 120
  121 121
  122 122
  123 123
  124 124
  125 125
  126 126
  127 127
COMMENT: TIMESTEP: 1
ORDERS_SECTION
  1 2 3 4
  2 5 6
  3 7 8 9 10
  4 11 12 13 14
  5 15 16 17 18
  6 19 20 21
  7 22 23 24
  8 25 26
  9 27 28 29
  10 30 31 32 33
  11 34 35 36
  12 37 38 39 40
  13 41 42
  14 43 44 45
  15 46 47 48 49
  16 50 51
  17 52 53 54 55
  18 56 57
  19 58 59 60
  20 61 62 63 64
  21 65 66 67
  22 68 69 70 71
  23 72 73 74
  24 75 76 77
  25 78 79
  26 80 81 82 83
  27 84 85 86 87
  28 88 89 90
  29 91 92 93 94
  30 95 96 97
  31 98 99
  32 100 101
  33 102 103
  34 104 105 106 107
  35 108 109 110
  36 111 112 113
  37 114 115 116 117
  38 118 119 120 121
  39 122 123 124 125
  40 126 127
TIME_AVAIL_SECTION
  1 1
  2 1
  3 1
  4 1
  5 1
  6 1
  7 1
  8 1
  9 1
  10 1
  11 1
  12 1
  13 1
  14 1
  15 1
  16 1
  17 1
  18 1
  19 1
  20 1
  21 1
  22 1
  23 1
  24 1
  25 1
  26 1
  27 1
  28 1
  29 1
  30 1
  31 1
  32 1
  33 1
  34 1
  35 1
  36 1
  37 1
  38 1
  39 1
  40 1
OBSTACLES
  1 128 129 130 131
  2 132 133 134 135
  3 136 137 138 139
  4 140 141 142 143
  5 144 145 146 147
  6 148 149 150 151
  7 152 153 154 155
  8 156 157 158 159
  9 160 161 162 163
  10 164 165 166 167
  11 168 169 170 171
  12 172 173 174 175
  13 176 177 178 179
  14 180 181 182 183
  15 184 185 186 187
  16 188 189 190 191
  17 192 193 194 195
  18 196 197 198 199
  19 200 201 202 203
  20 204 205 206 207
  21 208 209 210 211
  22 212 213 214 215
EOF
