VRPTEST 1.0
COMMENT: descr: Modified tsplib for the OBP
COMMENT: Best known objective: 1434.0
COMMENT: Computational time (s): 0.490495
NAME: c68_1d1b
NUM_CAPACITIES: 1
NUM_VISITS: 68
NUM_VEHICLES: 12
CAPACITIES: 3
DATA_SECTION
DEPOTS
  0
  1
VISIT_LOCATION_SECTION
  2 67
  3 142
  4 185
  5 217
  6 34
  7 58
  8 88
  9 221
  10 9
  11 10
  12 214
  13 197
  14 5
  15 144
  16 207
  17 80
  18 143
  19 132
  20 192
  21 219
  22 155
  23 64
  24 203
  25 71
  26 162
  27 152
  28 218
  29 213
  30 156
  31 74
  32 90
  33 96
  34 43
  35 77
  36 110
  37 206
  38 76
  39 39
  40 83
  41 202
  42 44
  43 25
  44 111
  45 204
  46 40
  47 28
  48 87
  49 106
  50 42
  51 3
  52 108
  53 194
  54 7
  55 21
  56 91
  57 85
  58 41
  59 38
  60 105
  61 92
  62 51
  63 19
  64 109
  65 81
  66 49
  67 16
  68 205
  69 208
COMMENT: TIMESTEP: 1
ORDERS_SECTION
  1 2 3
  2 4 5
  3 6 7
  4 8 9
  5 10 11
  6 12 13
  7 14 15
  8 16 17
  9 18 19
  10 20 21
  11 22 23
  12 24 25
  13 26 27
  14 28 29
  15 30 31
  16 32 33
  17 34 35
  18 36 37
  19 38 39
  20 40 41
  21 42 43
  22 44 45
  23 46 47
  24 48 49
  25 50 51
  26 52 53
  27 54 55
  28 56 57
  29 58 59
  30 60 61
  31 62 63
  32 64 65
  33 66 67
  34 68 69
TIME_AVAIL_SECTION
  1 1
  2 1
  3 1
  4 1
  5 1
  6 1
  7 1
  8 1
  9 1
  10 1
  11 1
  12 1
  13 1
  14 1
  15 1
  16 1
  17 1
  18 1
  19 1
  20 1
  21 1
  22 1
  23 1
  24 1
  25 1
  26 1
  27 1
  28 1
  29 1
  30 1
  31 1
  32 1
  33 1
  34 1
EOF
