VRPTEST 1.0
COMMENT: descr: Modified tsplib for the OBP
COMMENT: Best known objective: 1009.0
COMMENT: Computational time (s): 0.16
NAME: c157_1544
NUM_DEPOTS: 2
NUM_CAPACITIES: 1
NUM_VISITS: 157
NUM_LOCATIONS: 163
NUM_VEHICLES: 6
CAPACITIES: 4
DATA_SECTION
DEPOTS
  0
  1
LOCATION_COORD_SECTION
  0 5 20
  1 5 50
  2 42 48
  3 33 53
  4 32 44
  5 40 47
  6 28 49
  7 23 53
  8 18 52
  9 20 55
  10 25 53
  11 24 63
  12 15 54
  13 23 51
  14 30 45
  15 20 59
  16 19 57
  17 28 46
  18 31 45
  19 24 67
  20 7 43
  21 13 49
  22 19 48
  23 40 46
  24 39 47
  25 38 40
  26 27 40
  27 27 65
  28 18 41
  29 7 45
  30 43 48
  31 27 59
  32 16 49
  33 32 50
  34 33 59
  35 17 57
  36 17 55
  37 31 47
  38 17 47
  39 21 43
  40 16 50
  41 26 43
  42 39 46
  43 43 47
  44 70 39
  45 73 36
  46 69 32
  47 59 30
  48 77 34
  49 57 17
  50 59 39
  51 66 31
  52 57 22
  53 70 23
  54 55 11
  55 66 16
  56 66 22
  57 68 33
  58 62 49
  59 59 32
  60 66 37
  61 69 29
  62 59 27
  63 61 36
  64 63 38
  65 58 13
  66 78 25
  67 55 43
  68 53 15
  69 57 20
  70 62 45
  71 36 22
  72 52 14
  73 53 42
  74 35 27
  75 50 44
  76 48 19
  77 51 11
  78 41 23
  79 47 42
  80 44 30
  81 49 48
  82 48 44
  83 52 25
  84 46 28
  85 54 32
  86 50 8
  87 40 38
  88 44 48
  89 45 45
  90 48 24
  91 48 13
  92 43 34
  93 40 29
  94 49 14
  95 41 20
  96 49 34
  97 43 43
  98 42 18
  99 45 43
  100 40 34
  101 46 51
  102 48 48
  103 50 54
  104 54 38
  105 47 36
  106 54 48
  107 44 41
  108 46 38
  109 40 40
  110 43 13
  111 52 51
  112 13 29
  113 23 13
  114 3 34
  115 23 30
  116 5 30
  117 6 28
  118 25 24
  119 13 24
  120 20 24
  121 32 22
  122 17 20
  123 13 37
  124 33 27
  125 19 36
  126 23 20
  127 37 38
  128 28 17
  129 26 20
  130 5 37
  131 23 21
  132 21 17
  133 27 21
  134 14 34
  135 28 38
  136 5 31
  137 28 26
  138 18 16
  139 28 31
  140 24 20
  141 16 35
  142 27 32
  143 15 25
  144 22 31
  145 24 33
  146 16 20
  147 8 30
  148 28 22
  149 26 26
  150 31 38
  151 4 36
  152 16 25
  153 19 19
  154 6 39
  155 19 39
  156 13 26
  157 14 39
  158 19 31
  159 10 10
  160 10 60
  161 12 60
  162 12 10
VISIT_LOCATION_SECTION
  2 2
  3 3
  4 4
  5 5
  6 6
  7 7
  8 8
  9 9
  10 10
  11 11
  12 12
  13 13
  14 14
  15 15
  16 16
  17 17
  18 18
  19 19
  20 20
  21 21
  22 22
  23 23
  24 24
  25 25
  26 26
  27 27
  28 28
  29 29
  30 30
  31 31
  32 32
  33 33
  34 34
  35 35
  36 36
  37 37
  38 38
  39 39
  40 40
  41 41
  42 42
  43 43
  44 44
  45 45
  46 46
  47 47
  48 48
  49 49
  50 50
  51 51
  52 52
  53 53
  54 54
  55 55
  56 56
  57 57
  58 58
  59 59
  60 60
  61 61
  62 62
  63 63
  64 64
  65 65
  66 66
  67 67
  68 68
  69 69
  70 70
  71 71
  72 72
  73 73
  74 74
  75 75
  76 76
  77 77
  78 78
  79 79
  80 80
  81 81
  82 82
  83 83
  84 84
  85 85
  86 86
  87 87
  88 88
  89 89
  90 90
  91 91
  92 92
  93 93
  94 94
  95 95
  96 96
  97 97
  98 98
  99 99
  100 100
  101 101
  102 102
  103 103
  104 104
  105 105
  106 106
  107 107
  108 108
  109 109
  110 110
  111 111
  112 112
  113 113
  114 114
  115 115
  116 116
  117 117
  118 118
  119 119
  120 120
  121 121
  122 122
  123 123
  124 124
  125 125
  126 126
  127 127
  128 128
  129 129
  130 130
  131 131
  132 132
  133 133
  134 134
  135 135
  136 136
  137 137
  138 138
  139 139
  140 140
  141 141
  142 142
  143 143
  144 144
  145 145
  146 146
  147 147
  148 148
  149 149
  150 150
  151 151
  152 152
  153 153
  154 154
  155 155
  156 156
  157 157
  158 158
COMMENT: TIMESTEP: 1
ORDERS_SECTION
  1 2 3 4 5 6 7 8 9 10 11 12
  2 13 14
  3 15 16 17 18 19 20 21 22 23 24 25 26 27 28
  4 29 30 31 32 33 34 35 36 37 38 39
  5 40 41 42 43
  6 44 45 46 47
  7 48 49
  8 50 51 52 53 54 55 56 57 58 59 60 61 62 63
  9 64 65 66 67 68
  10 69 70
  11 71 72 73
  12 74 75 76 77
  13 78 79 80 81
  14 82 83 84 85 86 87 88 89 90 91 92 93 94 95 96
  15 97 98 99 100 101 102 103 104 105 106 107 108 109 110 111
  16 112 113 114 115 116 117 118 119 120 121 122 123 124
  17 125 126 127 128 129 130 131 132 133 134 135 136
  18 137 138 139 140 141 142 143 144
  19 145 146 147 148 149 150
  20 151 152 153 154 155 156 157 158
TIME_AVAIL_SECTION
  1 1
  2 1
  3 1
  4 1
  5 1
  6 1
  7 1
  8 1
  9 1
  10 1
  11 1
  12 1
  13 1
  14 1
  15 1
  16 1
  17 1
  18 1
  19 1
  20 1
OBSTACLES
  1 159 160 161 162
EOF
