VRPTEST 1.0
COMMENT: descr: Modified tsplib for the OBP
COMMENT: Best known objective: 1472.0
COMMENT: Computational time (s): 0.217
NAME: c186_09e6
NUM_DEPOTS: 2
NUM_CAPACITIES: 1
NUM_VISITS: 186
NUM_LOCATIONS: 192
NUM_VEHICLES: 7
CAPACITIES: 6
DATA_SECTION
DEPOTS
  0
  1
LOCATION_COORD_SECTION
  0 5 20
  1 5 50
  2 49 3
  3 48 19
  4 55 11
  5 34 24
  6 28 17
  7 51 4
  8 68 28
  9 61 34
  10 59 32
  11 63 19
  12 61 31
  13 40 7
  14 55 20
  15 73 26
  16 23 20
  17 59 10
  18 54 14
  19 47 36
  20 31 13
  21 58 23
  22 48 22
  23 24 33
  24 42 18
  25 26 26
  26 57 20
  27 43 23
  28 43 13
  29 68 33
  30 20 26
  31 54 31
  32 27 32
  33 50 11
  34 55 29
  35 40 33
  36 51 11
  37 33 10
  38 33 27
  39 41 23
  40 26 20
  41 51 23
  42 74 25
  43 43 21
  44 27 17
  45 52 29
  46 24 20
  47 66 31
  48 67 21
  49 37 12
  50 40 25
  51 52 25
  52 35 27
  53 56 17
  54 57 16
  55 41 20
  56 54 35
  57 56 22
  58 60 19
  59 68 25
  60 53 15
  61 41 26
  62 30 21
  63 48 13
  64 33 19
  65 40 26
  66 28 31
  67 63 22
  68 59 30
  69 61 36
  70 64 36
  71 66 26
  72 42 8
  73 38 6
  74 55 25
  75 54 10
  76 69 32
  77 36 14
  78 51 19
  79 36 18
  80 34 12
  81 38 10
  82 45 10
  83 63 18
  84 50 7
  85 55 10
  86 20 23
  87 39 26
  88 34 33
  89 31 40
  90 36 64
  91 47 65
  92 59 38
  93 44 70
  94 42 39
  95 19 48
  96 22 48
  97 57 57
  98 39 47
  99 68 47
  100 18 41
  101 36 63
  102 47 42
  103 48 40
  104 23 53
  105 40 34
  106 52 60
  107 45 43
  108 31 37
  109 48 57
  110 49 62
  111 40 38
  112 38 68
  113 55 44
  114 15 43
  115 23 35
  116 32 44
  117 39 46
  118 36 41
  119 59 39
  120 50 44
  121 49 64
  122 28 42
  123 63 51
  124 25 56
  125 44 62
  126 51 63
  127 43 48
  128 25 46
  129 40 46
  130 53 53
  131 61 49
  132 22 40
  133 23 41
  134 63 38
  135 59 44
  136 47 44
  137 33 56
  138 37 57
  139 61 39
  140 20 49
  141 26 43
  142 64 49
  143 65 44
  144 34 51
  145 54 48
  146 46 38
  147 47 58
  148 35 45
  149 28 46
  150 59 50
  151 28 50
  152 52 51
  153 43 56
  154 42 62
  155 31 57
  156 58 56
  157 43 50
  158 44 48
  159 36 55
  160 36 47
  161 54 38
  162 44 38
  163 25 53
  164 60 40
  165 49 63
  166 70 44
  167 43 65
  168 46 67
  169 28 49
  170 17 47
  171 48 44
  172 49 61
  173 53 49
  174 36 42
  175 50 57
  176 33 53
  177 56 41
  178 42 48
  179 65 49
  180 37 59
  181 41 56
  182 54 41
  183 38 40
  184 20 47
  185 38 67
  186 62 49
  187 43 43
  188 10 10
  189 10 60
  190 12 60
  191 12 10
VISIT_LOCATION_SECTION
  2 2
  3 3
  4 4
  5 5
  6 6
  7 7
  8 8
  9 9
  10 10
  11 11
  12 12
  13 13
  14 14
  15 15
  16 16
  17 17
  18 18
  19 19
  20 20
  21 21
  22 22
  23 23
  24 24
  25 25
  26 26
  27 27
  28 28
  29 29
  30 30
  31 31
  32 32
  33 33
  34 34
  35 35
  36 36
  37 37
  38 38
  39 39
  40 40
  41 41
  42 42
  43 43
  44 44
  45 45
  46 46
  47 47
  48 48
  49 49
  50 50
  51 51
  52 52
  53 53
  54 54
  55 55
  56 56
  57 57
  58 58
  59 59
  60 60
  61 61
  62 62
  63 63
  64 64
  65 65
  66 66
  67 67
  68 68
  69 69
  70 70
  71 71
  72 72
  73 73
  74 74
  75 75
  76 76
  77 77
  78 78
  79 79
  80 80
  81 81
  82 82
  83 83
  84 84
  85 85
  86 86
  87 87
  88 88
  89 89
  90 90
  91 91
  92 92
  93 93
  94 94
  95 95
  96 96
  97 97
  98 98
  99 99
  100 100
  101 101
  102 102
  103 103
  104 104
  105 105
  106 106
  107 107
  108 108
  109 109
  110 110
  111 111
  112 112
  113 113
  114 114
  115 115
  116 116
  117 117
  118 118
  119 119
  120 120
  121 121
  122 122
  123 123
  124 124
  125 125
  126 126
  127 127
  128 128
  129 129
  130 130
  131 131
  132 132
  133 133
  134 134
  135 135
  136 136
  137 137
  138 138
  139 139
  140 140
  141 141
  142 142
  143 143
  144 144
  145 145
  146 146
  147 147
  148 148
  149 149
  150 150
  151 151
  152 152
  153 153
  154 154
  155 155
  156 156
  157 157
  158 158
  159 159
  160 160
  161 161
  162 162
  163 163
  164 164
  165 165
  166 166
  167 167
  168 168
  169 169
  170 170
  171 171
  172 172
  173 173
  174 174
  175 175
  176 176
  177 177
  178 178
  179 179
  180 180
  181 181
  182 182
  183 183
  184 184
  185 185
  186 186
  187 187
COMMENT: TIMESTEP: 1
ORDERS_SECTION
  1 2 3 4 5 6 7
  2 8 9 10 11
  3 12 13 14 15 16 17 18 19
  4 20 21 22 23 24
  5 25 26 27
  6 28 29
  7 30 31 32 33
  8 34 35 36 37 38 39 40 41
  9 42 43 44
  10 45 46 47
  11 48 49
  12 50 51
  13 52 53
  14 54 55 56 57 58 59 60
  15 61 62 63
  16 64 65
  17 66 67 68 69 70 71
  18 72 73 74 75 76
  19 77 78 79 80 81 82 83
  20 84 85 86 87 88
  21 89 90 91
  22 92 93 94 95
  23 96 97 98 99 100
  24 101 102 103 104 105
  25 106 107 108 109 110 111
  26 112 113 114 115 116 117 118 119
  27 120 121 122
  28 123 124 125 126 127 128
  29 129 130 131 132
  30 133 134 135 136 137
  31 138 139 140 141 142 143
  32 144 145 146
  33 147 148 149 150 151 152 153
  34 154 155 156 157 158 159 160 161
  35 162 163 164 165 166
  36 167 168 169
  37 170 171
  38 172 173 174 175 176 177 178
  39 179 180 181 182 183 184 185
  40 186 187
TIME_AVAIL_SECTION
  1 1
  2 1
  3 1
  4 1
  5 1
  6 1
  7 1
  8 1
  9 1
  10 1
  11 1
  12 1
  13 1
  14 1
  15 1
  16 1
  17 1
  18 1
  19 1
  20 1
  21 1
  22 1
  23 1
  24 1
  25 1
  26 1
  27 1
  28 1
  29 1
  30 1
  31 1
  32 1
  33 1
  34 1
  35 1
  36 1
  37 1
  38 1
  39 1
  40 1
OBSTACLES
  1 188 189 190 191
EOF
