VRPTEST 1.0
COMMENT: descr: Modified tsplib for the OBP
COMMENT: Best known objective: 1008.0
COMMENT: Computational time (s): 0.116
NAME: c163_1f0b
NUM_DEPOTS: 2
NUM_CAPACITIES: 1
NUM_VISITS: 163
NUM_LOCATIONS: 169
NUM_VEHICLES: 6
CAPACITIES: 4
DATA_SECTION
DEPOTS
  0
  1
LOCATION_COORD_SECTION
  0 5 20
  1 5 50
  2 64 55
  3 50 54
  4 59 62
  5 43 43
  6 40 53
  7 41 65
  8 63 51
  9 38 66
  10 49 72
  11 58 63
  12 53 42
  13 47 65
  14 51 42
  15 40 40
  16 51 65
  17 50 44
  18 40 75
  19 48 57
  20 42 39
  21 50 45
  22 44 56
  23 47 67
  24 52 51
  25 47 52
  26 55 44
  27 59 50
  28 40 46
  29 63 54
  30 54 60
  31 44 70
  32 48 60
  33 43 34
  34 54 48
  35 61 49
  36 44 48
  37 48 40
  38 42 55
  39 55 56
  40 52 66
  41 58 45
  42 62 49
  43 60 55
  44 40 70
  45 41 56
  46 26 9
  47 37 5
  48 46 28
  49 23 30
  50 36 22
  51 27 8
  52 48 19
  53 45 10
  54 28 32
  55 28 22
  56 40 33
  57 40 7
  58 31 13
  59 38 10
  60 40 34
  61 36 18
  62 37 12
  63 28 5
  64 22 11
  65 38 6
  66 51 17
  67 46 23
  68 30 21
  69 28 4
  70 33 3
  71 20 21
  72 38 15
  73 17 20
  74 26 11
  75 25 24
  76 39 9
  77 42 8
  78 55 25
  79 41 23
  80 23 32
  81 52 22
  82 30 8
  83 23 24
  84 16 28
  85 57 22
  86 46 11
  87 26 26
  88 22 31
  89 30 9
  90 35 51
  91 27 64
  92 29 54
  93 36 47
  94 28 75
  95 37 57
  96 32 50
  97 33 53
  98 31 69
  99 35 45
  100 27 70
  101 36 61
  102 28 65
  103 33 42
  104 30 70
  105 36 73
  106 32 44
  107 27 59
  108 36 64
  109 37 74
  110 34 51
  111 30 76
  112 31 68
  113 36 42
  114 36 55
  115 32 68
  116 28 74
  117 33 56
  118 31 57
  119 35 59
  120 34 67
  121 33 70
  122 36 63
  123 30 69
  124 30 75
  125 32 70
  126 33 59
  127 37 59
  128 27 65
  129 14 56
  130 19 39
  131 18 55
  132 22 64
  133 19 51
  134 17 36
  135 28 49
  136 23 41
  137 28 42
  138 25 56
  139 19 48
  140 16 49
  141 13 59
  142 24 45
  143 23 62
  144 23 35
  145 20 65
  146 31 40
  147 31 38
  148 24 33
  149 16 64
  150 16 43
  151 20 49
  152 21 66
  153 20 34
  154 7 45
  155 14 39
  156 28 50
  157 22 60
  158 18 52
  159 20 46
  160 31 45
  161 15 43
  162 26 43
  163 20 55
  164 19 57
  165 10 10
  166 10 60
  167 12 60
  168 12 10
VISIT_LOCATION_SECTION
  2 2
  3 3
  4 4
  5 5
  6 6
  7 7
  8 8
  9 9
  10 10
  11 11
  12 12
  13 13
  14 14
  15 15
  16 16
  17 17
  18 18
  19 19
  20 20
  21 21
  22 22
  23 23
  24 24
  25 25
  26 26
  27 27
  28 28
  29 29
  30 30
  31 31
  32 32
  33 33
  34 34
  35 35
  36 36
  37 37
  38 38
  39 39
  40 40
  41 41
  42 42
  43 43
  44 44
  45 45
  46 46
  47 47
  48 48
  49 49
  50 50
  51 51
  52 52
  53 53
  54 54
  55 55
  56 56
  57 57
  58 58
  59 59
  60 60
  61 61
  62 62
  63 63
  64 64
  65 65
  66 66
  67 67
  68 68
  69 69
  70 70
  71 71
  72 72
  73 73
  74 74
  75 75
  76 76
  77 77
  78 78
  79 79
  80 80
  81 81
  82 82
  83 83
  84 84
  85 85
  86 86
  87 87
  88 88
  89 89
  90 90
  91 91
  92 92
  93 93
  94 94
  95 95
  96 96
  97 97
  98 98
  99 99
  100 100
  101 101
  102 102
  103 103
  104 104
  105 105
  106 106
  107 107
  108 108
  109 109
  110 110
  111 111
  112 112
  113 113
  114 114
  115 115
  116 116
  117 117
  118 118
  119 119
  120 120
  121 121
  122 122
  123 123
  124 124
  125 125
  126 126
  127 127
  128 128
  129 129
  130 130
  131 131
  132 132
  133 133
  134 134
  135 135
  136 136
  137 137
  138 138
  139 139
  140 140
  141 141
  142 142
  143 143
  144 144
  145 145
  146 146
  147 147
  148 148
  149 149
  150 150
  151 151
  152 152
  153 153
  154 154
  155 155
  156 156
  157 157
  158 158
  159 159
  160 160
  161 161
  162 162
  163 163
  164 164
COMMENT: TIMESTEP: 1
ORDERS_SECTION
  1 2 3 4
  2 5 6 7 8 9 10 11 12 13 14 15
  3 16 17 18 19 20 21 22 23 24 25 26 27 28 29
  4 30 31 32 33 34 35 36 37 38
  5 39 40 41 42 43 44 45
  6 46 47 48 49 50 51 52 53
  7 54 55 56 57 58 59 60 61 62 63 64 65
  8 66 67 68 69 70 71 72 73 74 75 76 77 78 79 80
  9 81 82 83 84 85
  10 86 87 88 89
  11 90 91 92 93 94 95 96 97 98
  12 99 100 101
  13 102 103 104 105 106 107 108 109
  14 110 111 112 113
  15 114 115 116 117 118 119 120 121 122 123 124 125 126 127 128
  16 129 130
  17 131 132 133 134 135 136 137
  18 138 139 140 141 142 143 144
  19 145 146 147 148 149 150 151 152 153 154 155 156 157 158
  20 159 160 161 162 163 164
TIME_AVAIL_SECTION
  1 1
  2 1
  3 1
  4 1
  5 1
  6 1
  7 1
  8 1
  9 1
  10 1
  11 1
  12 1
  13 1
  14 1
  15 1
  16 1
  17 1
  18 1
  19 1
  20 1
OBSTACLES
  1 165 166 167 168
EOF
